1(1) 15432960512.525 -> 6.482e-01 2.515e+05
2(1) 47973426201.918 -> 7.982e-01 1.889e+05
3(0) 28096515421.121 -> 4.937e-01 4.501e+05
4(1) 29056548535.027 -> 6.167e-01 2.070e+05
5(1) 46948011363.877 -> 5.532e-01 3.955e+05
6(1) 31852755286.575 -> 7.608e-01 3.054e+05
7(1) 28292761289.374 -> 5.964e-01 2.732e+05
8(1) 30947600909.739 -> 5.950e-01 3.005e+05
9(1) 2526197133.180 -> 6.997e-01 2.680e+05
10(1) 29221279738.531 -> 6.268e-01 2.686e+05
11(1) 2493059770.539 -> 7.024e-01 2.490e+05
12(1) 23982585961.669 -> 7.905e-01 1.862e+05
13(1) 19226351868.658 -> 6.594e-01 2.768e+05
14(1) 37947799605.360 -> 7.540e-01 2.318e+05
15(1) 27811065282.764 -> 6.123e-01 3.002e+05
16(1) 12456802801.898 -> 6.549e-01 2.469e+05
17(1) 49037699587.500 -> 4.571e-01 7.191e+05
18(1) 11831472042.077 -> 5.440e-01 3.302e+05
19(1) 9837480161.200 -> 7.200e-01 2.599e+05
20(1) 22831540707.046 -> 6.922e-01 2.707e+05
21(1) 17147811358.997 -> 6.399e-01 2.062e+05
22(1) 1281727112.274 -> 6.739e-01 2.416e+05
23(1) 35061111540.742 -> 6.963e-01 1.828e+05
24(1) 30956279933.654 -> 6.011e-01 2.611e+05
25(1) 8476979245.349 -> 9.205e-01 2.032e+05
26(1) 27851988740.377 -> 6.806e-01 2.416e+05
27(1) 14563859081.023 -> 6.726e-01 2.522e+05
28(1) 41169504055.907 -> 4.893e-01 3.411e+05
29(1) 79407346523.353 -> 6.402e-01 2.783e+05
30(1) 36578028441.260 -> 6.692e-01 1.870e+05
31(1) 14328054974.484 -> 6.476e-01 2.596e+05
32(1) 23383791375.489 -> 4.756e-01 6.202e+05
33(1) 22605241993.783 -> 7.198e-01 2.576e+05
34(1) 17028887456.742 -> 6.127e-01 2.865e+05
35(1) 22836823931.548 -> 5.637e-01 2.817e+05
36(1) 35050690095.597 -> 7.389e-01 2.133e+05
37(1) 15748652980.356 -> 6.573e-01 2.694e+05
38(1) 1597507682.782 -> 6.368e-01 2.463e+05
39(1) 4764128593.229 -> 6.137e-01 2.761e+05
40(1) 16454431681.910 -> 6.512e-01 2.394e+05
41(1) 10521423845.050 -> 7.739e-01 2.458e+05
42(1) 53936254801.627 -> 5.709e-01 2.638e+05
43(1) 11106902674.368 -> 8.472e-01 2.054e+05
44(1) 51089601625.222 -> 4.616e-01 6.661e+05
45(1) 3010704796.827 -> 6.155e-01 2.944e+05
46(1) 22607218509.199 -> 4.869e-01 5.586e+05
47(1) 39457035582.805 -> 6.321e-01 2.642e+05
48(1) 32458994137.393 -> 7.064e-01 2.899e+05
49(1) 18030183103.581 -> 6.140e-01 2.839e+05
50(1) 7491941626.542 -> 6.920e-01 2.942e+05
51(1) 13511018712.460 -> 5.609e-01 3.963e+05
52(1) 18173199445.693 -> 6.425e-01 2.169e+05
53(1) 1943756755.367 -> 6.478e-01 2.448e+05
54(1) 52155370546.202 -> 7.121e-01 2.503e+05
55(1) 16455548424.453 -> 6.259e-01 2.719e+05
56(1) 38500560779.709 -> 5.676e-01 2.938e+05
57(1) 38225817052.997 -> 6.642e-01 2.934e+05
58(1) 1174862640.578 -> 6.496e-01 2.578e+05
59(1) 34623693923.645 -> 5.793e-01 3.288e+05
60(1) 25968490467.185 -> 1.368e+00 1.931e+05
61(1) 13160481577.664 -> 8.540e-01 1.822e+05
62(1) 22590159682.156 -> 9.013e-01 1.951e+05
63(1) 14610223707.982 -> 6.560e-01 2.478e+05
64(1) 20394498736.798 -> 7.048e-01 2.825e+05
65(1) 16334860108.698 -> 6.503e-01 2.590e+05
66(1) 16857863858.881 -> 6.185e-01 2.788e+05
67(1) 377414008.921 -> 6.690e-01 2.331e+05
68(1) 5239730987.633 -> 6.739e-01 2.478e+05
69(1) 20004850093.973 -> 6.784e-01 1.765e+05
70(1) 18585745742.409 -> 7.338e-01 2.747e+05
71(1) 25916643414.404 -> 8.771e-01 2.239e+05
72(1) 48313360799.957 -> 5.464e-01 3.768e+05
73(1) 24834929099.135 -> 1.006e+00 1.757e+05
74(1) 15642280662.159 -> 7.535e-01 1.962e+05
75(1) 16590403908.621 -> 7.131e-01 2.763e+05
76(1) 3780252515.556 -> 6.152e-01 2.943e+05
77(1) 41024221501.501 -> 6.533e-01 3.195e+05
78(1) 448385514.839 -> 6.371e-01 2.539e+05
79(1) 12559316062.877 -> 5.760e-01 2.782e+05
80(1) 17266652710.016 -> 7.490e-01 2.557e+05
81(1) 43834832193.370 -> 7.785e-01 1.832e+05
82(1) 5852475089.967 -> 8.927e-01 2.837e+05
83(1) 61792428449.523 -> 6.780e-01 1.952e+05
84(1) 29920448593.157 -> 8.741e-01 1.821e+05
85(1) 19968543109.163 -> 5.718e-01 3.563e+05
86(1) 27591218723.060 -> 7.482e-01 2.100e+05
87(1) 32514203700.340 -> 7.539e-01 2.717e+05
88(1) 1267821374.522 -> 6.726e-01 2.417e+05
89(1) 32928549061.762 -> 5.732e-01 3.658e+05
90(1) 30694982828.834 -> 6.061e-01 2.768e+05
91(1) 41446477776.406 -> 6.282e-01 3.306e+05
92(1) 5381162829.171 -> 7.707e-01 1.687e+05
93(1) 13761834548.706 -> 1.036e+00 1.920e+05
94(1) 33051029728.756 -> 7.394e-01 2.036e+05
95(1) 14590318717.658 -> 6.582e-01 2.399e+05
96(1) 16569555927.002 -> 4.755e-01 6.384e+05
97(1) 21900360914.742 -> 7.111e-01 2.762e+05
98(1) 18509243906.391 -> 7.088e-01 2.710e+05
99(1) 28612461093.437 -> 7.443e-01 1.914e+05
100(1) 47389896429.398 -> 6.554e-01 2.405e+05
101(1) 12881219386.653 -> 6.642e-01 2.754e+05
102(1) 16748205025.858 -> 6.737e-01 2.388e+05
103(1) 25179598691.629 -> 5.218e-01 3.002e+05
104(1) 44710516543.655 -> 7.727e-01 1.662e+05
105(1) 19971509169.796 -> 7.985e-01 2.335e+05
106(1) 17685586403.128 -> 6.117e-01 3.481e+05
107(1) 36436555676.130 -> 6.700e-01 2.797e+05
108(1) 2969399150.707 -> 8.321e-01 2.347e+05
109(1) 13159809231.108 -> 5.197e-01 2.972e+05
110(1) 24764565231.101 -> 5.545e-01 3.524e+05
111(1) 2132451199.314 -> 7.022e-01 2.395e+05
112(1) 10318007798.862 -> 7.835e-01 2.410e+05
113(1) 1589373804.383 -> 5.780e-01 3.798e+05
114(1) 18857050463.639 -> 8.170e-01 2.363e+05
115(1) 12059852932.607 -> 7.991e-01 2.755e+05
116(1) 6265486372.314 -> 7.821e-01 2.484e+05
117(1) 2056803091.870 -> 7.127e-01 2.332e+05
118(1) 658692475.151 -> 6.261e-01 2.840e+05
119(1) 14388143618.598 -> 6.751e-01 2.551e+05
120(1) 22866171412.816 -> 6.744e-01 2.973e+05
121(1) 9534501149.479 -> 6.810e-01 2.815e+05
122(1) 42837014609.489 -> 6.431e-01 2.196e+05
123(1) 33039063841.103 -> 5.860e-01 3.744e+05
124(1) 43078978655.927 -> 5.248e-01 3.024e+05
125(1) 36483530011.117 -> 6.968e-01 2.481e+05
126(1) 23284442599.342 -> 7.675e-01 2.417e+05
127(1) 17633386720.404 -> 5.708e-01 3.634e+05
128(1) 11573718239.841 -> 4.810e-01 3.691e+05
129(1) 27850666503.629 -> 6.844e-01 2.372e+05
130(1) 8923230273.431 -> 8.627e-01 1.727e+05
131(1) 19809826883.731 -> 7.836e-01 1.808e+05
132(1) 8093625598.756 -> 8.009e-01 2.318e+05
133(1) 9559556049.714 -> 7.164e-01 2.621e+05
134(1) 12018990866.721 -> 9.740e-01 2.495e+05
135(1) 33541823644.841 -> 5.290e-01 3.284e+05
136(1) 18940044919.900 -> 6.851e-01 2.939e+05
137(1) 17781759113.644 -> 6.824e-01 2.625e+05
138(1) 7337595110.221 -> 6.016e-01 3.289e+05
139(1) 37249900577.626 -> 5.459e-01 3.430e+05
140(1) 34225989780.751 -> 6.489e-01 3.039e+05
141(1) 18091738400.549 -> 6.239e-01 2.611e+05
142(1) 13614629639.515 -> 6.150e-01 2.837e+05
143(1) 14105305652.669 -> 6.800e-01 2.267e+05
144(1) 24320757013.330 -> 6.748e-01 2.834e+05
145(1) 27254017900.971 -> 6.837e-01 2.364e+05
146(1) 31722204125.204 -> 6.629e-01 2.773e+05
147(1) 37259122547.170 -> 4.522e-01 7.979e+05
148(1) 21062222764.430 -> 7.161e-01 2.780e+05
149(1) 3050014326.156 -> 6.742e-01 2.696e+05
150(1) 38418661827.042 -> 5.380e-01 3.463e+05
151(1) 18796346159.862 -> 1.001e+00 2.174e+05
152(1) 21378804064.510 -> 8.670e-01 1.716e+05
153(1) 4048609277.832 -> 7.535e-01 2.407e+05
154(1) 25243668512.187 -> 6.715e-01 2.700e+05
155(1) 18142659109.622 -> 8.521e-01 1.750e+05
156(1) 24903171349.359 -> 6.188e-01 3.515e+05
157(1) 28150443984.929 -> 6.783e-01 2.410e+05
158(1) 24230262983.024 -> 4.801e-01 3.742e+05
159(1) 21248926725.665 -> 5.506e-01 2.649e+05
160(1) 32120216972.223 -> 8.035e-01 2.285e+05
161(1) 18381968081.286 -> 7.160e-01 2.682e+05
162(1) 17083063323.096 -> 6.994e-01 3.280e+05
163(1) 16687664147.101 -> 5.875e-01 2.523e+05
164(1) 37636342359.910 -> 7.077e-01 2.566e+05
165(1) 10317959657.080 -> 7.403e-01 2.452e+05
166(1) 29021349230.016 -> 5.639e-01 3.204e+05
167(1) 2006253707.384 -> 8.383e-01 2.347e+05
168(1) 15804979700.720 -> 5.959e-01 3.541e+05
169(1) 4613301941.394 -> 8.012e-01 1.286e+05
170(1) 15101379716.600 -> 6.889e-01 2.551e+05
171(1) 24996675856.968 -> 7.723e-01 2.717e+05
172(1) 33440791400.926 -> 5.822e-01 3.582e+05
173(1) 27057506981.692 -> 5.223e-01 3.267e+05
174(1) 33818920658.017 -> 7.191e-01 2.364e+05
175(1) 4543839290.386 -> 6.141e-01 2.550e+05
176(1) 27486069213.483 -> 6.919e-01 2.439e+05
177(1) 25470491079.731 -> 6.463e-01 3.111e+05
178(1) 12234477189.960 -> 5.758e-01 2.793e+05
179(1) 4942142553.727 -> 6.841e-01 2.635e+05
180(1) 11622103809.291 -> 1.009e+00 1.936e+05
181(1) 3155664699.908 -> 6.918e-01 2.357e+05
182(1) 17147005403.789 -> 6.921e-01 2.423e+05
183(1) 10384699053.360 -> 6.660e-01 2.989e+05
184(1) 16654368079.819 -> 6.643e-01 2.883e+05
185(1) 21184592361.474 -> 1.026e+00 1.289e+05
186(1) 12507430693.671 -> 6.530e-01 2.846e+05
187(1) 21635203545.173 -> 6.968e-01 2.764e+05
188(1) 43744027573.668 -> 6.899e-01 1.437e+05
189(1) 10735332588.704 -> 6.847e-01 1.868e+05
190(1) 33591432992.041 -> 6.540e-01 3.297e+05
191(1) 18924386739.026 -> 7.565e-01 2.624e+05
192(1) 18899634381.415 -> 7.960e-01 2.465e+05
193(1) 6134932944.924 -> 6.785e-01 2.987e+05
194(1) 22747717644.209 -> 8.085e-01 2.610e+05
195(1) 21011187608.586 -> 6.006e-01 1.816e+05
196(1) 16005879550.261 -> 6.285e-01 2.224e+05
197(1) 10906468902.182 -> 8.798e-01 1.866e+05
198(1) 15663871036.182 -> 6.517e-01 3.369e+05
199(1) 35653716130.070 -> 7.309e-01 2.444e+05
200(1) 570109474.171 -> 6.588e-01 2.496e+05
201(1) 4765988533.324 -> 6.418e-01 3.252e+05
202(1) 30743330121.276 -> 5.553e-01 3.865e+05
203(1) 455544367.353 -> 6.742e-01 2.455e+05
204(1) 27261748616.436 -> 5.560e-01 3.894e+05
205(1) 32934890998.427 -> 6.943e-01 2.270e+05
206(1) 37988648319.253 -> 5.537e-01 3.072e+05
207(1) 5155000433.107 -> 7.804e-01 1.273e+05
208(1) 3237138028.352 -> 6.527e-01 2.578e+05
209(1) 4212872669.072 -> 6.811e-01 2.642e+05
210(1) 20308185195.578 -> 9.097e-01 2.052e+05
211(1) 41244663647.861 -> 6.288e-01 2.740e+05
212(1) 18024875587.901 -> 5.754e-01 3.145e+05
213(1) 21695019148.856 -> 6.525e-01 2.959e+05
214(1) 11863186983.920 -> 6.517e-01 2.340e+05
215(1) 23858311207.149 -> 6.706e-01 2.351e+05
216(1) 21536511644.942 -> 5.670e-01 3.014e+05
217(1) 51632965018.383 -> 5.748e-01 2.946e+05
218(1) 22615377521.857 -> 9.318e-01 1.799e+05
219(1) 19465989277.736 -> 7.118e-01 2.612e+05
220(1) 34086188722.010 -> 4.923e-01 5.191e+05
221(1) 1378738417.123 -> 6.587e-01 2.457e+05
222(1) 62564325671.694 -> 6.421e-01 2.011e+05
223(1) 21071834828.885 -> 6.355e-01 2.543e+05
224(1) 22915029813.064 -> 6.837e-01 2.613e+05
225(1) 3617776323.943 -> 6.861e-01 2.586e+05
226(1) 26360430872.320 -> 7.087e-01 3.540e+05
227(1) 8662699547.544 -> 7.801e-01 2.507e+05
228(1) 6518727182.693 -> 7.025e-01 1.722e+05
229(1) 23147076555.585 -> 8.938e-01 2.172e+05
230(1) 4884638334.336 -> 6.584e-01 2.311e+05
231(1) 41668532040.592 -> 6.119e-01 2.504e+05
232(1) 6528381285.169 -> 7.099e-01 2.404e+05
233(1) 23564750974.239 -> 5.271e-01 2.949e+05
234(1) 2126831145.363 -> 6.891e-01 2.388e+05
235(1) 13917134755.125 -> 5.479e-01 2.575e+05
236(1) 12382284602.323 -> 5.343e-01 2.858e+05
237(1) 25614008764.986 -> 5.542e-01 3.978e+05
238(1) 38041966113.451 -> 1.059e+00 1.060e+05
239(1) 12833363884.103 -> 4.815e-01 3.712e+05
240(1) 34191044817.987 -> 7.621e-01 2.060e+05
241(1) 34141456793.278 -> 6.876e-01 2.935e+05
242(0) 22214256072.615 -> 9.237e-01 2.155e+05
243(1) 42570106160.039 -> 6.932e-01 2.634e+05
244(1) 38178549121.951 -> 5.181e-01 1.821e+05
245(1) 7490682410.064 -> 7.855e-01 2.448e+05
246(1) 5536869594.556 -> 8.486e-01 2.304e+05
247(1) 11528331796.374 -> 7.671e-01 2.310e+05
248(1) 29436377849.303 -> 6.703e-01 2.508e+05
249(1) 58657874718.789 -> 5.578e-01 4.055e+05
250(1) 17036901981.382 -> 7.302e-01 2.852e+05
251(1) 22866096126.054 -> 7.723e-01 2.094e+05
252(1) 17963881802.915 -> 7.355e-01 2.589e+05
253(1) 1054647328.262 -> 7.122e-01 2.365e+05
254(1) 6981871271.616 -> 7.014e-01 2.853e+05
255(1) 13027224975.970 -> 6.610e-01 2.325e+05
256(1) 17251735430.666 -> 7.061e-01 2.473e+05
257(1) 10244122608.363 -> 6.885e-01 2.894e+05
258(1) 52137764321.010 -> 6.019e-01 2.090e+05
259(1) 21110186628.429 -> 7.201e-01 3.015e+05
260(1) 21772140026.688 -> 1.010e+00 1.647e+05
261(1) 3887424331.931 -> 6.976e-01 2.492e+05
262(1) 27153669868.238 -> 5.546e-01 3.862e+05
263(1) 16468866187.720 -> 7.011e-01 2.373e+05
264(1) 35853627456.244 -> 6.187e-01 3.149e+05
265(1) 6774626405.642 -> 7.031e-01 2.622e+05
266(1) 1230246414.515 -> 7.460e-01 2.319e+05
267(1) 18935726086.400 -> 6.668e-01 2.639e+05
268(1) 47417739154.578 -> 5.174e-01 4.505e+05
269(1) 19321903307.513 -> 4.698e-01 4.000e+05
270(1) 14081565040.828 -> 8.459e-01 1.817e+05
271(1) 2352224701.412 -> 6.790e-01 2.664e+05
272(1) 32408963962.012 -> 5.535e-01 3.347e+05
273(1) 40759693220.554 -> 5.486e-01 3.250e+05
274(1) 25005360606.433 -> 5.425e-01 3.093e+05
275(1) 30964022154.186 -> 6.879e-01 2.529e+05
276(1) 20346158836.177 -> 5.153e-01 3.270e+05
277(1) 22675701238.424 -> 4.726e-01 3.839e+05
278(1) 9061705058.382 -> 4.976e-01 5.240e+05
279(1) 18151389390.795 -> 5.114e-01 1.876e+05
280(1) 13793950031.128 -> 7.249e-01 2.536e+05
281(1) 27042744977.638 -> 6.081e-01 2.614e+05
282(1) 23629649143.183 -> 6.840e-01 2.397e+05
283(1) 48675537487.740 -> 7.045e-01 2.516e+05
284(1) 30532294149.417 -> 5.925e-01 3.021e+05
285(1) 29961465056.564 -> 5.558e-01 2.897e+05
286(1) 47082213257.060 -> 5.499e-01 3.260e+05
287(1) 13850333628.102 -> 8.126e-01 2.279e+05
288(1) 22042809724.143 -> 5.655e-01 3.157e+05
289(1) 13453517645.247 -> 6.812e-01 1.974e+05
290(1) 16939813419.230 -> 5.887e-01 3.031e+05
291(1) 11569868155.179 -> 5.251e-01 2.692e+05
292(1) 17548946190.157 -> 6.852e-01 2.360e+05
293(1) 17742184648.489 -> 7.878e-01 2.317e+05
294(1) 13827018500.596 -> 1.046e+00 2.061e+05
295(1) 29667088010.157 -> 6.243e-01 2.544e+05
296(1) 43714460856.637 -> 6.352e-01 2.923e+05
297(1) 21767813870.573 -> 5.608e-01 3.142e+05
298(1) 33844195240.122 -> 6.045e-01 3.113e+05
299(1) 7176094227.685 -> 6.165e-01 3.342e+05
300(1) 14494376298.940 -> 7.220e-01 1.963e+05
301(1) 29432444452.717 -> 9.535e-01 1.946e+05
302(1) 29224567855.542 -> 7.115e-01 2.958e+05
303(1) 30828857712.325 -> 7.183e-01 2.705e+05
304(1) 21285095322.385 -> 6.418e-01 2.754e+05
305(1) 15091558504.751 -> 5.778e-01 2.836e+05
306(1) 24008196364.545 -> 5.419e-01 3.043e+05
307(1) 9376037216.257 -> 5.930e-01 3.360e+05
308(1) 18507118460.203 -> 5.625e-01 3.727e+05
309(0) 33160100742.799 -> 1.121e+00 1.824e+05
310(1) 14681732494.919 -> 8.068e-01 2.443e+05
311(1) 30749004638.839 -> 6.697e-01 2.028e+05
312(1) 10592122089.387 -> 8.219e-01 1.705e+05
313(1) 30415257604.789 -> 8.238e-01 1.947e+05
314(1) 18484006357.996 -> 5.797e-01 3.578e+05
315(1) 51694150000.089 -> 5.839e-01 2.752e+05
316(1) 36543175808.253 -> 6.830e-01 3.336e+05
317(1) 39722876909.330 -> 7.180e-01 1.836e+05
318(1) 26330168184.424 -> 6.532e-01 2.799e+05
319(1) 27693839721.670 -> 5.773e-01 3.248e+05
320(1) 4154833062.911 -> 6.212e-01 3.341e+05
321(1) 11068110338.936 -> 5.449e-01 2.731e+05
322(1) 35881827526.446 -> 6.456e-01 2.669e+05
323(1) 23504615707.868 -> 5.163e-01 3.017e+05
324(1) 2945667331.413 -> 6.484e-01 2.933e+05
325(1) 11951782922.548 -> 1.137e+00 1.623e+05
326(1) 17782988207.726 -> 6.736e-01 3.026e+05
327(1) 28755701673.015 -> 5.744e-01 2.943e+05
328(1) 9894069181.367 -> 7.183e-01 2.750e+05
329(1) 28521544791.536 -> 7.114e-01 2.979e+05
330(1) 40528933793.985 -> 7.145e-01 2.002e+05
331(1) 38104322123.241 -> 6.838e-01 2.819e+05
332(1) 15345781318.031 -> 7.261e-01 1.959e+05
333(1) 32172477555.997 -> 7.847e-01 2.643e+05
334(1) 20136619459.021 -> 9.617e-01 1.631e+05
335(1) 56629366142.839 -> 6.741e-01 2.032e+05
336(1) 14798485636.959 -> 5.079e+00 1.116e+05
337(0) 22320374530.033 -> 5.933e-01 3.037e+05
338(1) 13149578855.835 -> 7.236e-01 2.470e+05
339(1) 38413661094.005 -> 6.537e-01 2.675e+05
340(1) 9299659098.500 -> 5.493e-01 3.214e+05
341(1) 30726788562.941 -> 8.777e-01 1.877e+05
342(1) 29545217290.864 -> 5.812e-01 3.106e+05
343(1) 24934434133.013 -> 6.564e-01 1.854e+05
344(1) 3540028230.018 -> 6.574e-01 2.419e+05
345(1) 12981882507.070 -> 8.133e-01 2.476e+05
346(1) 30464070537.002 -> 7.343e-01 1.925e+05
347(1) 8093210225.487 -> 7.060e-01 1.798e+05
348(1) 16047418757.910 -> 6.478e-01 2.677e+05
349(1) 2687899633.425 -> 6.409e-01 2.469e+05
350(1) 5895640403.843 -> 1.286e+00 2.226e+05
351(1) 34089587960.904 -> 7.144e-01 2.992e+05
352(1) 37615431632.968 -> 6.985e-01 1.763e+05
353(1) 25922720477.095 -> 7.743e-01 2.133e+05
354(1) 13983653574.516 -> 6.459e-01 2.892e+05
355(1) 54629350309.720 -> 5.408e-01 1.960e+05
356(1) 14012022926.369 -> 6.729e-01 2.255e+05
357(1) 4314784603.372 -> 6.229e-01 2.836e+05
358(1) 39547687240.203 -> 6.197e-01 2.559e+05
359(1) 16425177343.599 -> 5.925e-01 3.452e+05
360(1) 992760308.256 -> 6.946e-01 2.755e+05
361(1) 7248029825.384 -> 4.078e-01 1.091e+06
362(1) 23978204324.220 -> 7.848e-01 1.700e+05
363(1) 18174457270.384 -> 6.563e-01 2.403e+05
364(1) 45861652090.611 -> 7.580e-01 2.646e+05
365(1) 36765116039.949 -> 5.597e-01 3.599e+05
366(1) 20508244949.319 -> 5.917e-01 3.694e+05
367(1) 17396939905.307 -> 7.047e-01 2.335e+05
368(1) 19966105799.109 -> 6.723e-01 2.225e+05
369(1) 14110960718.232 -> 8.319e-01 2.490e+05
370(1) 13710385307.488 -> 7.997e-01 2.239e+05
371(1) 6281641775.295 -> 8.573e-01 2.557e+05
372(1) 14623879550.243 -> 6.564e-01 2.329e+05
373(1) 5461961835.311 -> 5.827e-01 3.456e+05
374(1) 560969087.012 -> 6.690e-01 2.494e+05
375(1) 35308142606.476 -> 1.112e+00 1.758e+05
376(1) 31915963709.784 -> 8.255e-01 2.076e+05
377(1) 26467807154.077 -> 6.243e-01 2.987e+05
378(1) 20714490237.136 -> 7.671e-01 1.805e+05
379(1) 28653418843.560 -> 6.421e-01 1.994e+05
380(1) 18881999425.293 -> 5.894e-01 3.473e+05
381(1) 28461807014.050 -> 6.077e-01 3.859e+05
382(1) 15016742237.262 -> 7.212e-01 2.353e+05
383(1) 23941917225.303 -> 7.674e-01 1.798e+05
384(1) 53409176715.437 -> 6.365e-01 1.976e+05
385(1) 20377525895.318 -> 5.524e-01 3.688e+05
386(1) 10436545986.205 -> 7.140e-01 1.871e+05
387(1) 12573124483.238 -> 8.241e-01 2.448e+05
388(1) 17885322060.480 -> 5.679e-01 3.724e+05
389(1) 43213990937.410 -> 8.345e-01 2.478e+05
390(1) 6895866414.042 -> 5.510e-01 3.797e+05
391(1) 37244392620.113 -> 8.357e-01 2.102e+05
392(1) 31007923179.111 -> 5.236e-01 3.474e+05
393(1) 33532343463.000 -> 7.393e-01 2.453e+05
394(1) 466822329.326 -> 6.397e-01 2.503e+05
395(1) 51793405137.147 -> 6.110e-01 2.303e+05
396(1) 28490380492.292 -> 4.907e-01 3.538e+05
397(1) 15289608773.367 -> 6.916e-01 2.796e+05
398(1) 6328079961.936 -> 8.106e-01 2.611e+05
399(1) 40714084440.599 -> 7.512e-01 2.781e+05
400(1) 19168246704.302 -> 7.261e-01 2.627e+05
401(1) 33719667374.654 -> 7.624e-01 2.241e+05
402(1) 12956305527.212 -> 6.925e-01 2.434e+05
403(1) 23051722840.017 -> 7.668e-01 2.731e+05
404(1) 15333889854.591 -> 1.659e+00 1.531e+05
405(1) 22630039199.082 -> 6.834e-01 1.769e+05
406(1) 9522474558.210 -> 7.008e-01 2.733e+05
407(1) 5934905131.089 -> 8.241e-01 2.364e+05
408(1) 16297350884.315 -> 6.553e-01 2.608e+05
409(1) 12824881494.991 -> 7.213e-01 2.351e+05
410(1) 6474553397.732 -> 9.423e-01 2.299e+05
411(1) 44278014545.430 -> 6.538e-01 1.888e+05
412(1) 10968219802.520 -> 5.104e-01 3.756e+05
413(1) 23093826469.696 -> 6.339e-01 3.070e+05
414(1) 37755819356.124 -> 6.342e-01 3.036e+05
415(1) 15023339555.828 -> 1.007e+00 1.646e+05
416(1) 11745641884.409 -> 6.000e-01 3.272e+05
417(1) 1480733112.593 -> 7.338e-01 2.370e+05
418(1) 32680200365.962 -> 5.199e-01 1.823e+05
419(1) 36007747329.180 -> 6.548e-01 1.768e+05
420(1) 14051356295.671 -> 7.093e-01 2.525e+05
421(1) 3756072890.197 -> 6.943e-01 2.688e+05
422(1) 26969030102.706 -> 5.396e-01 3.276e+05
423(1) 9607935515.743 -> 3.907e-01 Inf
424(1) 16244366022.225 -> 5.314e-01 4.713e+05
425(1) 14347862802.584 -> 7.338e-01 1.872e+05
426(1) 29097457768.602 -> 6.716e-01 3.441e+05
427(1) 12420001149.433 -> 6.376e-01 2.613e+05
428(1) 29137089901.281 -> 6.319e-01 2.690e+05
429(1) 40875192469.912 -> 7.418e-01 3.063e+05
430(1) 8100361164.792 -> 7.497e-01 1.777e+05
431(1) 16337030766.783 -> 8.060e-01 2.266e+05
432(1) 17599109583.112 -> 9.782e-01 1.982e+05
433(1) 2556120597.123 -> 6.659e-01 2.338e+05
434(1) 12566223359.293 -> 6.593e-01 2.622e+05
435(1) 16986630639.056 -> 6.601e-01 2.653e+05
436(1) 2047142897.851 -> 6.155e-01 2.864e+05
437(1) 1678548081.429 -> 7.234e-01 2.269e+05
438(1) 15725810834.019 -> 6.423e-01 2.464e+05
439(1) 29375511596.162 -> 5.969e-01 2.674e+05
440(1) 45621585493.075 -> 7.639e-01 1.585e+05
441(1) 301947780.728 -> 6.397e-01 2.744e+05
442(1) 18694048887.957 -> 7.203e-01 3.344e+05
443(1) 46073945312.472 -> 6.080e-01 2.418e+05
444(1) 12025467645.151 -> 6.039e-01 1.525e+05
445(1) 21860472234.185 -> 6.698e-01 2.519e+05
446(1) 35142204595.157 -> 6.776e-01 2.902e+05
447(1) 15933533036.632 -> 5.921e-01 2.861e+05
448(1) 27327123641.995 -> 6.474e-01 2.595e+05
449(1) 17763887679.644 -> 6.252e-01 2.606e+05
450(1) 25179765940.589 -> 7.612e-01 2.366e+05
451(1) 17041111664.310 -> 6.144e-01 2.805e+05
452(1) 40308408130.987 -> 7.011e-01 2.753e+05
453(1) 15484227775.040 -> 6.186e-01 2.662e+05
454(1) 17302518015.214 -> 6.873e-01 2.380e+05
455(1) 17037185888.038 -> 4.995e-01 2.728e+05
456(1) 4144110180.818 -> 8.264e-01 2.069e+05
457(1) 16492434010.206 -> 5.767e-01 3.629e+05
458(1) 18312559489.551 -> 7.258e-01 2.666e+05
459(1) 15692516166.797 -> 6.199e-01 2.801e+05
460(1) 42244290051.465 -> 6.343e-01 2.947e+05
461(1) 2511317353.972 -> 6.859e-01 2.385e+05
462(1) 5003715695.761 -> 6.384e-01 2.420e+05
463(1) 6627631726.465 -> 7.123e-01 2.708e+05
464(1) 13071110754.814 -> 6.575e-01 2.748e+05
465(1) 15512718537.112 -> 6.024e-01 2.975e+05
466(1) 11224760616.376 -> 6.740e-01 1.910e+05
467(1) 406557932.638 -> 6.701e-01 2.577e+05
468(1) 43848472416.957 -> 6.197e-01 2.804e+05
469(1) 17205409331.854 -> 8.153e-01 2.387e+05
470(1) 47674012440.587 -> 6.163e-01 2.699e+05
471(1) 27814256717.234 -> 7.024e-01 1.856e+05
472(0) 22017613987.381 -> 5.971e-01 3.188e+05
473(1) 14181007288.987 -> 6.563e-01 2.810e+05
474(1) 69793724013.395 -> 5.258e-01 2.386e+05
475(1) 35677955644.462 -> 6.246e-01 3.076e+05
476(1) 18814744028.157 -> 6.867e-01 2.519e+05
477(1) 30699503101.156 -> 6.607e-01 1.471e+05
478(1) 42743745007.897 -> 6.539e-01 1.539e+05
479(1) 9552390115.448 -> 5.453e-01 4.258e+05
480(1) 30198913215.445 -> 6.652e-01 2.629e+05
481(1) 22603016183.464 -> 4.869e-01 5.632e+05
482(1) 23885058145.992 -> 7.636e-01 2.312e+05
483(1) 38049146960.095 -> 6.827e-01 1.866e+05
484(1) 22998221203.798 -> 7.519e-01 2.118e+05
485(1) 1166427469.536 -> 6.758e-01 2.450e+05
486(1) 51637971903.467 -> 5.253e-01 3.360e+05
487(1) 14704235676.947 -> 6.088e-01 2.627e+05
488(1) 14092955990.980 -> 4.805e-01 5.852e+05
489(1) 9218846852.785 -> 7.773e-01 2.501e+05
490(1) 22680009987.102 -> 6.028e-01 3.272e+05
491(1) 26241186729.370 -> 5.753e-01 2.860e+05
492(1) 23592094048.838 -> 6.203e-01 1.413e+05
493(1) 30792596962.557 -> 8.474e-01 2.554e+05
494(1) 23394217817.105 -> 7.600e-01 2.150e+05
495(1) 41827748092.626 -> 8.433e-01 2.055e+05
496(1) 48947549096.393 -> 7.105e-01 2.339e+05
497(1) 50035951759.540 -> 8.037e-01 1.898e+05
498(1) 30899987189.734 -> 6.242e-01 2.724e+05
499(1) 13353165035.951 -> 7.170e-01 2.972e+05
500(1) 11631153911.621 -> 7.122e-01 2.543e+05
501(1) 26058931382.943 -> 6.701e-01 1.903e+05
502(1) 11618059815.149 -> 6.563e-01 2.472e+05
503(1) 43272857783.283 -> 5.579e-01 3.290e+05
504(1) 23405781406.173 -> 6.653e-01 2.548e+05
505(1) 24933834169.731 -> 6.930e-01 2.788e+05
506(1) 10561103829.453 -> 5.277e-01 2.922e+05
507(1) 49010820380.040 -> 4.102e-01 1.022e+06
508(1) 8160454538.189 -> 7.907e-01 2.251e+05
509(1) 12813235477.030 -> 6.511e-01 2.703e+05
510(1) 12670950008.254 -> 6.516e-01 2.477e+05
511(1) 37234199462.153 -> 6.590e-01 2.902e+05
512(1) 25764854488.627 -> 7.107e-01 1.835e+05
513(1) 660560368.902 -> 7.387e-01 2.454e+05
514(1) 27540785953.531 -> 5.975e-01 3.043e+05
515(1) 22266721760.353 -> 6.932e-01 3.059e+05
516(1) 912927961.684 -> 7.859e-01 2.176e+05
517(1) 15530453734.980 -> 8.059e-01 2.337e+05
518(1) 16954427564.769 -> 5.680e-01 3.757e+05
519(1) 24280761784.244 -> 8.333e-01 2.078e+05
520(1) 333093947.887 -> 6.418e-01 2.384e+05
521(1) 20344050975.126 -> 6.517e-01 2.425e+05
522(1) 20277005826.789 -> 4.354e-01 4.901e+05
523(1) 4896298730.789 -> 6.803e-01 2.654e+05
524(1) 26281112414.917 -> 8.647e-01 1.928e+05
525(1) 307837435.272 -> 6.457e-01 2.500e+05
526(1) 46260559638.040 -> 7.544e-01 2.436e+05
527(1) 39520288192.302 -> 7.091e-01 1.900e+05
528(1) 27808570723.280 -> 6.145e-01 2.813e+05
529(1) 20198817038.166 -> 7.777e-01 2.510e+05
530(1) 14766390283.623 -> 5.390e-01 4.338e+05
531(1) 28813529270.485 -> 6.992e-01 2.327e+05
532(1) 27614029746.797 -> 6.629e-01 2.615e+05
533(1) 13104260360.787 -> 5.761e-01 2.791e+05
534(1) 40194383040.577 -> 6.535e-01 3.103e+05
535(1) 11413948959.204 -> 7.332e-01 2.259e+05
536(1) 43462937934.926 -> 6.296e-01 2.884e+05
537(1) 17218355640.989 -> 8.036e-01 2.760e+05
538(1) 12634783490.309 -> 4.135e-01 1.199e+06
539(1) 12048457639.448 -> 6.886e-01 1.861e+05
540(1) 52323750058.003 -> 4.639e-01 7.546e+05
541(1) 46053808887.927 -> 5.991e-01 2.252e+05
542(1) 31325648612.921 -> 6.471e-01 2.065e+05
543(1) 23226017475.912 -> 7.670e-01 2.084e+05
544(1) 10478718833.129 -> 8.059e-01 1.804e+05
545(1) 35655923977.097 -> 4.742e-01 5.529e+05
546(1) 5591656096.584 -> 7.696e-01 2.647e+05
547(1) 45048697481.838 -> 6.154e-01 2.832e+05
548(1) 26145402665.647 -> 5.201e-01 3.535e+05
549(1) 16820471080.582 -> 7.360e-01 2.321e+05
550(1) 7067536865.965 -> 5.642e-01 3.645e+05
551(1) 29289395676.434 -> 6.129e-01 3.010e+05
552(1) 42269109885.690 -> 6.072e-01 2.881e+05
553(1) 38037672860.347 -> 8.527e-01 2.187e+05
554(1) 47567008716.577 -> 8.531e-01 2.334e+05
555(1) 15680005152.437 -> 6.541e-01 2.493e+05
556(1) 9320844851.731 -> 7.130e-01 2.611e+05
557(1) 1857053181.290 -> 6.851e-01 2.331e+05
558(1) 10644389529.907 -> 5.963e-01 3.429e+05
559(1) 29015410081.580 -> 6.684e-01 2.481e+05
560(1) 8057867963.238 -> 5.997e-01 3.343e+05
561(1) 32123192270.694 -> 6.367e-01 2.080e+05
562(1) 44145992411.427 -> 1.005e+00 2.148e+05
563(1) 31082695170.143 -> 6.806e-01 1.998e+05
564(1) 28561882541.109 -> 6.939e-01 2.694e+05
565(1) 18256287008.320 -> 6.336e-01 2.451e+05
566(1) 31460885946.021 -> 6.435e-01 2.290e+05
567(1) 42010456447.512 -> 7.053e-01 2.564e+05
568(1) 51417464521.953 -> 7.176e-01 1.912e+05
569(1) 18112021046.278 -> 6.543e-01 3.320e+05
570(1) 22999367630.484 -> 6.305e-01 1.919e+05
571(1) 15018319315.003 -> 6.583e-01 2.870e+05
572(1) 5319033499.826 -> 8.574e-01 2.269e+05
573(1) 33174134593.008 -> 6.714e-01 3.213e+05
574(1) 19120901321.205 -> 8.334e-01 2.413e+05
575(1) 16548092769.465 -> 8.289e-01 2.172e+05
576(1) 41375575067.856 -> 7.391e-01 2.220e+05
577(1) 26340799633.081 -> 5.815e-01 3.213e+05
578(1) 4350941728.990 -> 7.612e-01 2.156e+05
579(1) 2274738513.477 -> 6.430e-01 2.690e+05
580(0) 28971067425.018 -> 8.321e-01 1.902e+05
581(1) 37302297924.808 -> 7.267e-01 1.857e+05
582(1) 6507702701.690 -> 5.011e-01 3.966e+05
583(1) 24346712238.368 -> 6.186e-01 3.950e+05
584(1) 12584912745.257 -> 1.455e+00 1.798e+05
585(1) 18810829626.534 -> 6.271e-01 2.518e+05
586(1) 28459755327.581 -> 8.345e-01 2.528e+05
587(1) 30520724190.896 -> 8.240e-01 2.366e+05
588(1) 20521256755.447 -> 7.043e-01 2.659e+05
589(1) 11346103900.513 -> 8.611e-01 2.091e+05
590(1) 6071784870.036 -> 8.062e-01 2.276e+05
591(1) 23652986224.034 -> 7.455e-01 2.762e+05
592(1) 29763727253.841 -> 6.925e-01 2.347e+05
593(1) 47704449201.411 -> 6.381e-01 2.605e+05
594(1) 23520980729.836 -> 7.640e-01 2.525e+05
595(1) 16774158104.045 -> 6.627e-01 2.440e+05
596(1) 27073744428.263 -> 6.134e-01 2.988e+05
597(1) 26015060008.159 -> 5.765e-01 2.745e+05
598(1) 15803373925.413 -> 6.684e-01 2.495e+05
599(1) 39803376254.119 -> 5.598e-01 2.917e+05
600(1) 36563772557.946 -> 5.199e-01 4.655e+05
601(1) 31035877420.505 -> 6.228e-01 2.296e+05
602(1) 9235942368.955 -> 4.825e-01 5.867e+05
603(1) 18665013069.178 -> 5.830e-01 2.922e+05
604(1) 38458769971.571 -> 8.107e-01 1.996e+05
605(1) 16621099664.599 -> 6.174e-01 3.264e+05
606(1) 21610386463.908 -> 5.211e-01 2.494e+05
607(1) 22118115619.554 -> 9.070e-01 1.902e+05
608(1) 10541825207.887 -> 7.354e-01 2.967e+05
609(1) 12319315100.670 -> 7.003e-01 2.679e+05
610(1) 27565976850.383 -> 7.573e-01 2.038e+05
611(1) 12616450552.652 -> 1.464e+00 1.834e+05
612(1) 21932898205.470 -> 7.313e-01 2.631e+05
613(1) 2545715135.656 -> 6.757e-01 2.544e+05
614(1) 234231447.951 -> 6.361e-01 2.536e+05
615(1) 32027199493.071 -> 4.428e-01 1.033e+06
616(1) 15994820773.293 -> 6.164e-01 2.559e+05
617(1) 9515365161.737 -> 8.748e-01 2.255e+05
618(1) 8460241299.339 -> 9.411e-01 1.988e+05
619(1) 34274792570.839 -> 5.894e-01 2.561e+05
620(1) 26365549610.417 -> 6.958e-01 1.873e+05
621(1) 31226787726.095 -> 1.314e+00 1.786e+05
622(1) 14885294671.971 -> 5.622e-01 2.638e+05
623(1) 9930531931.784 -> 5.476e-01 3.571e+05
624(1) 45434319564.356 -> 6.429e-01 1.655e+05
625(1) 16640988990.256 -> 6.994e-01 1.971e+05
626(1) 20280855321.908 -> 6.182e-01 3.070e+05
627(1) 14561691844.087 -> 8.002e-01 2.676e+05
628(1) 7764936099.137 -> 9.372e-01 2.131e+05
629(1) 4020212091.040 -> 8.020e-01 3.054e+05
630(1) 27609029850.990 -> 8.361e-01 1.859e+05
631(1) 33310426907.482 -> 6.441e-01 2.511e+05
632(1) 31775132299.809 -> 6.221e-01 2.395e+05
633(1) 80190440964.566 -> 7.454e-01 2.130e+05
634(1) 15373788277.550 -> 5.470e-01 2.976e+05
635(1) 12724863895.342 -> 7.531e-01 1.808e+05
636(1) 1449658079.626 -> 6.321e-01 3.436e+05
637(1) 12243433477.764 -> 6.748e-01 2.336e+05
638(1) 54590125486.998 -> 6.608e-01 2.335e+05
639(1) 38680620070.016 -> 5.451e-01 3.370e+05
640(1) 10595992426.486 -> 7.713e-01 2.802e+05
641(1) 44018267998.152 -> 5.011e-01 2.693e+05
642(1) 11834004793.831 -> 7.717e-01 2.252e+05
643(1) 12636848762.684 -> 9.192e-01 1.352e+05
644(1) 27848505428.383 -> 7.415e-01 2.798e+05
645(1) 37407747704.188 -> 9.081e-01 1.831e+05
646(1) 3696364983.815 -> 8.183e-01 2.197e+05
647(1) 6352413363.157 -> 6.763e-01 3.672e+05
648(1) 40419036102.741 -> 6.769e-01 1.839e+05
649(1) 11303195986.801 -> 7.198e-01 2.390e+05
650(1) 6821757415.100 -> 6.110e-01 3.331e+05
651(1) 11890426925.653 -> 6.420e-01 2.511e+05
652(1) 26022797347.214 -> 6.659e-01 2.654e+05
653(1) 27615168893.381 -> 5.523e-01 3.778e+05
654(1) 16117004580.943 -> 6.694e-01 2.569e+05
655(1) 24720531742.586 -> 4.079e-01 4.750e+10
656(1) 24651231907.582 -> 6.278e-01 3.299e+05
657(1) 9289969673.637 -> 7.649e-01 1.832e+05
658(1) 32227523256.815 -> 6.079e-01 2.737e+05
659(1) 33445908365.695 -> 6.472e-01 2.580e+05
660(1) 49399424890.239 -> 6.604e-01 3.047e+05
661(1) 16318622843.013 -> 7.626e-01 2.742e+05
662(1) 21207170829.257 -> 6.944e-01 2.828e+05
663(1) 25805934873.395 -> 7.615e-01 2.683e+05
664(1) 1449526028.741 -> 6.531e-01 2.585e+05
665(1) 7813243248.130 -> 7.867e-01 2.395e+05
666(1) 26157141317.473 -> 6.515e-01 2.876e+05
667(1) 29711419555.883 -> 5.805e-01 2.825e+05
668(1) 52959638057.652 -> 5.317e-01 1.999e+05
669(1) 10601966378.510 -> 7.732e-01 1.884e+05
670(1) 27998030406.196 -> 4.936e-01 3.329e+05
671(1) 30474449669.913 -> 1.525e+00 1.300e+05
672(1) 39016887893.362 -> 5.776e-01 2.925e+05
673(1) 10063019014.549 -> 6.761e-01 2.780e+05
674(1) 15670310942.684 -> 6.390e-01 2.748e+05
675(1) 38150806311.975 -> 6.746e-01 3.122e+05
676(1) 34899022130.847 -> 7.464e-01 2.453e+05
677(1) 31873824895.028 -> 5.424e-01 3.162e+05
678(1) 46142683022.058 -> 5.437e-01 2.707e+05
679(1) 33935850510.242 -> 9.791e-01 2.161e+05
680(1) 26804270286.328 -> 5.534e-01 3.215e+05
681(1) 26913472652.302 -> 5.414e-01 3.412e+05
682(1) 42645127498.573 -> 5.879e-01 2.674e+05
683(1) 7220179929.272 -> 7.612e-01 2.661e+05
684(1) 18495258261.091 -> 5.357e-01 3.083e+05
685(1) 3630277208.447 -> 6.393e-01 2.691e+05
686(1) 14006811174.115 -> 7.370e-01 2.581e+05
687(1) 32347286005.254 -> 6.354e-01 3.329e+05
688(1) 28301432833.646 -> 7.416e-01 2.484e+05
689(1) 26065455570.250 -> 5.212e-01 3.809e+05
690(1) 14868604126.292 -> 8.178e-01 2.427e+05
691(1) 43865244093.789 -> 8.413e-01 2.330e+05
692(1) 28130052037.010 -> 5.670e-01 2.871e+05
693(1) 17130716913.798 -> 7.331e-01 2.821e+05
694(1) 22825597752.994 -> 8.829e-01 1.863e+05
695(1) 19729408608.669 -> 8.472e-01 2.010e+05
696(1) 33044986313.940 -> 8.852e-01 1.362e+05
697(1) 16601109537.756 -> 6.070e-01 2.626e+05
698(1) 10006805003.281 -> 5.541e-01 2.799e+05
699(1) 41788848547.496 -> 6.251e-01 1.943e+05
700(1) 15722173760.852 -> 6.616e-01 2.474e+05
701(1) 23535643699.417 -> 8.484e-01 2.077e+05
702(1) 5479441720.248 -> 5.695e-01 3.670e+05
703(1) 43448493737.504 -> 6.745e-01 2.658e+05
704(1) 29208741723.825 -> 5.722e-01 3.112e+05
705(1) 22209868851.884 -> 6.940e-01 2.702e+05
706(1) 14777299716.833 -> 7.858e-01 2.733e+05
707(1) 4266125654.194 -> 6.846e-01 2.639e+05
708(1) 36947825452.809 -> 7.871e-01 1.986e+05
709(1) 24097070432.061 -> 6.922e-01 2.723e+05
710(1) 13283034039.054 -> 6.573e-01 2.830e+05
711(1) 7776683061.839 -> 7.102e-01 3.311e+05
712(1) 46529062348.076 -> 6.842e-01 1.620e+05
713(1) 21563965590.192 -> 7.138e-01 1.787e+05
714(1) 838741383.156 -> 6.975e-01 2.304e+05
715(1) 15776031347.694 -> 5.388e-01 3.070e+05
716(1) 32225458189.439 -> 7.491e-01 2.664e+05
717(1) 35943755617.652 -> 5.720e-01 3.169e+05
718(1) 22378141509.248 -> 7.453e-01 1.897e+05
719(1) 15856800775.264 -> 5.695e-01 2.786e+05
720(1) 9354917547.926 -> 7.467e-01 1.764e+05
721(1) 29279901478.749 -> 6.362e-01 2.939e+05
722(1) 39388320106.713 -> 6.519e-01 3.590e+05
723(1) 20701674927.442 -> 6.792e-01 2.884e+05
724(1) 31333067335.628 -> 6.440e-01 2.435e+05
725(1) 49174348073.343 -> 7.414e-01 2.453e+05
726(1) 36109099701.911 -> 6.360e-01 3.243e+05
727(1) 6360647502.702 -> 5.637e-01 3.716e+05
728(1) 28557806045.279 -> 5.611e-01 2.750e+05
729(1) 13913355916.303 -> 5.332e-01 2.869e+05
730(1) 17905263665.470 -> 6.911e-01 2.355e+05
731(1) 5640420915.522 -> 9.775e-01 2.236e+05
732(1) 24498981782.075 -> 5.357e-01 2.690e+05
733(1) 28396384425.036 -> 6.272e-01 2.815e+05
734(1) 28613618488.289 -> 6.925e-01 3.081e+05
735(1) 18070203163.037 -> 9.929e-01 1.669e+05
736(1) 17548063029.123 -> 6.436e-01 3.241e+05
737(1) 26091116183.634 -> 8.711e-01 2.227e+05
738(1) 23262383709.034 -> 7.890e-01 1.901e+05
739(1) 25013798246.860 -> 5.238e-01 3.757e+05
740(1) 2791355169.698 -> 6.803e-01 2.597e+05
741(1) 14922382823.526 -> 5.447e-01 3.893e+05
742(1) 21468206423.478 -> 4.098e-01 9.869e+05
743(1) 16802438323.474 -> 6.307e-01 2.758e+05
744(1) 11973628779.706 -> 6.602e-01 2.811e+05
745(1) 21778927472.911 -> 7.821e-01 1.798e+05
746(1) 3870681033.492 -> 7.516e-01 2.343e+05
747(1) 20087527769.215 -> 6.310e-01 2.652e+05
748(1) 29351686381.532 -> 5.618e-01 3.024e+05
749(1) 29314959070.801 -> 5.604e-01 3.552e+05
750(1) 12125960077.479 -> 9.068e-01 2.362e+05
751(1) 17450346332.161 -> 5.734e-01 2.987e+05
752(1) 28049421036.812 -> 7.996e-01 2.304e+05
753(1) 15305125358.356 -> 9.199e-01 1.222e+05
754(1) 21451556501.293 -> 7.812e-01 1.825e+05
755(1) 18610609473.546 -> 9.279e-01 2.553e+05
756(1) 12392937108.060 -> 6.974e-01 2.572e+05
757(1) 22316009516.109 -> 7.593e-01 2.428e+05
758(1) 30004976340.264 -> 1.019e+00 1.846e+05
759(1) 17705084848.763 -> 6.337e-01 2.630e+05
760(1) 3655099787.500 -> 7.308e-01 2.482e+05
761(1) 29662335919.227 -> 6.049e-01 2.639e+05
762(1) 6589795690.573 -> 6.020e-01 3.452e+05
763(1) 6249159994.668 -> 7.130e-01 2.728e+05
764(1) 9387250558.509 -> 6.005e-01 3.331e+05
765(1) 15668763326.596 -> 6.427e-01 2.500e+05
766(1) 8600471310.702 -> 6.731e-01 2.917e+05
767(1) 31090577266.592 -> 6.685e-01 2.633e+05
768(1) 6844153836.386 -> 4.941e-01 4.012e+05
769(1) 43528854466.759 -> 7.058e-01 2.379e+05
770(1) 24108418925.884 -> 7.032e-01 1.818e+05
771(1) 995936547.030 -> 6.702e-01 2.424e+05
772(1) 38177084374.044 -> 5.669e-01 1.721e+05
773(1) 40014268189.778 -> 6.907e-01 2.226e+05
774(1) 4977968843.595 -> 6.424e-01 2.741e+05
775(1) 15422292883.669 -> 5.293e-01 3.665e+05
776(1) 4481943160.571 -> 8.069e-01 2.372e+05
777(1) 25019601128.474 -> 5.051e-01 5.098e+05
778(1) 28635625368.774 -> 6.342e-01 2.089e+05
779(1) 48857691445.704 -> 8.599e-01 1.760e+05
780(1) 55226413610.508 -> 8.213e-01 2.545e+05
781(1) 14207959075.735 -> 6.880e-01 2.303e+05
782(1) 2905409692.234 -> 6.673e-01 2.584e+05
783(1) 29822095128.718 -> 6.638e-01 2.607e+05
784(1) 29315541348.861 -> 5.036e-01 3.498e+05
785(1) 34187510320.657 -> 6.003e-01 3.111e+05
786(1) 14912309912.620 -> 6.224e-01 2.646e+05
787(1) 24772737989.312 -> 5.426e-01 3.160e+05
788(1) 20920206127.710 -> 5.380e-01 3.456e+05
789(1) 19662495971.953 -> 5.768e-01 2.833e+05
790(1) 17419871659.929 -> 7.062e-01 2.895e+05
791(1) 8123787822.786 -> 7.789e-01 2.567e+05
792(1) 17905486332.217 -> 6.405e-01 3.020e+05
793(1) 42253339621.273 -> 8.352e-01 2.141e+05
794(1) 3102363101.722 -> 6.570e-01 2.562e+05
795(0) 25839770302.328 -> 1.687e+00 1.792e+05
796(1) 27567016469.832 -> 7.186e-01 2.428e+05
797(1) 24671691735.975 -> 6.716e-01 2.686e+05
798(1) 19394676870.106 -> 5.484e-01 2.962e+05
799(1) 23831406488.346 -> 7.251e-01 2.543e+05
800(1) 71781491872.483 -> 8.099e-01 2.524e+05
801(1) 29313953987.963 -> 6.286e-01 1.914e+05
802(1) 15917710682.068 -> 5.973e-01 2.605e+05
803(1) 2620465265.704 -> 6.810e-01 2.657e+05
804(1) 52360410954.256 -> 5.978e-01 3.004e+05
805(1) 40917027207.541 -> 9.565e-01 1.635e+05
806(1) 29923901765.722 -> 5.270e-01 4.352e+05
807(1) 24206354382.340 -> 1.053e+00 1.890e+05
808(1) 5918828767.421 -> 8.166e-01 1.333e+05
809(1) 51564919499.827 -> 8.068e-01 2.099e+05
810(1) 4306109276.815 -> 6.425e-01 2.514e+05
811(1) 31755686561.841 -> 9.332e-01 2.065e+05
812(1) 37624086058.942 -> 6.554e-01 2.674e+05
813(1) 1204982870.054 -> 6.308e-01 2.665e+05
814(1) 15564308260.025 -> 6.077e-01 3.371e+05
815(1) 21305940656.829 -> 6.563e-01 3.282e+05
816(1) 13530025398.428 -> 6.952e-01 2.593e+05
817(1) 10130277634.466 -> 7.720e-01 2.290e+05
818(1) 16732688410.520 -> 6.239e-01 2.679e+05
819(1) 10485486831.346 -> 6.418e-01 3.002e+05
820(1) 1624053019.296 -> 7.178e-01 2.604e+05
821(1) 51367172678.259 -> 6.593e-01 2.500e+05
822(1) 30837810335.341 -> 6.106e-01 2.714e+05
823(1) 11592438167.270 -> 5.158e-01 2.986e+05
824(1) 33066610078.456 -> 8.208e-01 1.798e+05
825(1) 23062451315.589 -> 1.097e+00 1.727e+05
826(1) 21506956037.948 -> 5.322e-01 3.023e+05
827(1) 34705184662.695 -> 6.738e-01 2.606e+05
828(1) 7874384756.286 -> 6.581e-01 2.947e+05
829(1) 33274736338.668 -> 6.108e-01 2.302e+05
830(1) 31175954572.089 -> 6.993e-01 2.170e+05
831(1) 31492296903.550 -> 9.856e-01 1.822e+05
832(1) 3068674521.092 -> 6.520e-01 2.590e+05
833(1) 12895510852.933 -> 7.949e-01 1.804e+05
834(1) 40721470447.064 -> 6.912e-01 2.474e+05
835(1) 57730840849.013 -> 6.125e-01 2.305e+05
836(1) 25718603650.210 -> 6.835e-01 3.172e+05
837(1) 21914336225.989 -> 5.202e-01 3.327e+05
838(1) 29303560816.926 -> 5.874e-01 2.660e+05
839(1) 26492441519.045 -> 7.179e-01 1.820e+05
840(1) 25191141965.174 -> 6.698e-01 2.906e+05
841(1) 8539592905.291 -> 7.719e-01 2.667e+05
842(1) 12817881092.741 -> 7.242e-01 2.426e+05
843(1) 29112964194.506 -> 8.842e-01 2.129e+05
844(1) 39372952350.152 -> 5.531e-01 2.962e+05
845(1) 10208622274.123 -> 7.868e-01 2.756e+05
846(1) 17330246466.239 -> 5.006e-01 3.629e+05
847(1) 15786944615.588 -> 6.539e-01 2.740e+05
848(1) 38983953864.228 -> 5.404e-01 2.984e+05
849(1) 36893319084.099 -> 9.653e-01 1.883e+05
850(1) 9471488418.180 -> 7.762e-01 2.793e+05
851(1) 49266995506.368 -> 7.427e-01 2.285e+05
852(1) 41752231001.546 -> 4.995e-01 3.868e+05
853(1) 13458741503.943 -> 6.819e-01 2.650e+05
854(1) 16161535266.091 -> 6.642e-01 2.358e+05
855(1) 7259121737.075 -> 7.796e-01 2.401e+05
856(1) 29642389092.771 -> 5.809e-01 3.409e+05
857(1) 16243143564.021 -> 8.140e-01 2.296e+05
858(1) 25562886961.816 -> 5.977e-01 3.032e+05
859(1) 26874621476.636 -> 6.572e-01 1.869e+05
860(1) 32074545794.671 -> 6.850e-01 2.524e+05
861(1) 18803345394.235 -> 1.453e+00 1.673e+05
862(1) 24601065563.480 -> 7.474e-01 1.964e+05
863(1) 22931028974.735 -> 6.723e-01 1.839e+05
864(1) 21443196360.863 -> 6.913e-01 2.964e+05
865(1) 44014432968.003 -> 6.021e-01 2.057e+05
866(1) 25693102451.993 -> 7.540e-01 1.787e+05
867(1) 36298853087.645 -> 8.063e-01 2.028e+05
868(1) 8791844057.140 -> 7.480e-01 2.586e+05
869(1) 25659596605.561 -> 8.582e-01 1.882e+05
870(1) 48872106392.980 -> 8.576e-01 1.974e+05
871(1) 11513337277.286 -> 7.464e-01 2.349e+05
872(1) 34195640408.774 -> 7.475e-01 2.026e+05
873(1) 26469224818.329 -> 7.132e-01 1.863e+05
874(1) 46243532145.719 -> 5.515e-01 3.488e+05
875(1) 68160741500.904 -> 7.849e-01 2.005e+05
876(1) 13477158505.361 -> 5.007e-01 1.819e+05
877(1) 2642069539.880 -> 6.305e-01 3.378e+05
878(1) 23742770158.828 -> 6.841e-01 2.465e+05
879(1) 13412362672.929 -> 7.060e-01 2.479e+05
880(1) 29516706277.279 -> 5.922e-01 2.687e+05
881(1) 9848700735.194 -> 6.772e-01 3.289e+05
882(1) 15394717007.552 -> 6.329e-01 3.268e+05
883(1) 8879341532.253 -> 8.093e-01 2.524e+05
884(1) 38937577435.045 -> 5.719e-01 2.868e+05
885(1) 32134568181.791 -> 6.064e-01 3.364e+05
886(1) 44813425896.965 -> 6.188e-01 3.099e+05
887(1) 2970812584.443 -> 6.799e-01 2.310e+05
888(1) 2263017792.565 -> 6.618e-01 2.431e+05
889(1) 6623334022.724 -> 6.765e-01 2.963e+05
890(1) 8528648956.338 -> 8.200e-01 1.855e+05
891(1) 40955869080.534 -> 8.821e-01 2.327e+05
892(1) 5915564727.384 -> 6.264e-01 2.807e+05
893(1) 18618043246.826 -> 7.459e-01 2.503e+05
894(1) 35676651355.522 -> 5.541e-01 3.235e+05
895(1) 9067705941.950 -> 5.256e-01 2.991e+05
896(1) 26675966588.902 -> 5.564e-01 2.726e+05
897(1) 47401356083.630 -> 6.122e-01 2.719e+05
898(1) 52082792964.754 -> 5.898e-01 2.567e+05
899(1) 12479943101.568 -> 9.526e-01 2.077e+05
900(1) 28029531263.632 -> 6.903e-01 2.648e+05
901(1) 25799232614.400 -> 6.874e-01 2.477e+05
902(1) 36717567386.148 -> 6.925e-01 2.392e+05
903(1) 15567787974.445 -> 6.170e-01 2.603e+05
904(1) 1617922181.924 -> 6.820e-01 2.352e+05
905(1) 24061779585.798 -> 5.338e-01 3.081e+05
906(1) 40675677496.057 -> 7.255e-01 2.126e+05
907(1) 12326955660.551 -> 7.177e-01 2.376e+05
908(1) 28303616175.757 -> 5.636e-01 2.912e+05
909(1) 19726378917.902 -> 7.049e-01 2.293e+05
910(1) 17855635700.135 -> 7.327e-01 2.776e+05
911(1) 30649766323.160 -> 8.005e-01 2.445e+05
912(1) 21680401023.269 -> 6.332e-01 3.280e+05
913(1) 34803910919.810 -> 6.178e-01 2.491e+05
914(1) 27450671064.411 -> 7.025e-01 2.400e+05
915(1) 29123455556.275 -> 6.376e-01 2.499e+05
916(1) 27046980443.024 -> 8.814e-01 1.277e+05
917(1) 18284162571.922 -> 6.398e-01 2.817e+05
918(1) 754146520.829 -> 6.677e-01 2.448e+05
919(1) 21492397403.707 -> 5.376e-01 2.692e+05
920(1) 837780055.846 -> 6.465e-01 2.619e+05
921(1) 43791463760.810 -> 3.961e-01 Inf
922(1) 3532876673.487 -> 6.570e-01 2.656e+05
923(1) 25440875683.963 -> 4.786e-01 5.985e+05
924(1) 5589578051.839 -> 5.534e-01 3.762e+05
925(1) 27521693251.048 -> 7.318e-01 3.007e+05
926(1) 20609308647.587 -> 1.264e+00 2.022e+05
927(1) 37471584010.054 -> 6.914e-01 2.568e+05
928(1) 19272824931.850 -> 6.889e-01 3.057e+05
929(1) 18745899798.721 -> 5.758e-01 3.166e+05
930(1) 16644405591.271 -> 6.664e-01 2.596e+05
931(1) 43089130734.035 -> 6.238e-01 2.902e+05
932(1) 3170271160.343 -> 6.165e-01 3.463e+05
933(1) 28414376513.781 -> 7.651e-01 2.245e+05
934(1) 35736970456.386 -> 7.141e-01 2.627e+05
935(1) 34554554643.214 -> 1.585e+00 1.651e+05
936(1) 39132359122.755 -> 5.550e-01 2.694e+05
937(1) 31254473294.361 -> 6.405e-01 3.171e+05
938(1) 8022323335.612 -> 6.551e-01 3.145e+05
939(1) 28310714471.401 -> 5.410e-01 3.371e+05
940(1) 28447923668.061 -> 4.582e-01 4.354e+05
941(1) 44513838744.223 -> 6.778e-01 2.948e+05
942(1) 36185457401.892 -> 7.013e-01 2.667e+05
943(1) 32436662972.285 -> 6.718e-01 2.548e+05
944(1) 25572408231.734 -> 6.955e-01 2.384e+05
945(1) 2638048148.113 -> 6.836e-01 2.309e+05
946(1) 35190268898.558 -> 5.654e-01 3.133e+05
947(1) 27167232278.477 -> 6.189e-01 2.636e+05
948(1) 5310243520.539 -> 1.016e+00 2.313e+05
949(1) 23062287852.282 -> 6.465e-01 2.949e+05
950(1) 47503864472.990 -> 7.230e-01 1.547e+05
951(1) 25727822139.211 -> 6.942e-01 2.437e+05
952(1) 52420491935.904 -> 8.084e-01 2.549e+05
953(1) 15663134139.964 -> 8.174e-01 2.825e+05
954(1) 69703938.798 -> 6.602e-01 2.431e+05
955(1) 16720718224.530 -> 8.219e-01 2.171e+05
956(1) 31793045758.324 -> 7.399e-01 2.826e+05
957(1) 1908781030.042 -> 6.883e-01 2.584e+05
958(1) 48708905280.899 -> 5.171e-01 4.418e+05
959(1) 22304103590.203 -> 7.622e-01 2.515e+05
960(1) 23225099383.417 -> 7.199e-01 2.800e+05
961(1) 2369971969.457 -> 6.344e-01 2.723e+05
962(1) 21743796389.679 -> 5.593e-01 3.160e+05
963(1) 36565758692.459 -> 6.968e-01 1.732e+05
964(1) 41938764564.817 -> 7.035e-01 2.894e+05
965(1) 40737765147.869 -> 6.285e-01 1.865e+05
966(1) 21857468343.948 -> 7.669e-01 1.847e+05
967(1) 22203069512.207 -> 6.504e-01 1.938e+05
968(1) 14645597662.801 -> 6.650e-01 2.460e+05
969(1) 29666301643.093 -> 3.921e-01 6.290e+65
970(1) 44807607776.395 -> 6.658e-01 2.540e+05
971(1) 48739645026.749 -> 6.515e-01 2.299e+05
972(1) 21873627319.676 -> 7.704e-01 2.125e+05
973(1) 10072187729.246 -> 1.023e+00 1.883e+05
974(1) 11232915739.699 -> 5.619e-01 2.845e+05
975(1) 16892828981.759 -> 1.034e+00 1.748e+05
976(1) 21176507379.055 -> 5.163e-01 1.953e+05
977(1) 16900310917.081 -> 6.450e-01 2.576e+05
978(1) 4863249965.174 -> 6.485e-01 2.341e+05
979(1) 33230727381.004 -> 6.145e-01 2.768e+05
980(1) 30510388335.980 -> 6.279e-01 1.978e+05
981(1) 18007482324.043 -> 6.461e-01 2.768e+05
982(1) 15429674939.508 -> 7.034e-01 2.472e+05
983(1) 19717119837.772 -> 5.902e-01 3.300e+05
984(1) 21897829375.284 -> 5.543e-01 3.096e+05
985(1) 19574549233.768 -> 5.289e-01 3.128e+05
986(1) 33957969031.104 -> 7.605e-01 2.455e+05
987(1) 21709176678.340 -> 6.767e-01 3.085e+05
988(1) 21622229773.140 -> 6.330e-01 3.094e+05
989(1) 37579336773.407 -> 5.562e-01 3.642e+05
990(1) 28393764318.007 -> 6.686e-01 2.620e+05
991(1) 16255995499.690 -> 6.518e-01 2.506e+05
992(1) 46717046896.274 -> 4.459e-01 5.898e+05
993(1) 14354069497.049 -> 5.912e-01 2.662e+05
994(1) 40211794551.591 -> 5.481e-01 3.014e+05
995(1) 1715983063.227 -> 6.497e-01 2.422e+05
996(1) 12117642065.659 -> 7.194e-01 2.464e+05
997(1) 31855057787.441 -> 1.024e+00 1.939e+05
998(1) 6812158812.692 -> 7.389e-01 2.604e+05
999(1) 45958386063.426 -> 5.770e-01 2.927e+05
1000(1) 16140258661.663 -> 7.667e-01 1.428e+05

# Non-parametric (median = 500th, lower=25th, upper=975th)
median = [ 0.670012 259921]
Lower  = [ 0.480985 164632]
Upper  = [ 1.01616 490053]
Bootstrap trials: trial(converged?) ssr -> params
1(1) 15432960512.53 -> 6.4819e-01 2.5148e+05
2(1) 47973426201.92 -> 7.9817e-01 1.8887e+05
3(0) 28096515421.12 -> 4.9369e-01 4.5014e+05
4(1) 29056548535.03 -> 6.1674e-01 2.0704e+05
5(1) 46948011363.88 -> 5.5323e-01 3.9546e+05
6(1) 31852755286.57 -> 7.6082e-01 3.0538e+05
7(1) 28292761289.37 -> 5.9644e-01 2.7322e+05
8(1) 30947600909.74 -> 5.9504e-01 3.0051e+05
9(1) 2526197133.18 -> 6.9968e-01 2.6797e+05
10(1) 29221279738.53 -> 6.2682e-01 2.6861e+05
11(1) 2493059770.54 -> 7.0242e-01 2.4898e+05
12(1) 23982585961.67 -> 7.9054e-01 1.8624e+05
13(1) 19226351868.66 -> 6.5944e-01 2.7681e+05
14(1) 37947799605.36 -> 7.5397e-01 2.3179e+05
15(1) 27811065282.76 -> 6.1230e-01 3.0023e+05
16(1) 12456802801.90 -> 6.5491e-01 2.4688e+05
17(1) 49037699587.50 -> 4.5710e-01 7.1912e+05
18(1) 11831472042.08 -> 5.4397e-01 3.3020e+05
19(1) 9837480161.20 -> 7.1998e-01 2.5992e+05
20(1) 22831540707.05 -> 6.9222e-01 2.7071e+05
21(1) 17147811359.00 -> 6.3987e-01 2.0625e+05
22(1) 1281727112.27 -> 6.7388e-01 2.4157e+05
23(1) 35061111540.74 -> 6.9629e-01 1.8275e+05
24(1) 30956279933.65 -> 6.0105e-01 2.6111e+05
25(1) 8476979245.35 -> 9.2052e-01 2.0319e+05
26(1) 27851988740.38 -> 6.8057e-01 2.4164e+05
27(1) 14563859081.02 -> 6.7261e-01 2.5220e+05
28(1) 41169504055.91 -> 4.8932e-01 3.4110e+05
29(1) 79407346523.35 -> 6.4015e-01 2.7829e+05
30(1) 36578028441.26 -> 6.6923e-01 1.8702e+05
31(1) 14328054974.48 -> 6.4760e-01 2.5960e+05
32(1) 23383791375.49 -> 4.7562e-01 6.2016e+05
33(1) 22605241993.78 -> 7.1977e-01 2.5765e+05
34(1) 17028887456.74 -> 6.1269e-01 2.8651e+05
35(1) 22836823931.55 -> 5.6369e-01 2.8166e+05
36(1) 35050690095.60 -> 7.3889e-01 2.1334e+05
37(1) 15748652980.36 -> 6.5733e-01 2.6943e+05
38(1) 1597507682.78 -> 6.3684e-01 2.4631e+05
39(1) 4764128593.23 -> 6.1370e-01 2.7609e+05
40(1) 16454431681.91 -> 6.5115e-01 2.3938e+05
41(1) 10521423845.05 -> 7.7390e-01 2.4584e+05
42(1) 53936254801.63 -> 5.7089e-01 2.6382e+05
43(1) 11106902674.37 -> 8.4724e-01 2.0541e+05
44(1) 51089601625.22 -> 4.6164e-01 6.6612e+05
45(1) 3010704796.83 -> 6.1546e-01 2.9438e+05
46(1) 22607218509.20 -> 4.8691e-01 5.5860e+05
47(1) 39457035582.80 -> 6.3210e-01 2.6417e+05
48(1) 32458994137.39 -> 7.0637e-01 2.8988e+05
49(1) 18030183103.58 -> 6.1404e-01 2.8394e+05
50(1) 7491941626.54 -> 6.9199e-01 2.9419e+05
51(1) 13511018712.46 -> 5.6094e-01 3.9625e+05
52(1) 18173199445.69 -> 6.4255e-01 2.1685e+05
53(1) 1943756755.37 -> 6.4782e-01 2.4477e+05
54(1) 52155370546.20 -> 7.1211e-01 2.5032e+05
55(1) 16455548424.45 -> 6.2587e-01 2.7189e+05
56(1) 38500560779.71 -> 5.6761e-01 2.9376e+05
57(1) 38225817053.00 -> 6.6423e-01 2.9340e+05
58(1) 1174862640.58 -> 6.4964e-01 2.5776e+05
59(1) 34623693923.65 -> 5.7925e-01 3.2876e+05
60(1) 25968490467.18 -> 1.3681e+00 1.9309e+05
61(1) 13160481577.66 -> 8.5401e-01 1.8217e+05
62(1) 22590159682.16 -> 9.0127e-01 1.9513e+05
63(1) 14610223707.98 -> 6.5600e-01 2.4779e+05
64(1) 20394498736.80 -> 7.0477e-01 2.8246e+05
65(1) 16334860108.70 -> 6.5033e-01 2.5901e+05
66(1) 16857863858.88 -> 6.1854e-01 2.7885e+05
67(1) 377414008.92 -> 6.6904e-01 2.3308e+05
68(1) 5239730987.63 -> 6.7393e-01 2.4785e+05
69(1) 20004850093.97 -> 6.7843e-01 1.7647e+05
70(1) 18585745742.41 -> 7.3376e-01 2.7473e+05
71(1) 25916643414.40 -> 8.7709e-01 2.2389e+05
72(1) 48313360799.96 -> 5.4637e-01 3.7681e+05
73(1) 24834929099.13 -> 1.0064e+00 1.7570e+05
74(1) 15642280662.16 -> 7.5349e-01 1.9620e+05
75(1) 16590403908.62 -> 7.1309e-01 2.7633e+05
76(1) 3780252515.56 -> 6.1516e-01 2.9434e+05
77(1) 41024221501.50 -> 6.5329e-01 3.1953e+05
78(1) 448385514.84 -> 6.3708e-01 2.5386e+05
79(1) 12559316062.88 -> 5.7604e-01 2.7820e+05
80(1) 17266652710.02 -> 7.4900e-01 2.5568e+05
81(1) 43834832193.37 -> 7.7846e-01 1.8325e+05
82(1) 5852475089.97 -> 8.9272e-01 2.8373e+05
83(1) 61792428449.52 -> 6.7804e-01 1.9517e+05
84(1) 29920448593.16 -> 8.7409e-01 1.8206e+05
85(1) 19968543109.16 -> 5.7184e-01 3.5629e+05
86(1) 27591218723.06 -> 7.4823e-01 2.0997e+05
87(1) 32514203700.34 -> 7.5390e-01 2.7168e+05
88(1) 1267821374.52 -> 6.7256e-01 2.4171e+05
89(1) 32928549061.76 -> 5.7319e-01 3.6579e+05
90(1) 30694982828.83 -> 6.0614e-01 2.7684e+05
91(1) 41446477776.41 -> 6.2822e-01 3.3058e+05
92(1) 5381162829.17 -> 7.7072e-01 1.6869e+05
93(1) 13761834548.71 -> 1.0359e+00 1.9196e+05
94(1) 33051029728.76 -> 7.3940e-01 2.0363e+05
95(1) 14590318717.66 -> 6.5823e-01 2.3987e+05
96(1) 16569555927.00 -> 4.7546e-01 6.3837e+05
97(1) 21900360914.74 -> 7.1109e-01 2.7619e+05
98(1) 18509243906.39 -> 7.0884e-01 2.7103e+05
99(1) 28612461093.44 -> 7.4433e-01 1.9136e+05
100(1) 47389896429.40 -> 6.5543e-01 2.4046e+05
101(1) 12881219386.65 -> 6.6418e-01 2.7535e+05
102(1) 16748205025.86 -> 6.7369e-01 2.3881e+05
103(1) 25179598691.63 -> 5.2178e-01 3.0016e+05
104(1) 44710516543.66 -> 7.7269e-01 1.6623e+05
105(1) 19971509169.80 -> 7.9852e-01 2.3349e+05
106(1) 17685586403.13 -> 6.1172e-01 3.4812e+05
107(1) 36436555676.13 -> 6.7001e-01 2.7970e+05
108(1) 2969399150.71 -> 8.3206e-01 2.3471e+05
109(1) 13159809231.11 -> 5.1973e-01 2.9721e+05
110(1) 24764565231.10 -> 5.5446e-01 3.5236e+05
111(1) 2132451199.31 -> 7.0216e-01 2.3951e+05
112(1) 10318007798.86 -> 7.8349e-01 2.4096e+05
113(1) 1589373804.38 -> 5.7796e-01 3.7980e+05
114(1) 18857050463.64 -> 8.1704e-01 2.3629e+05
115(1) 12059852932.61 -> 7.9915e-01 2.7549e+05
116(1) 6265486372.31 -> 7.8207e-01 2.4835e+05
117(1) 2056803091.87 -> 7.1266e-01 2.3315e+05
118(1) 658692475.15 -> 6.2610e-01 2.8398e+05
119(1) 14388143618.60 -> 6.7509e-01 2.5505e+05
120(1) 22866171412.82 -> 6.7437e-01 2.9727e+05
121(1) 9534501149.48 -> 6.8098e-01 2.8153e+05
122(1) 42837014609.49 -> 6.4309e-01 2.1962e+05
123(1) 33039063841.10 -> 5.8597e-01 3.7441e+05
124(1) 43078978655.93 -> 5.2481e-01 3.0240e+05
125(1) 36483530011.12 -> 6.9676e-01 2.4808e+05
126(1) 23284442599.34 -> 7.6748e-01 2.4170e+05
127(1) 17633386720.40 -> 5.7079e-01 3.6339e+05
128(1) 11573718239.84 -> 4.8099e-01 3.6910e+05
129(1) 27850666503.63 -> 6.8442e-01 2.3724e+05
130(1) 8923230273.43 -> 8.6265e-01 1.7267e+05
131(1) 19809826883.73 -> 7.8356e-01 1.8080e+05
132(1) 8093625598.76 -> 8.0088e-01 2.3177e+05
133(1) 9559556049.71 -> 7.1637e-01 2.6211e+05
134(1) 12018990866.72 -> 9.7403e-01 2.4952e+05
135(1) 33541823644.84 -> 5.2903e-01 3.2843e+05
136(1) 18940044919.90 -> 6.8510e-01 2.9394e+05
137(1) 17781759113.64 -> 6.8238e-01 2.6246e+05
138(1) 7337595110.22 -> 6.0159e-01 3.2889e+05
139(1) 37249900577.63 -> 5.4585e-01 3.4298e+05
140(1) 34225989780.75 -> 6.4890e-01 3.0394e+05
141(1) 18091738400.55 -> 6.2387e-01 2.6110e+05
142(1) 13614629639.52 -> 6.1498e-01 2.8368e+05
143(1) 14105305652.67 -> 6.7995e-01 2.2666e+05
144(1) 24320757013.33 -> 6.7483e-01 2.8339e+05
145(1) 27254017900.97 -> 6.8368e-01 2.3638e+05
146(1) 31722204125.20 -> 6.6285e-01 2.7734e+05
147(1) 37259122547.17 -> 4.5216e-01 7.9793e+05
148(1) 21062222764.43 -> 7.1609e-01 2.7805e+05
149(1) 3050014326.16 -> 6.7425e-01 2.6962e+05
150(1) 38418661827.04 -> 5.3803e-01 3.4630e+05
151(1) 18796346159.86 -> 1.0005e+00 2.1739e+05
152(1) 21378804064.51 -> 8.6702e-01 1.7156e+05
153(1) 4048609277.83 -> 7.5351e-01 2.4071e+05
154(1) 25243668512.19 -> 6.7149e-01 2.7000e+05
155(1) 18142659109.62 -> 8.5213e-01 1.7499e+05
156(1) 24903171349.36 -> 6.1885e-01 3.5154e+05
157(1) 28150443984.93 -> 6.7831e-01 2.4096e+05
158(1) 24230262983.02 -> 4.8013e-01 3.7420e+05
159(1) 21248926725.66 -> 5.5063e-01 2.6487e+05
160(1) 32120216972.22 -> 8.0346e-01 2.2849e+05
161(1) 18381968081.29 -> 7.1603e-01 2.6824e+05
162(1) 17083063323.10 -> 6.9944e-01 3.2803e+05
163(1) 16687664147.10 -> 5.8751e-01 2.5230e+05
164(1) 37636342359.91 -> 7.0771e-01 2.5660e+05
165(1) 10317959657.08 -> 7.4031e-01 2.4516e+05
166(1) 29021349230.02 -> 5.6392e-01 3.2039e+05
167(1) 2006253707.38 -> 8.3828e-01 2.3470e+05
168(1) 15804979700.72 -> 5.9586e-01 3.5407e+05
169(1) 4613301941.39 -> 8.0125e-01 1.2855e+05
170(1) 15101379716.60 -> 6.8892e-01 2.5511e+05
171(1) 24996675856.97 -> 7.7234e-01 2.7172e+05
172(1) 33440791400.93 -> 5.8224e-01 3.5821e+05
173(1) 27057506981.69 -> 5.2233e-01 3.2673e+05
174(1) 33818920658.02 -> 7.1914e-01 2.3637e+05
175(1) 4543839290.39 -> 6.1405e-01 2.5497e+05
176(1) 27486069213.48 -> 6.9186e-01 2.4387e+05
177(1) 25470491079.73 -> 6.4635e-01 3.1113e+05
178(1) 12234477189.96 -> 5.7580e-01 2.7931e+05
179(1) 4942142553.73 -> 6.8410e-01 2.6346e+05
180(1) 11622103809.29 -> 1.0094e+00 1.9356e+05
181(1) 3155664699.91 -> 6.9182e-01 2.3573e+05
182(1) 17147005403.79 -> 6.9209e-01 2.4226e+05
183(1) 10384699053.36 -> 6.6605e-01 2.9891e+05
184(1) 16654368079.82 -> 6.6434e-01 2.8828e+05
185(1) 21184592361.47 -> 1.0260e+00 1.2885e+05
186(1) 12507430693.67 -> 6.5299e-01 2.8459e+05
187(1) 21635203545.17 -> 6.9675e-01 2.7645e+05
188(1) 43744027573.67 -> 6.8993e-01 1.4370e+05
189(1) 10735332588.70 -> 6.8469e-01 1.8677e+05
190(1) 33591432992.04 -> 6.5404e-01 3.2968e+05
191(1) 18924386739.03 -> 7.5650e-01 2.6242e+05
192(1) 18899634381.42 -> 7.9604e-01 2.4648e+05
193(1) 6134932944.92 -> 6.7850e-01 2.9872e+05
194(1) 22747717644.21 -> 8.0851e-01 2.6099e+05
195(1) 21011187608.59 -> 6.0058e-01 1.8157e+05
196(1) 16005879550.26 -> 6.2848e-01 2.2240e+05
197(1) 10906468902.18 -> 8.7976e-01 1.8664e+05
198(1) 15663871036.18 -> 6.5168e-01 3.3686e+05
199(1) 35653716130.07 -> 7.3094e-01 2.4438e+05
200(1) 570109474.17 -> 6.5882e-01 2.4964e+05
201(1) 4765988533.32 -> 6.4182e-01 3.2518e+05
202(1) 30743330121.28 -> 5.5532e-01 3.8647e+05
203(1) 455544367.35 -> 6.7417e-01 2.4554e+05
204(1) 27261748616.44 -> 5.5602e-01 3.8942e+05
205(1) 32934890998.43 -> 6.9429e-01 2.2699e+05
206(1) 37988648319.25 -> 5.5372e-01 3.0723e+05
207(1) 5155000433.11 -> 7.8041e-01 1.2735e+05
208(1) 3237138028.35 -> 6.5272e-01 2.5781e+05
209(1) 4212872669.07 -> 6.8111e-01 2.6420e+05
210(1) 20308185195.58 -> 9.0966e-01 2.0515e+05
211(1) 41244663647.86 -> 6.2882e-01 2.7403e+05
212(1) 18024875587.90 -> 5.7542e-01 3.1449e+05
213(1) 21695019148.86 -> 6.5255e-01 2.9592e+05
214(1) 11863186983.92 -> 6.5170e-01 2.3402e+05
215(1) 23858311207.15 -> 6.7062e-01 2.3511e+05
216(1) 21536511644.94 -> 5.6702e-01 3.0137e+05
217(1) 51632965018.38 -> 5.7480e-01 2.9460e+05
218(1) 22615377521.86 -> 9.3176e-01 1.7985e+05
219(1) 19465989277.74 -> 7.1180e-01 2.6125e+05
220(1) 34086188722.01 -> 4.9230e-01 5.1906e+05
221(1) 1378738417.12 -> 6.5867e-01 2.4569e+05
222(1) 62564325671.69 -> 6.4207e-01 2.0114e+05
223(1) 21071834828.88 -> 6.3552e-01 2.5429e+05
224(1) 22915029813.06 -> 6.8369e-01 2.6133e+05
225(1) 3617776323.94 -> 6.8611e-01 2.5863e+05
226(1) 26360430872.32 -> 7.0875e-01 3.5405e+05
227(1) 8662699547.54 -> 7.8006e-01 2.5071e+05
228(1) 6518727182.69 -> 7.0249e-01 1.7216e+05
229(1) 23147076555.58 -> 8.9379e-01 2.1723e+05
230(1) 4884638334.34 -> 6.5836e-01 2.3105e+05
231(1) 41668532040.59 -> 6.1186e-01 2.5043e+05
232(1) 6528381285.17 -> 7.0992e-01 2.4038e+05
233(1) 23564750974.24 -> 5.2712e-01 2.9491e+05
234(1) 2126831145.36 -> 6.8908e-01 2.3877e+05
235(1) 13917134755.12 -> 5.4785e-01 2.5752e+05
236(1) 12382284602.32 -> 5.3433e-01 2.8581e+05
237(1) 25614008764.99 -> 5.5424e-01 3.9776e+05
238(1) 38041966113.45 -> 1.0590e+00 1.0598e+05
239(1) 12833363884.10 -> 4.8147e-01 3.7117e+05
240(1) 34191044817.99 -> 7.6208e-01 2.0604e+05
241(1) 34141456793.28 -> 6.8758e-01 2.9349e+05
242(0) 22214256072.62 -> 9.2371e-01 2.1552e+05
243(1) 42570106160.04 -> 6.9325e-01 2.6344e+05
244(1) 38178549121.95 -> 5.1807e-01 1.8211e+05
245(1) 7490682410.06 -> 7.8553e-01 2.4476e+05
246(1) 5536869594.56 -> 8.4861e-01 2.3041e+05
247(1) 11528331796.37 -> 7.6712e-01 2.3104e+05
248(1) 29436377849.30 -> 6.7034e-01 2.5081e+05
249(1) 58657874718.79 -> 5.5781e-01 4.0554e+05
250(1) 17036901981.38 -> 7.3022e-01 2.8523e+05
251(1) 22866096126.05 -> 7.7226e-01 2.0944e+05
252(1) 17963881802.92 -> 7.3555e-01 2.5886e+05
253(1) 1054647328.26 -> 7.1223e-01 2.3648e+05
254(1) 6981871271.62 -> 7.0137e-01 2.8527e+05
255(1) 13027224975.97 -> 6.6103e-01 2.3248e+05
256(1) 17251735430.67 -> 7.0606e-01 2.4726e+05
257(1) 10244122608.36 -> 6.8854e-01 2.8939e+05
258(1) 52137764321.01 -> 6.0192e-01 2.0902e+05
259(1) 21110186628.43 -> 7.2014e-01 3.0146e+05
260(1) 21772140026.69 -> 1.0102e+00 1.6474e+05
261(1) 3887424331.93 -> 6.9762e-01 2.4922e+05
262(1) 27153669868.24 -> 5.5463e-01 3.8622e+05
263(1) 16468866187.72 -> 7.0109e-01 2.3731e+05
264(1) 35853627456.24 -> 6.1872e-01 3.1491e+05
265(1) 6774626405.64 -> 7.0308e-01 2.6217e+05
266(1) 1230246414.52 -> 7.4601e-01 2.3186e+05
267(1) 18935726086.40 -> 6.6675e-01 2.6387e+05
268(1) 47417739154.58 -> 5.1742e-01 4.5047e+05
269(1) 19321903307.51 -> 4.6978e-01 4.0000e+05
270(1) 14081565040.83 -> 8.4591e-01 1.8169e+05
271(1) 2352224701.41 -> 6.7905e-01 2.6644e+05
272(1) 32408963962.01 -> 5.5349e-01 3.3474e+05
273(1) 40759693220.55 -> 5.4863e-01 3.2496e+05
274(1) 25005360606.43 -> 5.4249e-01 3.0931e+05
275(1) 30964022154.19 -> 6.8787e-01 2.5289e+05
276(1) 20346158836.18 -> 5.1531e-01 3.2698e+05
277(1) 22675701238.42 -> 4.7258e-01 3.8391e+05
278(1) 9061705058.38 -> 4.9763e-01 5.2395e+05
279(1) 18151389390.80 -> 5.1138e-01 1.8763e+05
280(1) 13793950031.13 -> 7.2493e-01 2.5362e+05
281(1) 27042744977.64 -> 6.0811e-01 2.6139e+05
282(1) 23629649143.18 -> 6.8396e-01 2.3969e+05
283(1) 48675537487.74 -> 7.0452e-01 2.5161e+05
284(1) 30532294149.42 -> 5.9255e-01 3.0206e+05
285(1) 29961465056.56 -> 5.5580e-01 2.8972e+05
286(1) 47082213257.06 -> 5.4993e-01 3.2596e+05
287(1) 13850333628.10 -> 8.1265e-01 2.2785e+05
288(1) 22042809724.14 -> 5.6554e-01 3.1568e+05
289(1) 13453517645.25 -> 6.8116e-01 1.9744e+05
290(1) 16939813419.23 -> 5.8873e-01 3.0313e+05
291(1) 11569868155.18 -> 5.2512e-01 2.6917e+05
292(1) 17548946190.16 -> 6.8517e-01 2.3604e+05
293(1) 17742184648.49 -> 7.8783e-01 2.3173e+05
294(1) 13827018500.60 -> 1.0456e+00 2.0607e+05
295(1) 29667088010.16 -> 6.2431e-01 2.5443e+05
296(1) 43714460856.64 -> 6.3521e-01 2.9229e+05
297(1) 21767813870.57 -> 5.6083e-01 3.1416e+05
298(1) 33844195240.12 -> 6.0451e-01 3.1133e+05
299(1) 7176094227.68 -> 6.1654e-01 3.3419e+05
300(1) 14494376298.94 -> 7.2199e-01 1.9627e+05
301(1) 29432444452.72 -> 9.5352e-01 1.9457e+05
302(1) 29224567855.54 -> 7.1152e-01 2.9579e+05
303(1) 30828857712.32 -> 7.1829e-01 2.7050e+05
304(1) 21285095322.39 -> 6.4181e-01 2.7537e+05
305(1) 15091558504.75 -> 5.7778e-01 2.8358e+05
306(1) 24008196364.55 -> 5.4193e-01 3.0429e+05
307(1) 9376037216.26 -> 5.9302e-01 3.3597e+05
308(1) 18507118460.20 -> 5.6246e-01 3.7269e+05
309(0) 33160100742.80 -> 1.1212e+00 1.8245e+05
310(1) 14681732494.92 -> 8.0681e-01 2.4432e+05
311(1) 30749004638.84 -> 6.6968e-01 2.0275e+05
312(1) 10592122089.39 -> 8.2193e-01 1.7050e+05
313(1) 30415257604.79 -> 8.2379e-01 1.9466e+05
314(1) 18484006358.00 -> 5.7975e-01 3.5775e+05
315(1) 51694150000.09 -> 5.8391e-01 2.7515e+05
316(1) 36543175808.25 -> 6.8303e-01 3.3360e+05
317(1) 39722876909.33 -> 7.1804e-01 1.8359e+05
318(1) 26330168184.42 -> 6.5322e-01 2.7995e+05
319(1) 27693839721.67 -> 5.7732e-01 3.2483e+05
320(1) 4154833062.91 -> 6.2124e-01 3.3414e+05
321(1) 11068110338.94 -> 5.4493e-01 2.7311e+05
322(1) 35881827526.45 -> 6.4560e-01 2.6693e+05
323(1) 23504615707.87 -> 5.1632e-01 3.0166e+05
324(1) 2945667331.41 -> 6.4842e-01 2.9325e+05
325(1) 11951782922.55 -> 1.1368e+00 1.6228e+05
326(1) 17782988207.73 -> 6.7356e-01 3.0262e+05
327(1) 28755701673.02 -> 5.7444e-01 2.9432e+05
328(1) 9894069181.37 -> 7.1832e-01 2.7502e+05
329(1) 28521544791.54 -> 7.1142e-01 2.9788e+05
330(1) 40528933793.99 -> 7.1446e-01 2.0021e+05
331(1) 38104322123.24 -> 6.8376e-01 2.8193e+05
332(1) 15345781318.03 -> 7.2608e-01 1.9592e+05
333(1) 32172477556.00 -> 7.8468e-01 2.6426e+05
334(1) 20136619459.02 -> 9.6173e-01 1.6314e+05
335(1) 56629366142.84 -> 6.7405e-01 2.0322e+05
336(1) 14798485636.96 -> 5.0794e+00 1.1165e+05
337(0) 22320374530.03 -> 5.9331e-01 3.0371e+05
338(1) 13149578855.83 -> 7.2359e-01 2.4703e+05
339(1) 38413661094.00 -> 6.5374e-01 2.6751e+05
340(1) 9299659098.50 -> 5.4933e-01 3.2135e+05
341(1) 30726788562.94 -> 8.7770e-01 1.8770e+05
342(1) 29545217290.86 -> 5.8124e-01 3.1059e+05
343(1) 24934434133.01 -> 6.5643e-01 1.8543e+05
344(1) 3540028230.02 -> 6.5739e-01 2.4191e+05
345(1) 12981882507.07 -> 8.1327e-01 2.4764e+05
346(1) 30464070537.00 -> 7.3432e-01 1.9254e+05
347(1) 8093210225.49 -> 7.0598e-01 1.7983e+05
348(1) 16047418757.91 -> 6.4783e-01 2.6766e+05
349(1) 2687899633.42 -> 6.4085e-01 2.4695e+05
350(1) 5895640403.84 -> 1.2865e+00 2.2263e+05
351(1) 34089587960.90 -> 7.1437e-01 2.9918e+05
352(1) 37615431632.97 -> 6.9852e-01 1.7627e+05
353(1) 25922720477.10 -> 7.7435e-01 2.1328e+05
354(1) 13983653574.52 -> 6.4592e-01 2.8923e+05
355(1) 54629350309.72 -> 5.4083e-01 1.9598e+05
356(1) 14012022926.37 -> 6.7289e-01 2.2546e+05
357(1) 4314784603.37 -> 6.2289e-01 2.8365e+05
358(1) 39547687240.20 -> 6.1966e-01 2.5588e+05
359(1) 16425177343.60 -> 5.9248e-01 3.4524e+05
360(1) 992760308.26 -> 6.9461e-01 2.7551e+05
361(1) 7248029825.38 -> 4.0784e-01 1.0905e+06
362(1) 23978204324.22 -> 7.8483e-01 1.6997e+05
363(1) 18174457270.38 -> 6.5635e-01 2.4035e+05
364(1) 45861652090.61 -> 7.5802e-01 2.6463e+05
365(1) 36765116039.95 -> 5.5974e-01 3.5993e+05
366(1) 20508244949.32 -> 5.9166e-01 3.6940e+05
367(1) 17396939905.31 -> 7.0465e-01 2.3353e+05
368(1) 19966105799.11 -> 6.7229e-01 2.2246e+05
369(1) 14110960718.23 -> 8.3186e-01 2.4900e+05
370(1) 13710385307.49 -> 7.9971e-01 2.2385e+05
371(1) 6281641775.30 -> 8.5730e-01 2.5574e+05
372(1) 14623879550.24 -> 6.5644e-01 2.3290e+05
373(1) 5461961835.31 -> 5.8266e-01 3.4561e+05
374(1) 560969087.01 -> 6.6900e-01 2.4944e+05
375(1) 35308142606.48 -> 1.1118e+00 1.7584e+05
376(1) 31915963709.78 -> 8.2549e-01 2.0763e+05
377(1) 26467807154.08 -> 6.2429e-01 2.9870e+05
378(1) 20714490237.14 -> 7.6707e-01 1.8051e+05
379(1) 28653418843.56 -> 6.4205e-01 1.9939e+05
380(1) 18881999425.29 -> 5.8935e-01 3.4728e+05
381(1) 28461807014.05 -> 6.0770e-01 3.8586e+05
382(1) 15016742237.26 -> 7.2115e-01 2.3535e+05
383(1) 23941917225.30 -> 7.6742e-01 1.7976e+05
384(1) 53409176715.44 -> 6.3653e-01 1.9758e+05
385(1) 20377525895.32 -> 5.5239e-01 3.6877e+05
386(1) 10436545986.21 -> 7.1403e-01 1.8714e+05
387(1) 12573124483.24 -> 8.2410e-01 2.4477e+05
388(1) 17885322060.48 -> 5.6795e-01 3.7238e+05
389(1) 43213990937.41 -> 8.3446e-01 2.4778e+05
390(1) 6895866414.04 -> 5.5103e-01 3.7968e+05
391(1) 37244392620.11 -> 8.3570e-01 2.1016e+05
392(1) 31007923179.11 -> 5.2358e-01 3.4744e+05
393(1) 33532343463.00 -> 7.3933e-01 2.4531e+05
394(1) 466822329.33 -> 6.3969e-01 2.5034e+05
395(1) 51793405137.15 -> 6.1095e-01 2.3033e+05
396(1) 28490380492.29 -> 4.9075e-01 3.5375e+05
397(1) 15289608773.37 -> 6.9156e-01 2.7964e+05
398(1) 6328079961.94 -> 8.1056e-01 2.6108e+05
399(1) 40714084440.60 -> 7.5125e-01 2.7806e+05
400(1) 19168246704.30 -> 7.2611e-01 2.6273e+05
401(1) 33719667374.65 -> 7.6245e-01 2.2415e+05
402(1) 12956305527.21 -> 6.9253e-01 2.4341e+05
403(1) 23051722840.02 -> 7.6675e-01 2.7313e+05
404(1) 15333889854.59 -> 1.6595e+00 1.5306e+05
405(1) 22630039199.08 -> 6.8339e-01 1.7693e+05
406(1) 9522474558.21 -> 7.0078e-01 2.7334e+05
407(1) 5934905131.09 -> 8.2415e-01 2.3640e+05
408(1) 16297350884.32 -> 6.5534e-01 2.6085e+05
409(1) 12824881494.99 -> 7.2130e-01 2.3509e+05
410(1) 6474553397.73 -> 9.4229e-01 2.2990e+05
411(1) 44278014545.43 -> 6.5377e-01 1.8877e+05
412(1) 10968219802.52 -> 5.1040e-01 3.7558e+05
413(1) 23093826469.70 -> 6.3390e-01 3.0700e+05
414(1) 37755819356.12 -> 6.3424e-01 3.0361e+05
415(1) 15023339555.83 -> 1.0073e+00 1.6463e+05
416(1) 11745641884.41 -> 5.9999e-01 3.2718e+05
417(1) 1480733112.59 -> 7.3382e-01 2.3702e+05
418(1) 32680200365.96 -> 5.1986e-01 1.8229e+05
419(1) 36007747329.18 -> 6.5480e-01 1.7678e+05
420(1) 14051356295.67 -> 7.0928e-01 2.5254e+05
421(1) 3756072890.20 -> 6.9428e-01 2.6879e+05
422(1) 26969030102.71 -> 5.3956e-01 3.2761e+05
423(1) 9607935515.74 -> 3.9070e-01 Inf
424(1) 16244366022.23 -> 5.3144e-01 4.7130e+05
425(1) 14347862802.58 -> 7.3378e-01 1.8719e+05
426(1) 29097457768.60 -> 6.7161e-01 3.4415e+05
427(1) 12420001149.43 -> 6.3758e-01 2.6129e+05
428(1) 29137089901.28 -> 6.3186e-01 2.6901e+05
429(1) 40875192469.91 -> 7.4180e-01 3.0625e+05
430(1) 8100361164.79 -> 7.4972e-01 1.7769e+05
431(1) 16337030766.78 -> 8.0596e-01 2.2663e+05
432(1) 17599109583.11 -> 9.7822e-01 1.9822e+05
433(1) 2556120597.12 -> 6.6589e-01 2.3385e+05
434(1) 12566223359.29 -> 6.5935e-01 2.6224e+05
435(1) 16986630639.06 -> 6.6012e-01 2.6532e+05
436(1) 2047142897.85 -> 6.1550e-01 2.8638e+05
437(1) 1678548081.43 -> 7.2338e-01 2.2693e+05
438(1) 15725810834.02 -> 6.4235e-01 2.4644e+05
439(1) 29375511596.16 -> 5.9687e-01 2.6740e+05
440(1) 45621585493.07 -> 7.6392e-01 1.5854e+05
441(1) 301947780.73 -> 6.3972e-01 2.7438e+05
442(1) 18694048887.96 -> 7.2031e-01 3.3444e+05
443(1) 46073945312.47 -> 6.0796e-01 2.4176e+05
444(1) 12025467645.15 -> 6.0394e-01 1.5253e+05
445(1) 21860472234.18 -> 6.6981e-01 2.5186e+05
446(1) 35142204595.16 -> 6.7756e-01 2.9019e+05
447(1) 15933533036.63 -> 5.9212e-01 2.8611e+05
448(1) 27327123642.00 -> 6.4740e-01 2.5949e+05
449(1) 17763887679.64 -> 6.2521e-01 2.6061e+05
450(1) 25179765940.59 -> 7.6117e-01 2.3662e+05
451(1) 17041111664.31 -> 6.1442e-01 2.8048e+05
452(1) 40308408130.99 -> 7.0111e-01 2.7533e+05
453(1) 15484227775.04 -> 6.1862e-01 2.6621e+05
454(1) 17302518015.21 -> 6.8727e-01 2.3805e+05
455(1) 17037185888.04 -> 4.9945e-01 2.7276e+05
456(1) 4144110180.82 -> 8.2641e-01 2.0688e+05
457(1) 16492434010.21 -> 5.7669e-01 3.6291e+05
458(1) 18312559489.55 -> 7.2585e-01 2.6660e+05
459(1) 15692516166.80 -> 6.1992e-01 2.8015e+05
460(1) 42244290051.47 -> 6.3426e-01 2.9467e+05
461(1) 2511317353.97 -> 6.8588e-01 2.3853e+05
462(1) 5003715695.76 -> 6.3843e-01 2.4204e+05
463(1) 6627631726.47 -> 7.1232e-01 2.7075e+05
464(1) 13071110754.81 -> 6.5750e-01 2.7484e+05
465(1) 15512718537.11 -> 6.0237e-01 2.9745e+05
466(1) 11224760616.38 -> 6.7402e-01 1.9101e+05
467(1) 406557932.64 -> 6.7010e-01 2.5767e+05
468(1) 43848472416.96 -> 6.1969e-01 2.8037e+05
469(1) 17205409331.85 -> 8.1525e-01 2.3873e+05
470(1) 47674012440.59 -> 6.1627e-01 2.6987e+05
471(1) 27814256717.23 -> 7.0237e-01 1.8557e+05
472(0) 22017613987.38 -> 5.9712e-01 3.1881e+05
473(1) 14181007288.99 -> 6.5633e-01 2.8096e+05
474(1) 69793724013.40 -> 5.2581e-01 2.3860e+05
475(1) 35677955644.46 -> 6.2457e-01 3.0761e+05
476(1) 18814744028.16 -> 6.8667e-01 2.5188e+05
477(1) 30699503101.16 -> 6.6066e-01 1.4705e+05
478(1) 42743745007.90 -> 6.5393e-01 1.5389e+05
479(1) 9552390115.45 -> 5.4530e-01 4.2583e+05
480(1) 30198913215.44 -> 6.6520e-01 2.6293e+05
481(1) 22603016183.46 -> 4.8687e-01 5.6321e+05
482(1) 23885058145.99 -> 7.6365e-01 2.3122e+05
483(1) 38049146960.09 -> 6.8275e-01 1.8661e+05
484(1) 22998221203.80 -> 7.5195e-01 2.1175e+05
485(1) 1166427469.54 -> 6.7582e-01 2.4501e+05
486(1) 51637971903.47 -> 5.2528e-01 3.3598e+05
487(1) 14704235676.95 -> 6.0876e-01 2.6270e+05
488(1) 14092955990.98 -> 4.8053e-01 5.8524e+05
489(1) 9218846852.78 -> 7.7727e-01 2.5012e+05
490(1) 22680009987.10 -> 6.0284e-01 3.2716e+05
491(1) 26241186729.37 -> 5.7525e-01 2.8605e+05
492(1) 23592094048.84 -> 6.2031e-01 1.4128e+05
493(1) 30792596962.56 -> 8.4743e-01 2.5536e+05
494(1) 23394217817.10 -> 7.6004e-01 2.1497e+05
495(1) 41827748092.63 -> 8.4326e-01 2.0554e+05
496(1) 48947549096.39 -> 7.1047e-01 2.3387e+05
497(1) 50035951759.54 -> 8.0368e-01 1.8978e+05
498(1) 30899987189.73 -> 6.2418e-01 2.7241e+05
499(1) 13353165035.95 -> 7.1700e-01 2.9716e+05
500(1) 11631153911.62 -> 7.1217e-01 2.5428e+05
501(1) 26058931382.94 -> 6.7013e-01 1.9026e+05
502(1) 11618059815.15 -> 6.5626e-01 2.4717e+05
503(1) 43272857783.28 -> 5.5788e-01 3.2903e+05
504(1) 23405781406.17 -> 6.6533e-01 2.5475e+05
505(1) 24933834169.73 -> 6.9301e-01 2.7878e+05
506(1) 10561103829.45 -> 5.2772e-01 2.9222e+05
507(1) 49010820380.04 -> 4.1025e-01 1.0218e+06
508(1) 8160454538.19 -> 7.9071e-01 2.2508e+05
509(1) 12813235477.03 -> 6.5113e-01 2.7026e+05
510(1) 12670950008.25 -> 6.5156e-01 2.4773e+05
511(1) 37234199462.15 -> 6.5896e-01 2.9019e+05
512(1) 25764854488.63 -> 7.1074e-01 1.8346e+05
513(1) 660560368.90 -> 7.3871e-01 2.4544e+05
514(1) 27540785953.53 -> 5.9745e-01 3.0432e+05
515(1) 22266721760.35 -> 6.9319e-01 3.0586e+05
516(1) 912927961.68 -> 7.8586e-01 2.1760e+05
517(1) 15530453734.98 -> 8.0587e-01 2.3368e+05
518(1) 16954427564.77 -> 5.6804e-01 3.7568e+05
519(1) 24280761784.24 -> 8.3329e-01 2.0781e+05
520(1) 333093947.89 -> 6.4176e-01 2.3843e+05
521(1) 20344050975.13 -> 6.5174e-01 2.4254e+05
522(1) 20277005826.79 -> 4.3536e-01 4.9005e+05
523(1) 4896298730.79 -> 6.8029e-01 2.6538e+05
524(1) 26281112414.92 -> 8.6467e-01 1.9281e+05
525(1) 307837435.27 -> 6.4569e-01 2.4995e+05
526(1) 46260559638.04 -> 7.5443e-01 2.4360e+05
527(1) 39520288192.30 -> 7.0913e-01 1.9003e+05
528(1) 27808570723.28 -> 6.1454e-01 2.8135e+05
529(1) 20198817038.17 -> 7.7773e-01 2.5104e+05
530(1) 14766390283.62 -> 5.3902e-01 4.3382e+05
531(1) 28813529270.49 -> 6.9924e-01 2.3266e+05
532(1) 27614029746.80 -> 6.6290e-01 2.6152e+05
533(1) 13104260360.79 -> 5.7613e-01 2.7913e+05
534(1) 40194383040.58 -> 6.5350e-01 3.1026e+05
535(1) 11413948959.20 -> 7.3319e-01 2.2589e+05
536(1) 43462937934.93 -> 6.2955e-01 2.8842e+05
537(1) 17218355640.99 -> 8.0360e-01 2.7595e+05
538(1) 12634783490.31 -> 4.1346e-01 1.1993e+06
539(1) 12048457639.45 -> 6.8864e-01 1.8609e+05
540(1) 52323750058.00 -> 4.6394e-01 7.5460e+05
541(1) 46053808887.93 -> 5.9912e-01 2.2524e+05
542(1) 31325648612.92 -> 6.4708e-01 2.0648e+05
543(1) 23226017475.91 -> 7.6699e-01 2.0842e+05
544(1) 10478718833.13 -> 8.0589e-01 1.8042e+05
545(1) 35655923977.10 -> 4.7425e-01 5.5290e+05
546(1) 5591656096.58 -> 7.6960e-01 2.6469e+05
547(1) 45048697481.84 -> 6.1536e-01 2.8325e+05
548(1) 26145402665.65 -> 5.2011e-01 3.5354e+05
549(1) 16820471080.58 -> 7.3600e-01 2.3211e+05
550(1) 7067536865.97 -> 5.6424e-01 3.6449e+05
551(1) 29289395676.43 -> 6.1294e-01 3.0103e+05
552(1) 42269109885.69 -> 6.0725e-01 2.8815e+05
553(1) 38037672860.35 -> 8.5272e-01 2.1867e+05
554(1) 47567008716.58 -> 8.5314e-01 2.3340e+05
555(1) 15680005152.44 -> 6.5410e-01 2.4926e+05
556(1) 9320844851.73 -> 7.1300e-01 2.6111e+05
557(1) 1857053181.29 -> 6.8510e-01 2.3310e+05
558(1) 10644389529.91 -> 5.9626e-01 3.4289e+05
559(1) 29015410081.58 -> 6.6835e-01 2.4806e+05
560(1) 8057867963.24 -> 5.9973e-01 3.3434e+05
561(1) 32123192270.69 -> 6.3667e-01 2.0800e+05
562(1) 44145992411.43 -> 1.0045e+00 2.1479e+05
563(1) 31082695170.14 -> 6.8056e-01 1.9977e+05
564(1) 28561882541.11 -> 6.9387e-01 2.6939e+05
565(1) 18256287008.32 -> 6.3358e-01 2.4514e+05
566(1) 31460885946.02 -> 6.4355e-01 2.2905e+05
567(1) 42010456447.51 -> 7.0533e-01 2.5641e+05
568(1) 51417464521.95 -> 7.1763e-01 1.9121e+05
569(1) 18112021046.28 -> 6.5430e-01 3.3199e+05
570(1) 22999367630.48 -> 6.3052e-01 1.9193e+05
571(1) 15018319315.00 -> 6.5832e-01 2.8702e+05
572(1) 5319033499.83 -> 8.5745e-01 2.2690e+05
573(1) 33174134593.01 -> 6.7141e-01 3.2135e+05
574(1) 19120901321.20 -> 8.3340e-01 2.4130e+05
575(1) 16548092769.47 -> 8.2886e-01 2.1724e+05
576(1) 41375575067.86 -> 7.3906e-01 2.2199e+05
577(1) 26340799633.08 -> 5.8154e-01 3.2134e+05
578(1) 4350941728.99 -> 7.6117e-01 2.1556e+05
579(1) 2274738513.48 -> 6.4305e-01 2.6904e+05
580(0) 28971067425.02 -> 8.3215e-01 1.9017e+05
581(1) 37302297924.81 -> 7.2669e-01 1.8566e+05
582(1) 6507702701.69 -> 5.0107e-01 3.9655e+05
583(1) 24346712238.37 -> 6.1857e-01 3.9495e+05
584(1) 12584912745.26 -> 1.4554e+00 1.7979e+05
585(1) 18810829626.53 -> 6.2715e-01 2.5178e+05
586(1) 28459755327.58 -> 8.3446e-01 2.5277e+05
587(1) 30520724190.90 -> 8.2404e-01 2.3662e+05
588(1) 20521256755.45 -> 7.0425e-01 2.6588e+05
589(1) 11346103900.51 -> 8.6109e-01 2.0913e+05
590(1) 6071784870.04 -> 8.0620e-01 2.2760e+05
591(1) 23652986224.03 -> 7.4549e-01 2.7623e+05
592(1) 29763727253.84 -> 6.9245e-01 2.3467e+05
593(1) 47704449201.41 -> 6.3809e-01 2.6053e+05
594(1) 23520980729.84 -> 7.6404e-01 2.5246e+05
595(1) 16774158104.04 -> 6.6274e-01 2.4396e+05
596(1) 27073744428.26 -> 6.1336e-01 2.9882e+05
597(1) 26015060008.16 -> 5.7648e-01 2.7449e+05
598(1) 15803373925.41 -> 6.6837e-01 2.4951e+05
599(1) 39803376254.12 -> 5.5981e-01 2.9171e+05
600(1) 36563772557.95 -> 5.1995e-01 4.6547e+05
601(1) 31035877420.51 -> 6.2276e-01 2.2964e+05
602(1) 9235942368.96 -> 4.8249e-01 5.8670e+05
603(1) 18665013069.18 -> 5.8298e-01 2.9222e+05
604(1) 38458769971.57 -> 8.1075e-01 1.9957e+05
605(1) 16621099664.60 -> 6.1741e-01 3.2635e+05
606(1) 21610386463.91 -> 5.2114e-01 2.4937e+05
607(1) 22118115619.55 -> 9.0696e-01 1.9024e+05
608(1) 10541825207.89 -> 7.3539e-01 2.9667e+05
609(1) 12319315100.67 -> 7.0032e-01 2.6792e+05
610(1) 27565976850.38 -> 7.5731e-01 2.0376e+05
611(1) 12616450552.65 -> 1.4644e+00 1.8339e+05
612(1) 21932898205.47 -> 7.3128e-01 2.6313e+05
613(1) 2545715135.66 -> 6.7572e-01 2.5441e+05
614(1) 234231447.95 -> 6.3613e-01 2.5362e+05
615(1) 32027199493.07 -> 4.4276e-01 1.0331e+06
616(1) 15994820773.29 -> 6.1636e-01 2.5593e+05
617(1) 9515365161.74 -> 8.7482e-01 2.2546e+05
618(1) 8460241299.34 -> 9.4111e-01 1.9876e+05
619(1) 34274792570.84 -> 5.8944e-01 2.5605e+05
620(1) 26365549610.42 -> 6.9580e-01 1.8732e+05
621(1) 31226787726.10 -> 1.3142e+00 1.7858e+05
622(1) 14885294671.97 -> 5.6218e-01 2.6377e+05
623(1) 9930531931.78 -> 5.4756e-01 3.5708e+05
624(1) 45434319564.36 -> 6.4286e-01 1.6547e+05
625(1) 16640988990.26 -> 6.9935e-01 1.9709e+05
626(1) 20280855321.91 -> 6.1819e-01 3.0698e+05
627(1) 14561691844.09 -> 8.0025e-01 2.6756e+05
628(1) 7764936099.14 -> 9.3718e-01 2.1312e+05
629(1) 4020212091.04 -> 8.0203e-01 3.0539e+05
630(1) 27609029850.99 -> 8.3615e-01 1.8591e+05
631(1) 33310426907.48 -> 6.4406e-01 2.5113e+05
632(1) 31775132299.81 -> 6.2208e-01 2.3947e+05
633(1) 80190440964.57 -> 7.4538e-01 2.1301e+05
634(1) 15373788277.55 -> 5.4697e-01 2.9757e+05
635(1) 12724863895.34 -> 7.5308e-01 1.8084e+05
636(1) 1449658079.63 -> 6.3212e-01 3.4359e+05
637(1) 12243433477.76 -> 6.7479e-01 2.3365e+05
638(1) 54590125487.00 -> 6.6081e-01 2.3351e+05
639(1) 38680620070.02 -> 5.4506e-01 3.3699e+05
640(1) 10595992426.49 -> 7.7134e-01 2.8024e+05
641(1) 44018267998.15 -> 5.0107e-01 2.6933e+05
642(1) 11834004793.83 -> 7.7171e-01 2.2523e+05
643(1) 12636848762.68 -> 9.1916e-01 1.3518e+05
644(1) 27848505428.38 -> 7.4152e-01 2.7983e+05
645(1) 37407747704.19 -> 9.0809e-01 1.8306e+05
646(1) 3696364983.82 -> 8.1829e-01 2.1972e+05
647(1) 6352413363.16 -> 6.7626e-01 3.6717e+05
648(1) 40419036102.74 -> 6.7690e-01 1.8389e+05
649(1) 11303195986.80 -> 7.1978e-01 2.3903e+05
650(1) 6821757415.10 -> 6.1097e-01 3.3315e+05
651(1) 11890426925.65 -> 6.4200e-01 2.5108e+05
652(1) 26022797347.21 -> 6.6591e-01 2.6542e+05
653(1) 27615168893.38 -> 5.5230e-01 3.7777e+05
654(1) 16117004580.94 -> 6.6945e-01 2.5690e+05
655(1) 24720531742.59 -> 4.0791e-01 4.7498e+10
656(1) 24651231907.58 -> 6.2779e-01 3.2988e+05
657(1) 9289969673.64 -> 7.6487e-01 1.8321e+05
658(1) 32227523256.82 -> 6.0794e-01 2.7372e+05
659(1) 33445908365.70 -> 6.4722e-01 2.5803e+05
660(1) 49399424890.24 -> 6.6036e-01 3.0470e+05
661(1) 16318622843.01 -> 7.6258e-01 2.7415e+05
662(1) 21207170829.26 -> 6.9443e-01 2.8275e+05
663(1) 25805934873.39 -> 7.6150e-01 2.6829e+05
664(1) 1449526028.74 -> 6.5308e-01 2.5845e+05
665(1) 7813243248.13 -> 7.8667e-01 2.3951e+05
666(1) 26157141317.47 -> 6.5153e-01 2.8756e+05
667(1) 29711419555.88 -> 5.8046e-01 2.8253e+05
668(1) 52959638057.65 -> 5.3170e-01 1.9988e+05
669(1) 10601966378.51 -> 7.7322e-01 1.8839e+05
670(1) 27998030406.20 -> 4.9359e-01 3.3292e+05
671(1) 30474449669.91 -> 1.5249e+00 1.3002e+05
672(1) 39016887893.36 -> 5.7758e-01 2.9254e+05
673(1) 10063019014.55 -> 6.7607e-01 2.7795e+05
674(1) 15670310942.68 -> 6.3898e-01 2.7482e+05
675(1) 38150806311.97 -> 6.7457e-01 3.1218e+05
676(1) 34899022130.85 -> 7.4638e-01 2.4525e+05
677(1) 31873824895.03 -> 5.4236e-01 3.1617e+05
678(1) 46142683022.06 -> 5.4368e-01 2.7070e+05
679(1) 33935850510.24 -> 9.7913e-01 2.1614e+05
680(1) 26804270286.33 -> 5.5339e-01 3.2150e+05
681(1) 26913472652.30 -> 5.4138e-01 3.4120e+05
682(1) 42645127498.57 -> 5.8795e-01 2.6744e+05
683(1) 7220179929.27 -> 7.6116e-01 2.6613e+05
684(1) 18495258261.09 -> 5.3567e-01 3.0829e+05
685(1) 3630277208.45 -> 6.3928e-01 2.6911e+05
686(1) 14006811174.11 -> 7.3699e-01 2.5810e+05
687(1) 32347286005.25 -> 6.3536e-01 3.3288e+05
688(1) 28301432833.65 -> 7.4158e-01 2.4842e+05
689(1) 26065455570.25 -> 5.2115e-01 3.8090e+05
690(1) 14868604126.29 -> 8.1778e-01 2.4272e+05
691(1) 43865244093.79 -> 8.4128e-01 2.3296e+05
692(1) 28130052037.01 -> 5.6695e-01 2.8715e+05
693(1) 17130716913.80 -> 7.3305e-01 2.8209e+05
694(1) 22825597752.99 -> 8.8291e-01 1.8631e+05
695(1) 19729408608.67 -> 8.4724e-01 2.0105e+05
696(1) 33044986313.94 -> 8.8516e-01 1.3616e+05
697(1) 16601109537.76 -> 6.0704e-01 2.6261e+05
698(1) 10006805003.28 -> 5.5410e-01 2.7995e+05
699(1) 41788848547.50 -> 6.2508e-01 1.9426e+05
700(1) 15722173760.85 -> 6.6161e-01 2.4743e+05
701(1) 23535643699.42 -> 8.4837e-01 2.0772e+05
702(1) 5479441720.25 -> 5.6954e-01 3.6696e+05
703(1) 43448493737.50 -> 6.7451e-01 2.6580e+05
704(1) 29208741723.83 -> 5.7215e-01 3.1115e+05
705(1) 22209868851.88 -> 6.9404e-01 2.7021e+05
706(1) 14777299716.83 -> 7.8580e-01 2.7334e+05
707(1) 4266125654.19 -> 6.8463e-01 2.6393e+05
708(1) 36947825452.81 -> 7.8711e-01 1.9856e+05
709(1) 24097070432.06 -> 6.9216e-01 2.7229e+05
710(1) 13283034039.05 -> 6.5733e-01 2.8297e+05
711(1) 7776683061.84 -> 7.1019e-01 3.3110e+05
712(1) 46529062348.08 -> 6.8417e-01 1.6202e+05
713(1) 21563965590.19 -> 7.1380e-01 1.7873e+05
714(1) 838741383.16 -> 6.9754e-01 2.3036e+05
715(1) 15776031347.69 -> 5.3883e-01 3.0703e+05
716(1) 32225458189.44 -> 7.4906e-01 2.6642e+05
717(1) 35943755617.65 -> 5.7203e-01 3.1691e+05
718(1) 22378141509.25 -> 7.4526e-01 1.8966e+05
719(1) 15856800775.26 -> 5.6952e-01 2.7861e+05
720(1) 9354917547.93 -> 7.4670e-01 1.7643e+05
721(1) 29279901478.75 -> 6.3618e-01 2.9393e+05
722(1) 39388320106.71 -> 6.5186e-01 3.5899e+05
723(1) 20701674927.44 -> 6.7921e-01 2.8842e+05
724(1) 31333067335.63 -> 6.4402e-01 2.4355e+05
725(1) 49174348073.34 -> 7.4139e-01 2.4534e+05
726(1) 36109099701.91 -> 6.3601e-01 3.2428e+05
727(1) 6360647502.70 -> 5.6374e-01 3.7163e+05
728(1) 28557806045.28 -> 5.6111e-01 2.7497e+05
729(1) 13913355916.30 -> 5.3324e-01 2.8686e+05
730(1) 17905263665.47 -> 6.9114e-01 2.3551e+05
731(1) 5640420915.52 -> 9.7753e-01 2.2362e+05
732(1) 24498981782.07 -> 5.3569e-01 2.6901e+05
733(1) 28396384425.04 -> 6.2721e-01 2.8152e+05
734(1) 28613618488.29 -> 6.9247e-01 3.0806e+05
735(1) 18070203163.04 -> 9.9291e-01 1.6693e+05
736(1) 17548063029.12 -> 6.4361e-01 3.2412e+05
737(1) 26091116183.63 -> 8.7113e-01 2.2272e+05
738(1) 23262383709.03 -> 7.8899e-01 1.9007e+05
739(1) 25013798246.86 -> 5.2382e-01 3.7565e+05
740(1) 2791355169.70 -> 6.8035e-01 2.5967e+05
741(1) 14922382823.53 -> 5.4467e-01 3.8926e+05
742(1) 21468206423.48 -> 4.0984e-01 9.8690e+05
743(1) 16802438323.47 -> 6.3071e-01 2.7577e+05
744(1) 11973628779.71 -> 6.6020e-01 2.8106e+05
745(1) 21778927472.91 -> 7.8213e-01 1.7975e+05
746(1) 3870681033.49 -> 7.5159e-01 2.3434e+05
747(1) 20087527769.21 -> 6.3102e-01 2.6517e+05
748(1) 29351686381.53 -> 5.6184e-01 3.0243e+05
749(1) 29314959070.80 -> 5.6037e-01 3.5519e+05
750(1) 12125960077.48 -> 9.0680e-01 2.3617e+05
751(1) 17450346332.16 -> 5.7343e-01 2.9874e+05
752(1) 28049421036.81 -> 7.9957e-01 2.3039e+05
753(1) 15305125358.36 -> 9.1995e-01 1.2218e+05
754(1) 21451556501.29 -> 7.8116e-01 1.8251e+05
755(1) 18610609473.55 -> 9.2794e-01 2.5535e+05
756(1) 12392937108.06 -> 6.9738e-01 2.5720e+05
757(1) 22316009516.11 -> 7.5933e-01 2.4279e+05
758(1) 30004976340.26 -> 1.0187e+00 1.8461e+05
759(1) 17705084848.76 -> 6.3367e-01 2.6297e+05
760(1) 3655099787.50 -> 7.3075e-01 2.4815e+05
761(1) 29662335919.23 -> 6.0486e-01 2.6387e+05
762(1) 6589795690.57 -> 6.0199e-01 3.4516e+05
763(1) 6249159994.67 -> 7.1298e-01 2.7276e+05
764(1) 9387250558.51 -> 6.0055e-01 3.3312e+05
765(1) 15668763326.60 -> 6.4269e-01 2.4996e+05
766(1) 8600471310.70 -> 6.7313e-01 2.9166e+05
767(1) 31090577266.59 -> 6.6852e-01 2.6334e+05
768(1) 6844153836.39 -> 4.9409e-01 4.0121e+05
769(1) 43528854466.76 -> 7.0584e-01 2.3790e+05
770(1) 24108418925.88 -> 7.0317e-01 1.8183e+05
771(1) 995936547.03 -> 6.7019e-01 2.4238e+05
772(1) 38177084374.04 -> 5.6694e-01 1.7205e+05
773(1) 40014268189.78 -> 6.9069e-01 2.2264e+05
774(1) 4977968843.60 -> 6.4237e-01 2.7411e+05
775(1) 15422292883.67 -> 5.2934e-01 3.6645e+05
776(1) 4481943160.57 -> 8.0689e-01 2.3721e+05
777(1) 25019601128.47 -> 5.0511e-01 5.0981e+05
778(1) 28635625368.77 -> 6.3423e-01 2.0893e+05
779(1) 48857691445.70 -> 8.5988e-01 1.7603e+05
780(1) 55226413610.51 -> 8.2134e-01 2.5451e+05
781(1) 14207959075.74 -> 6.8803e-01 2.3030e+05
782(1) 2905409692.23 -> 6.6731e-01 2.5836e+05
783(1) 29822095128.72 -> 6.6375e-01 2.6073e+05
784(1) 29315541348.86 -> 5.0356e-01 3.4984e+05
785(1) 34187510320.66 -> 6.0033e-01 3.1113e+05
786(1) 14912309912.62 -> 6.2245e-01 2.6459e+05
787(1) 24772737989.31 -> 5.4258e-01 3.1597e+05
788(1) 20920206127.71 -> 5.3795e-01 3.4561e+05
789(1) 19662495971.95 -> 5.7676e-01 2.8327e+05
790(1) 17419871659.93 -> 7.0622e-01 2.8950e+05
791(1) 8123787822.79 -> 7.7893e-01 2.5669e+05
792(1) 17905486332.22 -> 6.4046e-01 3.0200e+05
793(1) 42253339621.27 -> 8.3525e-01 2.1413e+05
794(1) 3102363101.72 -> 6.5697e-01 2.5624e+05
795(0) 25839770302.33 -> 1.6870e+00 1.7922e+05
796(1) 27567016469.83 -> 7.1863e-01 2.4278e+05
797(1) 24671691735.98 -> 6.7158e-01 2.6857e+05
798(1) 19394676870.11 -> 5.4843e-01 2.9624e+05
799(1) 23831406488.35 -> 7.2507e-01 2.5426e+05
800(1) 71781491872.48 -> 8.0995e-01 2.5242e+05
801(1) 29313953987.96 -> 6.2861e-01 1.9140e+05
802(1) 15917710682.07 -> 5.9733e-01 2.6055e+05
803(1) 2620465265.70 -> 6.8095e-01 2.6571e+05
804(1) 52360410954.26 -> 5.9783e-01 3.0042e+05
805(1) 40917027207.54 -> 9.5648e-01 1.6346e+05
806(1) 29923901765.72 -> 5.2700e-01 4.3524e+05
807(1) 24206354382.34 -> 1.0525e+00 1.8900e+05
808(1) 5918828767.42 -> 8.1658e-01 1.3333e+05
809(1) 51564919499.83 -> 8.0677e-01 2.0994e+05
810(1) 4306109276.81 -> 6.4252e-01 2.5144e+05
811(1) 31755686561.84 -> 9.3317e-01 2.0645e+05
812(1) 37624086058.94 -> 6.5540e-01 2.6736e+05
813(1) 1204982870.05 -> 6.3085e-01 2.6647e+05
814(1) 15564308260.02 -> 6.0769e-01 3.3709e+05
815(1) 21305940656.83 -> 6.5631e-01 3.2820e+05
816(1) 13530025398.43 -> 6.9524e-01 2.5928e+05
817(1) 10130277634.47 -> 7.7203e-01 2.2900e+05
818(1) 16732688410.52 -> 6.2393e-01 2.6789e+05
819(1) 10485486831.35 -> 6.4176e-01 3.0023e+05
820(1) 1624053019.30 -> 7.1784e-01 2.6043e+05
821(1) 51367172678.26 -> 6.5929e-01 2.4998e+05
822(1) 30837810335.34 -> 6.1059e-01 2.7137e+05
823(1) 11592438167.27 -> 5.1576e-01 2.9858e+05
824(1) 33066610078.46 -> 8.2082e-01 1.7983e+05
825(1) 23062451315.59 -> 1.0972e+00 1.7270e+05
826(1) 21506956037.95 -> 5.3218e-01 3.0230e+05
827(1) 34705184662.70 -> 6.7381e-01 2.6056e+05
828(1) 7874384756.29 -> 6.5812e-01 2.9473e+05
829(1) 33274736338.67 -> 6.1080e-01 2.3020e+05
830(1) 31175954572.09 -> 6.9932e-01 2.1703e+05
831(1) 31492296903.55 -> 9.8557e-01 1.8219e+05
832(1) 3068674521.09 -> 6.5204e-01 2.5902e+05
833(1) 12895510852.93 -> 7.9491e-01 1.8040e+05
834(1) 40721470447.06 -> 6.9116e-01 2.4739e+05
835(1) 57730840849.01 -> 6.1254e-01 2.3054e+05
836(1) 25718603650.21 -> 6.8346e-01 3.1725e+05
837(1) 21914336225.99 -> 5.2025e-01 3.3275e+05
838(1) 29303560816.93 -> 5.8742e-01 2.6603e+05
839(1) 26492441519.05 -> 7.1792e-01 1.8196e+05
840(1) 25191141965.17 -> 6.6976e-01 2.9055e+05
841(1) 8539592905.29 -> 7.7190e-01 2.6667e+05
842(1) 12817881092.74 -> 7.2422e-01 2.4258e+05
843(1) 29112964194.51 -> 8.8421e-01 2.1287e+05
844(1) 39372952350.15 -> 5.5309e-01 2.9622e+05
845(1) 10208622274.12 -> 7.8678e-01 2.7560e+05
846(1) 17330246466.24 -> 5.0059e-01 3.6293e+05
847(1) 15786944615.59 -> 6.5390e-01 2.7400e+05
848(1) 38983953864.23 -> 5.4036e-01 2.9836e+05
849(1) 36893319084.10 -> 9.6533e-01 1.8825e+05
850(1) 9471488418.18 -> 7.7624e-01 2.7929e+05
851(1) 49266995506.37 -> 7.4273e-01 2.2848e+05
852(1) 41752231001.55 -> 4.9949e-01 3.8677e+05
853(1) 13458741503.94 -> 6.8188e-01 2.6502e+05
854(1) 16161535266.09 -> 6.6420e-01 2.3582e+05
855(1) 7259121737.07 -> 7.7960e-01 2.4011e+05
856(1) 29642389092.77 -> 5.8095e-01 3.4094e+05
857(1) 16243143564.02 -> 8.1404e-01 2.2960e+05
858(1) 25562886961.82 -> 5.9774e-01 3.0316e+05
859(1) 26874621476.64 -> 6.5717e-01 1.8687e+05
860(1) 32074545794.67 -> 6.8497e-01 2.5238e+05
861(1) 18803345394.24 -> 1.4526e+00 1.6726e+05
862(1) 24601065563.48 -> 7.4744e-01 1.9638e+05
863(1) 22931028974.73 -> 6.7233e-01 1.8393e+05
864(1) 21443196360.86 -> 6.9134e-01 2.9637e+05
865(1) 44014432968.00 -> 6.0210e-01 2.0565e+05
866(1) 25693102451.99 -> 7.5399e-01 1.7867e+05
867(1) 36298853087.64 -> 8.0635e-01 2.0279e+05
868(1) 8791844057.14 -> 7.4797e-01 2.5856e+05
869(1) 25659596605.56 -> 8.5817e-01 1.8818e+05
870(1) 48872106392.98 -> 8.5763e-01 1.9736e+05
871(1) 11513337277.29 -> 7.4638e-01 2.3488e+05
872(1) 34195640408.77 -> 7.4748e-01 2.0257e+05
873(1) 26469224818.33 -> 7.1317e-01 1.8635e+05
874(1) 46243532145.72 -> 5.5151e-01 3.4876e+05
875(1) 68160741500.90 -> 7.8494e-01 2.0054e+05
876(1) 13477158505.36 -> 5.0070e-01 1.8191e+05
877(1) 2642069539.88 -> 6.3048e-01 3.3784e+05
878(1) 23742770158.83 -> 6.8407e-01 2.4648e+05
879(1) 13412362672.93 -> 7.0595e-01 2.4787e+05
880(1) 29516706277.28 -> 5.9222e-01 2.6874e+05
881(1) 9848700735.19 -> 6.7720e-01 3.2894e+05
882(1) 15394717007.55 -> 6.3289e-01 3.2682e+05
883(1) 8879341532.25 -> 8.0933e-01 2.5241e+05
884(1) 38937577435.05 -> 5.7189e-01 2.8681e+05
885(1) 32134568181.79 -> 6.0636e-01 3.3639e+05
886(1) 44813425896.96 -> 6.1876e-01 3.0991e+05
887(1) 2970812584.44 -> 6.7995e-01 2.3103e+05
888(1) 2263017792.56 -> 6.6183e-01 2.4312e+05
889(1) 6623334022.72 -> 6.7651e-01 2.9629e+05
890(1) 8528648956.34 -> 8.1998e-01 1.8546e+05
891(1) 40955869080.53 -> 8.8215e-01 2.3275e+05
892(1) 5915564727.38 -> 6.2638e-01 2.8069e+05
893(1) 18618043246.83 -> 7.4591e-01 2.5026e+05
894(1) 35676651355.52 -> 5.5411e-01 3.2349e+05
895(1) 9067705941.95 -> 5.2561e-01 2.9912e+05
896(1) 26675966588.90 -> 5.5643e-01 2.7258e+05
897(1) 47401356083.63 -> 6.1217e-01 2.7185e+05
898(1) 52082792964.75 -> 5.8979e-01 2.5670e+05
899(1) 12479943101.57 -> 9.5262e-01 2.0774e+05
900(1) 28029531263.63 -> 6.9029e-01 2.6484e+05
901(1) 25799232614.40 -> 6.8742e-01 2.4768e+05
902(1) 36717567386.15 -> 6.9248e-01 2.3924e+05
903(1) 15567787974.44 -> 6.1698e-01 2.6027e+05
904(1) 1617922181.92 -> 6.8197e-01 2.3523e+05
905(1) 24061779585.80 -> 5.3382e-01 3.0806e+05
906(1) 40675677496.06 -> 7.2551e-01 2.1261e+05
907(1) 12326955660.55 -> 7.1773e-01 2.3758e+05
908(1) 28303616175.76 -> 5.6360e-01 2.9118e+05
909(1) 19726378917.90 -> 7.0494e-01 2.2930e+05
910(1) 17855635700.14 -> 7.3269e-01 2.7760e+05
911(1) 30649766323.16 -> 8.0046e-01 2.4447e+05
912(1) 21680401023.27 -> 6.3322e-01 3.2803e+05
913(1) 34803910919.81 -> 6.1780e-01 2.4907e+05
914(1) 27450671064.41 -> 7.0253e-01 2.3997e+05
915(1) 29123455556.28 -> 6.3763e-01 2.4993e+05
916(1) 27046980443.02 -> 8.8141e-01 1.2773e+05
917(1) 18284162571.92 -> 6.3976e-01 2.8168e+05
918(1) 754146520.83 -> 6.6769e-01 2.4478e+05
919(1) 21492397403.71 -> 5.3755e-01 2.6921e+05
920(1) 837780055.85 -> 6.4650e-01 2.6193e+05
921(1) 43791463760.81 -> 3.9609e-01 Inf
922(1) 3532876673.49 -> 6.5699e-01 2.6564e+05
923(1) 25440875683.96 -> 4.7862e-01 5.9851e+05
924(1) 5589578051.84 -> 5.5341e-01 3.7620e+05
925(1) 27521693251.05 -> 7.3177e-01 3.0070e+05
926(1) 20609308647.59 -> 1.2635e+00 2.0215e+05
927(1) 37471584010.05 -> 6.9142e-01 2.5683e+05
928(1) 19272824931.85 -> 6.8894e-01 3.0573e+05
929(1) 18745899798.72 -> 5.7579e-01 3.1663e+05
930(1) 16644405591.27 -> 6.6636e-01 2.5957e+05
931(1) 43089130734.03 -> 6.2377e-01 2.9022e+05
932(1) 3170271160.34 -> 6.1648e-01 3.4630e+05
933(1) 28414376513.78 -> 7.6507e-01 2.2454e+05
934(1) 35736970456.39 -> 7.1410e-01 2.6267e+05
935(1) 34554554643.21 -> 1.5854e+00 1.6509e+05
936(1) 39132359122.75 -> 5.5500e-01 2.6943e+05
937(1) 31254473294.36 -> 6.4048e-01 3.1705e+05
938(1) 8022323335.61 -> 6.5506e-01 3.1454e+05
939(1) 28310714471.40 -> 5.4100e-01 3.3710e+05
940(1) 28447923668.06 -> 4.5818e-01 4.3540e+05
941(1) 44513838744.22 -> 6.7776e-01 2.9478e+05
942(1) 36185457401.89 -> 7.0130e-01 2.6673e+05
943(1) 32436662972.29 -> 6.7179e-01 2.5484e+05
944(1) 25572408231.73 -> 6.9545e-01 2.3838e+05
945(1) 2638048148.11 -> 6.8364e-01 2.3094e+05
946(1) 35190268898.56 -> 5.6543e-01 3.1330e+05
947(1) 27167232278.48 -> 6.1890e-01 2.6357e+05
948(1) 5310243520.54 -> 1.0162e+00 2.3127e+05
949(1) 23062287852.28 -> 6.4655e-01 2.9492e+05
950(1) 47503864472.99 -> 7.2301e-01 1.5466e+05
951(1) 25727822139.21 -> 6.9422e-01 2.4371e+05
952(1) 52420491935.90 -> 8.0837e-01 2.5488e+05
953(1) 15663134139.96 -> 8.1744e-01 2.8246e+05
954(1) 69703938.80 -> 6.6022e-01 2.4305e+05
955(1) 16720718224.53 -> 8.2185e-01 2.1712e+05
956(1) 31793045758.32 -> 7.3994e-01 2.8256e+05
957(1) 1908781030.04 -> 6.8834e-01 2.5842e+05
958(1) 48708905280.90 -> 5.1715e-01 4.4183e+05
959(1) 22304103590.20 -> 7.6224e-01 2.5151e+05
960(1) 23225099383.42 -> 7.1992e-01 2.8001e+05
961(1) 2369971969.46 -> 6.3436e-01 2.7233e+05
962(1) 21743796389.68 -> 5.5931e-01 3.1603e+05
963(1) 36565758692.46 -> 6.9684e-01 1.7324e+05
964(1) 41938764564.82 -> 7.0346e-01 2.8944e+05
965(1) 40737765147.87 -> 6.2853e-01 1.8645e+05
966(1) 21857468343.95 -> 7.6686e-01 1.8473e+05
967(1) 22203069512.21 -> 6.5041e-01 1.9376e+05
968(1) 14645597662.80 -> 6.6501e-01 2.4596e+05
969(1) 29666301643.09 -> 3.9205e-01 6.2896e+65
970(1) 44807607776.39 -> 6.6576e-01 2.5399e+05
971(1) 48739645026.75 -> 6.5149e-01 2.2988e+05
972(1) 21873627319.68 -> 7.7038e-01 2.1253e+05
973(1) 10072187729.25 -> 1.0232e+00 1.8833e+05
974(1) 11232915739.70 -> 5.6188e-01 2.8453e+05
975(1) 16892828981.76 -> 1.0340e+00 1.7480e+05
976(1) 21176507379.06 -> 5.1627e-01 1.9529e+05
977(1) 16900310917.08 -> 6.4500e-01 2.5758e+05
978(1) 4863249965.17 -> 6.4854e-01 2.3409e+05
979(1) 33230727381.00 -> 6.1445e-01 2.7678e+05
980(1) 30510388335.98 -> 6.2789e-01 1.9781e+05
981(1) 18007482324.04 -> 6.4611e-01 2.7679e+05
982(1) 15429674939.51 -> 7.0337e-01 2.4721e+05
983(1) 19717119837.77 -> 5.9016e-01 3.2997e+05
984(1) 21897829375.28 -> 5.5428e-01 3.0955e+05
985(1) 19574549233.77 -> 5.2888e-01 3.1281e+05
986(1) 33957969031.10 -> 7.6054e-01 2.4548e+05
987(1) 21709176678.34 -> 6.7669e-01 3.0852e+05
988(1) 21622229773.14 -> 6.3300e-01 3.0936e+05
989(1) 37579336773.41 -> 5.5617e-01 3.6420e+05
990(1) 28393764318.01 -> 6.6863e-01 2.6201e+05
991(1) 16255995499.69 -> 6.5179e-01 2.5062e+05
992(1) 46717046896.27 -> 4.4586e-01 5.8979e+05
993(1) 14354069497.05 -> 5.9121e-01 2.6619e+05
994(1) 40211794551.59 -> 5.4809e-01 3.0135e+05
995(1) 1715983063.23 -> 6.4968e-01 2.4216e+05
996(1) 12117642065.66 -> 7.1938e-01 2.4642e+05
997(1) 31855057787.44 -> 1.0237e+00 1.9389e+05
998(1) 6812158812.69 -> 7.3887e-01 2.6039e+05
999(1) 45958386063.43 -> 5.7697e-01 2.9270e+05
1000(1) 16140258661.66 -> 7.6667e-01 1.4278e+05
