1(1) 1715957890.168 -> 6.635e-01 6.896e+05
2(1) 116147869.147 -> 6.664e-01 6.792e+05
3(1) 462177142.866 -> 7.198e-01 5.051e+05
4(1) 2457660487.465 -> 7.615e-01 3.914e+05
5(1) 3338493099.894 -> 6.966e-01 5.666e+05
6(1) 42854416.231 -> 7.157e-01 5.031e+05
7(1) 612348484.980 -> 6.519e-01 7.546e+05
8(1) 937960246.174 -> 7.201e-01 4.957e+05
9(1) 215360477.609 -> 7.185e-01 5.081e+05
10(1) 538039668.035 -> 7.541e-01 4.529e+05
11(1) 595298441.063 -> 7.317e-01 5.193e+05
12(1) 971238069.629 -> 7.286e-01 4.809e+05
13(1) 710049957.061 -> 6.507e-01 7.914e+05
14(1) 118933553.678 -> 7.142e-01 5.063e+05
15(1) 199784432.748 -> 7.161e-01 5.045e+05
16(1) 3741004879.845 -> 6.997e-01 5.342e+05
17(1) 581222012.980 -> 7.214e-01 4.841e+05
18(1) 168870052.227 -> 6.725e-01 6.193e+05
19(1) 4180762096.492 -> 6.992e-01 5.607e+05
20(1) 495419014.197 -> 7.140e-01 5.114e+05
21(1) 3708734801.161 -> 6.691e-01 6.553e+05
22(1) 562298617.721 -> 7.134e-01 5.635e+05
23(1) 487316273.564 -> 7.351e-01 4.718e+05
24(1) 2354913937.290 -> 7.164e-01 5.059e+05
25(1) 1476693309.661 -> 7.285e-01 5.241e+05
26(1) 603330876.327 -> 7.301e-01 4.691e+05
27(1) 2784131896.536 -> 7.338e-01 5.148e+05
28(1) 1970703891.056 -> 7.246e-01 4.878e+05
29(1) 116661374.806 -> 7.180e-01 5.510e+05
30(1) 2751110715.672 -> 7.363e-01 4.581e+05
31(1) 355996066.196 -> 7.879e-01 3.694e+05
32(1) 1970411500.444 -> 6.664e-01 6.792e+05
33(1) 2250546772.207 -> 7.459e-01 4.646e+05
34(1) 2022839383.512 -> 7.248e-01 4.245e+05
35(1) 1581455419.378 -> 6.839e-01 5.978e+05
36(1) 69431933.783 -> 7.434e-01 5.050e+05
37(1) 3432592013.677 -> 6.850e-01 6.645e+05
38(1) 185460947.900 -> 7.432e-01 5.053e+05
39(1) 2075841999.056 -> 7.361e-01 4.097e+05
40(1) 502255633.771 -> 7.423e-01 4.582e+05
41(1) 2039554446.697 -> 7.279e-01 4.210e+05
42(1) 4194235049.177 -> 7.270e-01 4.880e+05
43(1) 533764003.465 -> 7.339e-01 4.776e+05
44(1) 1025335106.255 -> 7.205e-01 5.043e+05
45(1) 3828603463.003 -> 7.290e-01 4.711e+05
46(1) 1927426293.738 -> 7.003e-01 5.326e+05
47(1) 11713878.550 -> 7.183e-01 5.083e+05
48(1) 1818668892.253 -> 6.919e-01 5.687e+05
49(1) 4187731000.450 -> 6.460e-01 9.939e+05
50(1) 214225257.201 -> 7.047e-01 5.855e+05
51(1) 2525046706.058 -> 7.255e-01 5.033e+05
52(1) 527870827.306 -> 7.552e-01 3.870e+05
53(1) 75000522.266 -> 7.249e-01 4.964e+05
54(1) 2329786195.879 -> 7.216e-01 5.021e+05
55(1) 399322602.585 -> 7.424e-01 4.485e+05
56(1) 5848387537.201 -> 7.448e-01 4.667e+05
57(1) 1804221271.616 -> 6.694e-01 6.357e+05
58(1) 2312945013.483 -> 7.119e-01 5.213e+05
59(1) 741117688.704 -> 7.962e-01 3.631e+05
60(1) 2598200392.996 -> 6.659e-01 7.691e+05
61(1) 6105054199.697 -> 7.293e-01 4.787e+05
62(1) 867987455.464 -> 7.492e-01 3.910e+05
63(1) 1986482652.927 -> 7.001e-01 6.051e+05
64(1) 5895453913.002 -> 7.478e-01 4.505e+05
65(1) 5227092843.049 -> 6.989e-01 5.603e+05
66(1) 3724382462.842 -> 7.220e-01 4.928e+05
67(1) 2144862063.410 -> 6.741e-01 6.287e+05
68(1) 530196877.392 -> 7.361e-01 4.086e+05
69(1) 2157580171.878 -> 6.727e-01 6.430e+05
70(1) 2428811968.303 -> 7.236e-01 4.991e+05
71(1) 1936073630.947 -> 7.013e-01 5.479e+05
72(1) 53534016.042 -> 7.356e-01 4.093e+05
73(1) 2074506999.829 -> 7.057e-01 5.201e+05
74(1) 1312004843.252 -> 6.932e-01 5.513e+05
75(1) 118920818.609 -> 7.182e-01 5.504e+05
76(1) 1714501828.176 -> 6.909e-01 5.839e+05
77(1) 769417946.702 -> 6.739e-01 6.293e+05
78(1) 3762340504.544 -> 7.393e-01 4.056e+05
79(1) 135856952.744 -> 7.153e-01 5.571e+05
80(1) 228366813.284 -> 7.538e-01 4.422e+05
81(1) 2823799217.746 -> 7.287e-01 4.874e+05
82(1) 1339545901.654 -> 6.552e-01 7.264e+05
83(1) 27785012.562 -> 7.211e-01 5.023e+05
84(1) 1287477309.004 -> 6.938e-01 5.493e+05
85(1) 167390417.129 -> 7.406e-01 5.099e+05
86(1) 1882104025.413 -> 7.232e-01 4.905e+05
87(1) 605467926.864 -> 7.406e-01 5.099e+05
88(1) 4841032672.044 -> 6.809e-01 5.975e+05
89(1) 1946065541.779 -> 7.289e-01 4.187e+05
90(1) 1621148999.431 -> 6.861e-01 6.592e+05
91(1) 376129165.484 -> 7.599e-01 3.832e+05
92(1) 1144986155.627 -> 6.856e-01 6.617e+05
93(1) 224026924.268 -> 7.232e-01 4.906e+05
94(1) 1419255630.695 -> 6.978e-01 6.137e+05
95(1) 1131651409.573 -> 7.098e-01 5.695e+05
96(1) 2426267162.079 -> 7.252e-01 5.316e+05
97(1) 785042495.420 -> 7.362e-01 4.104e+05
98(1) 1449973785.778 -> 7.377e-01 4.683e+05
99(1) 1017544142.965 -> 7.387e-01 4.655e+05
100(1) 139291697.336 -> 6.803e-01 5.039e+05
101(1) 1840197610.721 -> 7.000e-01 6.017e+05
102(1) 160708236.689 -> 7.205e-01 5.036e+05
103(1) 648319300.199 -> 7.490e-01 4.636e+05
104(1) 1836399310.277 -> 7.177e-01 5.022e+05
105(1) 526421668.894 -> 6.612e-01 8.099e+05
106(1) 287716988.125 -> 6.708e-01 6.532e+05
107(1) 540716137.194 -> 6.791e-01 5.080e+05
108(1) 601364680.692 -> 7.309e-01 4.133e+05
109(1) 2557636009.091 -> 7.516e-01 4.566e+05
110(1) 2273517178.061 -> 7.090e-01 5.288e+05
111(1) 643902599.334 -> 6.718e-01 6.403e+05
112(1) 1851586828.985 -> 6.962e-01 5.420e+05
113(1) 2344707399.032 -> 7.187e-01 4.861e+05
114(1) 2254583129.026 -> 7.084e-01 5.256e+05
115(1) 1895182712.011 -> 7.235e-01 4.993e+05
116(1) 1729640912.513 -> 6.972e-01 6.122e+05
117(1) 4133338763.283 -> 7.162e-01 5.100e+05
118(1) 4117956093.289 -> 7.381e-01 4.677e+05
119(1) 1835227565.113 -> 7.148e-01 5.599e+05
120(1) 3086732758.158 -> 6.792e-01 6.183e+05
121(1) 469329785.767 -> 7.131e-01 5.089e+05
122(1) 1715192747.716 -> 6.910e-01 5.833e+05
123(1) 2386661985.902 -> 7.182e-01 4.325e+05
124(1) 215735802.395 -> 7.561e-01 4.844e+05
125(1) 883408235.236 -> 7.558e-01 3.864e+05
126(1) 1972789159.468 -> 7.190e-01 5.025e+05
127(1) 2202093716.638 -> 7.485e-01 4.495e+05
128(1) 11896025.227 -> 7.215e-01 4.929e+05
129(1) 1011969525.991 -> 7.106e-01 5.693e+05
130(1) 334515768.015 -> 6.632e-01 7.919e+05
131(1) 1706039585.273 -> 7.026e-01 4.480e+05
132(1) 1954072310.423 -> 7.711e-01 4.223e+05
133(1) 594447258.799 -> 7.459e-01 3.986e+05
134(1) 2073718384.985 -> 7.177e-01 5.054e+05
135(1) 52215594.673 -> 7.011e-01 5.978e+05
136(1) 337907007.358 -> 7.136e-01 5.125e+05
137(1) 2382474153.453 -> 7.109e-01 5.189e+05
138(1) 24943358.112 -> 7.160e-01 4.920e+05
139(1) 5618048793.203 -> 7.297e-01 4.175e+05
140(1) 3611212971.606 -> 7.078e-01 5.271e+05
141(1) 1673703496.429 -> 6.775e-01 6.904e+05
142(1) 582472986.867 -> 7.275e-01 4.832e+05
143(1) 6517604738.909 -> 6.950e-01 4.650e+05
144(1) 2458931161.698 -> 7.270e-01 4.921e+05
145(1) 331470569.126 -> 7.505e-01 4.545e+05
146(1) 776255662.822 -> 7.695e-01 3.837e+05
147(1) 474942307.800 -> 7.192e-01 5.020e+05
148(1) 2812725051.325 -> 7.283e-01 4.897e+05
149(1) 945028062.929 -> 7.519e-01 4.444e+05
150(1) 3906139382.994 -> 7.368e-01 5.176e+05
151(1) 540332307.632 -> 6.703e-01 6.303e+05
152(1) 2066425404.689 -> 7.504e-01 4.582e+05
153(1) 946560336.761 -> 7.258e-01 4.852e+05
154(1) 3724263560.018 -> 7.078e-01 5.271e+05
155(1) 2159647031.740 -> 7.006e-01 5.488e+05
156(1) 158830982.502 -> 7.092e-01 5.184e+05
157(1) 266816626.186 -> 7.503e-01 4.619e+05
158(1) 128608310.958 -> 7.108e-01 5.690e+05
159(1) 1927944172.824 -> 6.679e-01 6.437e+05
160(1) 2192773151.754 -> 6.884e-01 6.482e+05
161(1) 1920825836.418 -> 7.719e-01 4.214e+05
162(1) 1921212055.040 -> 6.853e-01 5.857e+05
163(1) 55150667.153 -> 7.200e-01 4.960e+05
164(1) 3237686031.117 -> 6.819e-01 6.805e+05
165(1) 503460279.312 -> 7.081e-01 5.771e+05
166(1) 166629360.525 -> 7.272e-01 4.741e+05
167(1) 317504558.979 -> 7.553e-01 4.857e+05
168(1) 866135306.548 -> 7.704e-01 3.830e+05
169(1) 561033158.920 -> 7.176e-01 5.098e+05
170(1) 2067527367.475 -> 7.554e-01 4.855e+05
171(1) 129770992.569 -> 7.072e-01 5.798e+05
172(1) 2031415019.235 -> 7.005e-01 5.554e+05
173(1) 101190434.325 -> 7.436e-01 5.046e+05
174(1) 4047825489.803 -> 6.684e-01 6.408e+05
175(1) 213189028.487 -> 7.176e-01 5.109e+05
176(1) 155726679.159 -> 7.530e-01 4.512e+05
177(1) 598963855.008 -> 7.184e-01 5.038e+05
178(1) 5043507727.365 -> 6.839e-01 5.976e+05
179(1) 3619449050.899 -> 6.915e-01 6.383e+05
180(1) 2326894073.353 -> 7.340e-01 4.622e+05
181(1) 2605576430.712 -> 7.305e-01 4.644e+05
182(1) 182872926.112 -> 7.375e-01 4.070e+05
183(1) 178013118.070 -> 7.236e-01 4.949e+05
184(1) 324470739.270 -> 6.725e-01 6.369e+05
185(1) 1965801334.901 -> 7.035e-01 5.897e+05
186(1) 2111763213.062 -> 7.247e-01 4.247e+05
187(1) 2431521492.765 -> 7.477e-01 4.502e+05
188(1) 716531035.389 -> 6.597e-01 5.840e+05
189(1) 214560738.829 -> 7.379e-01 4.074e+05
190(1) 2022339012.212 -> 6.735e-01 6.146e+05
191(1) 2320608105.150 -> 7.295e-01 4.793e+05
192(1) 279280824.949 -> 7.265e-01 4.755e+05
193(1) 46619248.439 -> 7.244e-01 4.924e+05
194(1) 47151893.116 -> 7.277e-01 4.732e+05
195(1) 135252196.196 -> 7.139e-01 5.162e+05
196(1) 814814857.322 -> 7.608e-01 3.918e+05
197(1) 685889304.196 -> 7.730e-01 3.805e+05
198(1) 682313122.969 -> 7.221e-01 4.818e+05
199(1) 1884413849.205 -> 7.272e-01 4.733e+05
200(1) 1453239591.401 -> 6.774e-01 6.910e+05
201(1) 985411869.513 -> 7.399e-01 4.598e+05
202(1) 1902235454.157 -> 7.248e-01 4.777e+05
203(1) 1298678118.980 -> 7.408e-01 4.679e+05
204(1) 2455197705.817 -> 7.302e-01 4.687e+05
205(1) 1908568967.452 -> 7.323e-01 4.139e+05
206(1) 1094412057.743 -> 6.840e-01 4.928e+05
207(1) 118971380.964 -> 7.214e-01 5.028e+05
208(1) 4443153001.524 -> 7.439e-01 4.716e+05
209(1) 4254044897.943 -> 7.372e-01 4.556e+05
210(1) 100138440.075 -> 7.176e-01 5.109e+05
211(1) 824134478.229 -> 7.523e-01 4.554e+05
212(1) 3740686355.234 -> 7.217e-01 4.934e+05
213(1) 521386708.978 -> 7.193e-01 5.475e+05
214(1) 726236319.246 -> 6.706e-01 6.547e+05
215(1) 893212796.177 -> 7.373e-01 4.641e+05
216(1) 602685121.028 -> 7.375e-01 4.068e+05
217(1) 170360207.956 -> 7.436e-01 4.014e+05
218(1) 2280705546.007 -> 7.484e-01 4.493e+05
219(1) 2139975625.782 -> 7.038e-01 5.416e+05
220(1) 15557722.546 -> 7.108e-01 5.690e+05
221(1) 999568317.407 -> 6.757e-01 6.277e+05
222(1) 1975069671.885 -> 7.215e-01 5.036e+05
223(1) 1873949111.928 -> 7.243e-01 4.934e+05
224(1) 2077220713.545 -> 6.650e-01 7.765e+05
225(1) 587517716.873 -> 7.054e-01 5.831e+05
226(1) 1968579280.543 -> 7.335e-01 4.133e+05
227(1) 1862851104.667 -> 7.194e-01 4.973e+05
228(1) 845272921.412 -> 6.734e-01 6.323e+05
229(1) 2262574848.349 -> 7.438e-01 4.714e+05
230(1) 1847306736.496 -> 7.203e-01 5.063e+05
231(1) 2279485588.584 -> 7.165e-01 5.037e+05
232(1) 369029909.906 -> 6.857e-01 4.884e+05
233(1) 320207185.179 -> 7.631e-01 3.811e+05
234(1) 467831111.426 -> 6.721e-01 6.466e+05
235(1) 517744613.438 -> 7.209e-01 5.025e+05
236(1) 225854565.731 -> 7.486e-01 4.643e+05
237(1) 3645812854.132 -> 7.061e-01 5.846e+05
238(1) 125789261.652 -> 7.378e-01 4.074e+05
239(1) 1883811118.929 -> 7.238e-01 4.977e+05
240(1) 3670547695.212 -> 7.106e-01 5.153e+05
241(1) 249752487.780 -> 7.503e-01 4.619e+05
242(1) 579491768.232 -> 6.505e-01 8.163e+05
243(1) 573910388.237 -> 7.167e-01 4.905e+05
244(1) 1274786390.223 -> 6.553e-01 7.257e+05
245(1) 2821631534.019 -> 7.634e-01 3.897e+05
246(1) 571216394.852 -> 7.034e-01 5.900e+05
247(1) 2201170102.851 -> 7.459e-01 4.685e+05
248(1) 491279810.931 -> 7.414e-01 4.634e+05
249(1) 695446365.320 -> 7.212e-01 4.989e+05
250(1) 1626823262.600 -> 7.020e-01 4.494e+05
251(1) 3042501797.512 -> 6.912e-01 6.396e+05
252(1) 5417132810.983 -> 6.942e-01 5.694e+05
253(1) 1824368527.021 -> 6.863e-01 5.756e+05
254(1) 294396250.399 -> 7.595e-01 3.836e+05
255(1) 189113331.534 -> 7.183e-01 5.005e+05
256(1) 2842851912.126 -> 7.555e-01 4.476e+05
257(1) 588891906.890 -> 7.176e-01 4.885e+05
258(1) 525682117.495 -> 7.169e-01 5.092e+05
259(1) 488438411.094 -> 7.442e-01 3.996e+05
260(1) 3993791457.956 -> 7.099e-01 4.488e+05
261(1) 4236979314.155 -> 7.138e-01 4.438e+05
262(1) 130428374.551 -> 7.145e-01 4.952e+05
263(1) 3716450159.917 -> 6.987e-01 5.384e+05
264(1) 390426406.095 -> 6.656e-01 7.715e+05
265(1) 1613521436.757 -> 6.878e-01 4.823e+05
266(1) 2536373323.114 -> 6.872e-01 4.842e+05
267(1) 744638600.330 -> 6.638e-01 7.866e+05
268(1) 158448524.699 -> 7.110e-01 5.692e+05
269(1) 2427415125.267 -> 7.201e-01 4.859e+05
270(1) 1010997619.135 -> 7.259e-01 5.300e+05
271(1) 2055356457.023 -> 7.486e-01 4.642e+05
272(1) 1268173001.609 -> 7.024e-01 4.485e+05
273(1) 197923233.496 -> 7.337e-01 4.127e+05
274(1) 503346869.628 -> 7.085e-01 5.297e+05
275(1) 3631563176.623 -> 7.070e-01 5.340e+05
276(1) 1865359509.427 -> 7.135e-01 5.172e+05
277(1) 1941203173.829 -> 7.066e-01 5.829e+05
278(1) 2203760734.875 -> 7.686e-01 3.845e+05
279(1) 1958964118.742 -> 6.873e-01 5.838e+05
280(1) 138733374.257 -> 7.042e-01 5.870e+05
281(1) 706992242.367 -> 7.607e-01 3.824e+05
282(1) 150510749.097 -> 7.192e-01 5.021e+05
283(1) 41736600.101 -> 7.175e-01 4.889e+05
284(1) 223194914.976 -> 7.238e-01 4.786e+05
285(1) 3952651298.443 -> 7.454e-01 4.694e+05
286(1) 151780212.601 -> 7.218e-01 4.824e+05
287(1) 1219079283.851 -> 6.742e-01 6.282e+05
288(1) 1038371139.555 -> 7.342e-01 4.732e+05
289(1) 2433166739.786 -> 7.210e-01 4.950e+05
290(1) 1081664437.874 -> 6.732e-01 6.159e+05
291(1) 130112680.978 -> 7.224e-01 4.929e+05
292(1) 1998752169.786 -> 7.216e-01 4.937e+05
293(1) 118921189.087 -> 7.206e-01 4.991e+05
294(1) 1874852235.911 -> 7.148e-01 5.097e+05
295(1) 199327938.523 -> 7.338e-01 4.117e+05
296(1) 2227050690.809 -> 7.571e-01 3.849e+05
297(1) 2215149131.847 -> 7.479e-01 4.586e+05
298(1) 814814857.322 -> 7.608e-01 3.918e+05
299(1) 693918100.435 -> 7.502e-01 4.550e+05
300(1) 1877772786.093 -> 7.197e-01 5.053e+05
301(1) 395358512.835 -> 6.638e-01 7.868e+05
302(1) 2318800738.442 -> 7.278e-01 4.855e+05
303(1) 1044678416.487 -> 7.213e-01 4.983e+05
304(1) 2346704706.531 -> 7.308e-01 5.213e+05
305(1) 5366842929.471 -> 7.088e-01 4.509e+05
306(1) 1961139435.447 -> 7.189e-01 5.093e+05
307(1) 490455169.768 -> 7.266e-01 4.742e+05
308(1) 1738562155.834 -> 6.600e-01 8.214e+05
309(1) 1264640291.049 -> 6.878e-01 4.823e+05
310(1) 2271209369.176 -> 7.469e-01 4.517e+05
311(1) 2084429588.653 -> 7.013e-01 5.414e+05
312(1) 2305801945.738 -> 7.266e-01 5.011e+05
313(1) 2108783589.182 -> 7.478e-01 4.586e+05
314(1) 545255718.536 -> 7.157e-01 5.029e+05
315(1) 1616169690.650 -> 6.971e-01 5.649e+05
316(1) 2374032613.049 -> 7.407e-01 4.039e+05
317(1) 117756150.751 -> 7.124e-01 5.200e+05
318(1) 1139839437.766 -> 7.270e-01 4.842e+05
319(1) 2110242952.791 -> 6.857e-01 4.884e+05
320(1) 469064075.004 -> 7.227e-01 4.905e+05
321(1) 4630017928.294 -> 6.819e-01 6.805e+05
322(1) 2258362912.019 -> 7.159e-01 4.389e+05
323(1) 2490423844.838 -> 7.440e-01 4.677e+05
324(1) 573262854.488 -> 7.411e-01 4.022e+05
325(1) 3226818737.825 -> 6.848e-01 5.877e+05
326(1) 69431933.783 -> 7.434e-01 5.050e+05
327(1) 2482152252.492 -> 7.042e-01 5.343e+05
328(1) 645280183.794 -> 7.409e-01 4.043e+05
329(1) 3639817483.754 -> 6.962e-01 5.446e+05
330(1) 1979891206.386 -> 7.115e-01 5.176e+05
331(1) 71139470.539 -> 6.678e-01 6.625e+05
332(1) 541034169.368 -> 7.081e-01 5.769e+05
333(1) 2462074589.900 -> 7.402e-01 4.653e+05
334(1) 127590550.945 -> 7.187e-01 5.031e+05
335(1) 4307547504.675 -> 7.269e-01 4.965e+05
336(1) 141247105.600 -> 7.176e-01 5.100e+05
337(1) 2354789857.150 -> 7.150e-01 5.570e+05
338(1) 2172569692.982 -> 6.645e-01 7.807e+05
339(1) 1060573071.378 -> 7.285e-01 4.810e+05
340(1) 745182557.024 -> 7.499e-01 4.624e+05
341(1) 3885595269.305 -> 6.704e-01 6.633e+05
342(1) 1103566109.719 -> 7.275e-01 5.275e+05
343(1) 5048346609.033 -> 7.430e-01 4.102e+05
344(1) 3716546550.330 -> 7.026e-01 5.464e+05
345(1) 166323703.296 -> 6.700e-01 6.322e+05
346(1) 3443829166.472 -> 7.045e-01 4.594e+05
347(1) 116788105.206 -> 7.195e-01 5.058e+05
348(1) 42582911.245 -> 7.221e-01 4.969e+05
349(1) 3909760321.987 -> 7.328e-01 4.143e+05
350(1) 2420677612.113 -> 7.131e-01 5.138e+05
351(1) 501680754.672 -> 7.390e-01 4.050e+05
352(1) 294778218.044 -> 7.182e-01 5.009e+05
353(1) 259062209.465 -> 7.405e-01 5.102e+05
354(1) 333180201.710 -> 7.232e-01 4.817e+05
355(1) 1945231104.346 -> 6.873e-01 5.840e+05
356(1) 253625008.417 -> 7.211e-01 4.957e+05
357(1) 511228903.939 -> 7.464e-01 4.603e+05
358(1) 167599336.081 -> 6.613e-01 8.090e+05
359(1) 1872318564.580 -> 7.171e-01 5.534e+05
360(1) 703593357.073 -> 7.562e-01 4.392e+05
361(1) 1076041437.853 -> 7.630e-01 3.895e+05
362(1) 3635458671.925 -> 7.093e-01 4.498e+05
363(1) 1332890630.519 -> 6.530e-01 7.913e+05
364(1) 2395432896.854 -> 7.187e-01 4.998e+05
365(1) 139260546.856 -> 7.187e-01 4.989e+05
366(1) 2056094027.685 -> 7.013e-01 5.478e+05
367(1) 1525080927.450 -> 6.988e-01 5.489e+05
368(1) 2079589948.559 -> 7.672e-01 4.371e+05
369(1) 2687013046.491 -> 7.204e-01 5.531e+05
370(1) 210989661.688 -> 6.644e-01 7.819e+05
371(1) 3963245354.562 -> 6.727e-01 6.433e+05
372(1) 1919790654.609 -> 6.847e-01 5.881e+05
373(1) 4223932490.514 -> 7.273e-01 4.916e+05
374(1) 236538129.833 -> 7.077e-01 5.272e+05
375(1) 1572681059.037 -> 7.046e-01 5.343e+05
376(1) 1867478410.965 -> 7.225e-01 4.973e+05
377(1) 759381079.535 -> 6.739e-01 6.296e+05
378(1) 1926893144.281 -> 7.098e-01 5.221e+05
379(1) 43956801.186 -> 7.107e-01 5.692e+05
380(1) 1539769309.612 -> 6.943e-01 6.264e+05
381(1) 3218698968.680 -> 6.846e-01 5.946e+05
382(1) 2073869095.088 -> 7.232e-01 4.916e+05
383(1) 66605460.867 -> 7.447e-01 4.002e+05
384(1) 2418669693.463 -> 7.282e-01 4.819e+05
385(1) 119157753.278 -> 7.260e-01 4.851e+05
386(1) 2388577368.547 -> 7.431e-01 4.726e+05
387(1) 245984299.862 -> 7.701e-01 4.234e+05
388(1) 2038010013.311 -> 7.030e-01 4.599e+05
389(1) 821629620.152 -> 7.431e-01 4.570e+05
390(1) 3802998737.311 -> 7.184e-01 5.005e+05
391(1) 168530919.077 -> 7.406e-01 5.101e+05
392(1) 689299214.034 -> 7.183e-01 5.462e+05
393(1) 200776548.755 -> 7.715e-01 4.218e+05
394(1) 46778585.857 -> 7.218e-01 4.976e+05
395(1) 564546077.002 -> 7.187e-01 4.884e+05
396(1) 1955912664.658 -> 6.843e-01 4.923e+05
397(1) 2147030269.988 -> 7.211e-01 5.512e+05
398(1) 576516829.484 -> 6.505e-01 8.160e+05
399(1) 12765626.208 -> 7.170e-01 5.537e+05
400(1) 2113023502.958 -> 7.289e-01 4.183e+05
401(1) 1395198761.153 -> 6.973e-01 5.644e+05
402(1) 4795503153.707 -> 6.822e-01 5.772e+05
403(1) 4111099083.969 -> 7.147e-01 5.125e+05
404(1) 598671575.937 -> 7.249e-01 4.783e+05
405(1) 2060662592.629 -> 7.212e-01 4.955e+05
406(1) 1173983920.178 -> 7.602e-01 3.829e+05
407(1) 5264948910.929 -> 6.628e-01 6.939e+05
408(1) 519158617.910 -> 7.597e-01 4.790e+05
409(1) 2345168139.094 -> 7.024e-01 5.937e+05
410(1) 2326014190.985 -> 7.255e-01 4.941e+05
411(1) 811428837.699 -> 7.686e-01 3.845e+05
412(1) 2224265236.095 -> 7.591e-01 3.840e+05
413(1) 12448646.830 -> 7.233e-01 4.945e+05
414(1) 137350968.288 -> 7.178e-01 5.051e+05
415(1) 2429589507.502 -> 7.274e-01 4.874e+05
416(1) 1326543431.292 -> 6.912e-01 5.713e+05
417(1) 525123743.570 -> 7.075e-01 5.323e+05
418(1) 2516298709.124 -> 7.730e-01 3.805e+05
419(1) 101190434.325 -> 7.436e-01 5.046e+05
420(1) 559677534.905 -> 7.105e-01 5.247e+05
421(1) 979580887.374 -> 7.399e-01 4.598e+05
422(1) 1027327293.558 -> 7.133e-01 5.627e+05
423(1) 280649924.493 -> 6.613e-01 8.090e+05
424(1) 798412837.054 -> 7.476e-01 4.657e+05
425(1) 169869249.738 -> 7.502e-01 4.620e+05
426(1) 2424873389.754 -> 7.295e-01 4.753e+05
427(1) 1874644291.055 -> 7.136e-01 5.080e+05
428(1) 6780573.739 -> 7.155e-01 5.567e+05
429(1) 52437977.284 -> 7.235e-01 4.983e+05
430(1) 1782434951.738 -> 7.039e-01 5.376e+05
431(1) 3287333886.186 -> 6.976e-01 6.147e+05
432(1) 1354997714.076 -> 7.022e-01 4.488e+05
433(1) 1972192151.858 -> 7.250e-01 4.220e+05
434(1) 53754829.043 -> 7.206e-01 5.035e+05
435(1) 44206985.926 -> 7.385e-01 4.057e+05
436(1) 637664568.329 -> 7.346e-01 4.115e+05
437(1) 3199448207.763 -> 6.913e-01 5.767e+05
438(1) 2723410835.623 -> 7.521e-01 3.915e+05
439(1) 248183806.783 -> 7.201e-01 5.063e+05
440(1) 4050258224.976 -> 6.975e-01 6.111e+05
441(1) 139592255.321 -> 7.200e-01 5.057e+05
442(1) 2975396331.346 -> 7.015e-01 4.503e+05
443(1) 947485252.009 -> 7.059e-01 5.816e+05
444(1) 42582911.245 -> 7.221e-01 4.969e+05
445(1) 309168836.737 -> 7.488e-01 4.640e+05
446(1) 424062018.815 -> 7.397e-01 4.613e+05
447(1) 584362479.009 -> 7.686e-01 4.323e+05
448(1) 123587132.890 -> 7.124e-01 5.200e+05
449(1) 3754123258.309 -> 6.946e-01 6.252e+05
450(1) 2686056614.650 -> 6.738e-01 6.446e+05
451(1) 434464452.888 -> 7.491e-01 4.483e+05
452(1) 4825780309.294 -> 6.855e-01 6.622e+05
453(1) 3150259919.611 -> 6.637e-01 5.651e+05
454(1) 2676954282.179 -> 7.431e-01 4.641e+05
455(1) 1103161323.884 -> 6.505e-01 8.048e+05
456(1) 105806034.954 -> 7.348e-01 4.104e+05
457(1) 3813252446.698 -> 7.122e-01 5.204e+05
458(1) 836811091.170 -> 6.752e-01 6.228e+05
459(1) 2189945773.279 -> 7.454e-01 4.451e+05
460(1) 756236717.242 -> 6.645e-01 7.805e+05
461(1) 2189945773.279 -> 7.454e-01 4.451e+05
462(1) 612314117.431 -> 7.247e-01 4.906e+05
463(1) 3193033751.313 -> 6.910e-01 6.393e+05
464(1) 51664271.355 -> 7.260e-01 4.754e+05
465(1) 129851473.755 -> 7.165e-01 5.541e+05
466(1) 4901966944.737 -> 6.803e-01 6.003e+05
467(1) 572839861.628 -> 7.258e-01 5.302e+05
468(1) 126689047.731 -> 7.217e-01 4.936e+05
469(1) 598344569.199 -> 7.249e-01 4.912e+05
470(1) 1595205885.729 -> 7.025e-01 4.483e+05
471(1) 5252214727.236 -> 7.046e-01 4.593e+05
472(1) 621281522.718 -> 7.681e-01 4.329e+05
473(1) 4349827054.246 -> 7.589e-01 3.939e+05
474(1) 3746963822.031 -> 7.229e-01 5.006e+05
475(1) 663147869.683 -> 7.170e-01 5.122e+05
476(1) 134828435.046 -> 7.072e-01 5.799e+05
477(1) 3103596818.723 -> 6.629e-01 5.684e+05
478(1) 2374033756.267 -> 7.068e-01 5.134e+05
479(1) 2327865269.653 -> 7.704e-01 4.333e+05
480(1) 3731320835.299 -> 7.250e-01 4.220e+05
481(1) 1035336407.474 -> 7.440e-01 3.997e+05
482(1) 1867459441.216 -> 7.279e-01 4.825e+05
483(1) 1877132496.241 -> 7.389e-01 4.051e+05
484(1) 2416744461.253 -> 7.339e-01 4.624e+05
485(1) 552674108.276 -> 7.427e-01 4.024e+05
486(1) 1995227814.029 -> 7.523e-01 4.556e+05
487(1) 1877111835.569 -> 7.197e-01 5.012e+05
488(1) 1547359314.907 -> 7.031e-01 5.257e+05
489(1) 1068538864.389 -> 7.278e-01 4.827e+05
490(1) 216276010.347 -> 7.183e-01 5.049e+05
491(1) 978219751.280 -> 7.387e-01 4.667e+05
492(1) 663123870.566 -> 7.195e-01 5.077e+05
493(1) 2400205518.984 -> 6.500e-01 7.979e+05
494(1) 1886281517.341 -> 7.138e-01 4.968e+05
495(1) 2335275753.412 -> 7.228e-01 4.825e+05
496(1) 2431120666.418 -> 7.246e-01 5.330e+05
497(1) 2268370156.157 -> 6.675e-01 6.728e+05
498(1) 1146868751.263 -> 7.250e-01 4.876e+05
499(1) 3484287121.463 -> 7.033e-01 5.252e+05
500(1) 53435633.530 -> 7.264e-01 4.893e+05
501(1) 3276321093.206 -> 6.981e-01 6.128e+05
502(1) 2209575690.217 -> 7.128e-01 4.445e+05
503(1) 189649513.931 -> 7.314e-01 4.149e+05
504(1) 3105275284.112 -> 6.854e-01 6.624e+05
505(1) 77252301.447 -> 7.280e-01 4.727e+05
506(1) 1944136092.662 -> 7.204e-01 4.965e+05
507(1) 2316109943.987 -> 6.707e-01 6.288e+05
508(1) 1883845039.845 -> 7.264e-01 4.893e+05
509(1) 605301012.037 -> 7.217e-01 4.966e+05
510(1) 2079103920.134 -> 7.489e-01 4.604e+05
511(1) 2392795916.817 -> 6.999e-01 6.019e+05
512(1) 2731986692.219 -> 7.175e-01 5.483e+05
513(1) 489604167.375 -> 6.798e-01 5.056e+05
514(1) 1922414746.895 -> 6.671e-01 6.751e+05
515(1) 3150733592.375 -> 6.757e-01 6.207e+05
516(1) 642950764.858 -> 7.374e-01 4.689e+05
517(1) 581144100.187 -> 7.260e-01 4.849e+05
518(1) 1411369368.703 -> 7.407e-01 4.644e+05
519(1) 486081174.501 -> 6.801e-01 5.045e+05
520(1) 635355505.072 -> 7.147e-01 5.097e+05
521(1) 1915899130.879 -> 7.103e-01 5.713e+05
522(1) 132058549.791 -> 7.223e-01 4.814e+05
523(1) 1034296557.664 -> 7.253e-01 5.314e+05
524(1) 2639141755.932 -> 7.060e-01 5.403e+05
525(1) 2179449463.944 -> 6.652e-01 6.955e+05
526(1) 1950361792.397 -> 7.182e-01 5.052e+05
527(1) 6288242.970 -> 7.216e-01 4.928e+05
528(1) 1986641752.111 -> 7.530e-01 4.512e+05
529(1) 2494106255.986 -> 6.511e-01 7.868e+05
530(1) 668743930.018 -> 7.375e-01 4.087e+05
531(1) 1917848535.230 -> 6.777e-01 6.894e+05
532(1) 101649033.361 -> 6.843e-01 4.923e+05
533(1) 1412554.876 -> 7.227e-01 4.998e+05
534(1) 1860694544.509 -> 7.128e-01 4.445e+05
535(1) 2822909482.859 -> 7.560e-01 4.471e+05
536(1) 491513142.668 -> 7.264e-01 4.893e+05
537(1) 1006035476.752 -> 7.580e-01 4.367e+05
538(1) 743726224.117 -> 7.402e-01 5.108e+05
539(1) 1980065202.356 -> 7.106e-01 5.694e+05
540(1) 701510479.474 -> 7.247e-01 4.906e+05
541(1) 4883390756.184 -> 6.534e-01 7.656e+05
542(1) 1783996221.156 -> 6.671e-01 6.751e+05
543(1) 941045777.288 -> 6.738e-01 6.444e+05
544(1) 1912928027.121 -> 7.152e-01 5.110e+05
545(1) 1853250809.343 -> 7.148e-01 5.599e+05
546(1) 2939924368.610 -> 7.741e-01 3.797e+05
547(1) 501620189.558 -> 7.159e-01 5.026e+05
548(1) 123070546.368 -> 7.301e-01 4.143e+05
549(1) 2157195526.350 -> 7.507e-01 4.544e+05
550(1) 587969576.212 -> 7.118e-01 5.662e+05
551(1) 901377355.898 -> 7.497e-01 4.554e+05
552(1) 1845382428.862 -> 7.105e-01 5.700e+05
553(1) 318632444.413 -> 7.182e-01 5.009e+05
554(1) 2359877697.114 -> 7.398e-01 4.611e+05
555(1) 607389276.714 -> 7.104e-01 5.712e+05
556(1) 2227611469.151 -> 7.481e-01 4.615e+05
557(1) 594057890.869 -> 7.673e-01 4.370e+05
558(1) 953152479.667 -> 7.286e-01 4.808e+05
559(1) 2067289946.228 -> 7.223e-01 4.931e+05
560(1) 1069273646.683 -> 6.516e-01 7.823e+05
561(1) 232065772.271 -> 7.268e-01 4.741e+05
562(1) 3939560327.333 -> 6.749e-01 6.082e+05
563(1) 509407744.258 -> 7.059e-01 5.816e+05
564(1) 926322344.755 -> 7.241e-01 4.780e+05
565(1) 954047166.866 -> 7.272e-01 4.825e+05
566(1) 708456403.109 -> 7.244e-01 4.891e+05
567(1) 118933553.678 -> 7.142e-01 5.063e+05
568(1) 1876266490.376 -> 7.219e-01 4.943e+05
569(1) 2389081035.814 -> 7.001e-01 5.554e+05
570(1) 946970605.267 -> 7.261e-01 4.845e+05
571(1) 2430783334.936 -> 7.262e-01 5.020e+05
572(1) 208361517.342 -> 7.213e-01 4.842e+05
573(1) 581190421.011 -> 7.269e-01 4.883e+05
574(1) 27170836.068 -> 7.152e-01 5.575e+05
575(1) 5060679466.589 -> 7.226e-01 5.094e+05
576(1) 4205909246.283 -> 7.273e-01 4.916e+05
577(1) 1768897518.666 -> 6.797e-01 5.062e+05
578(1) 132014956.251 -> 7.682e-01 4.328e+05
579(1) 236344168.101 -> 7.196e-01 4.969e+05
580(1) 2048640590.058 -> 7.145e-01 4.426e+05
581(1) 147610144.919 -> 7.039e-01 5.882e+05
582(1) 782999549.286 -> 6.649e-01 7.779e+05
583(1) 1934644850.808 -> 7.164e-01 5.103e+05
584(1) 1885914486.993 -> 7.130e-01 5.626e+05
585(1) 2423568829.461 -> 7.318e-01 4.826e+05
586(1) 741041445.427 -> 6.834e-01 4.947e+05
587(1) 181368147.853 -> 7.165e-01 5.034e+05
588(1) 230234153.777 -> 7.207e-01 5.000e+05
589(1) 4002681644.930 -> 7.320e-01 4.151e+05
590(1) 468219389.597 -> 7.131e-01 5.091e+05
591(1) 988042051.658 -> 7.377e-01 4.683e+05
592(1) 148032963.974 -> 7.212e-01 5.030e+05
593(1) 231213083.041 -> 7.483e-01 4.646e+05
594(1) 3363270459.415 -> 6.871e-01 5.923e+05
595(1) 716790021.951 -> 7.526e-01 4.517e+05
596(1) 142099023.958 -> 7.168e-01 5.541e+05
597(1) 1876968795.312 -> 7.145e-01 4.953e+05
598(1) 1905639831.328 -> 7.454e-01 3.993e+05
599(1) 682402968.499 -> 6.739e-01 6.129e+05
600(1) 570541345.399 -> 7.208e-01 4.989e+05
601(1) 2295950672.103 -> 7.159e-01 5.142e+05
602(1) 613494274.961 -> 7.139e-01 5.162e+05
603(1) 969737353.248 -> 7.440e-01 5.039e+05
604(1) 1923713837.070 -> 6.946e-01 6.252e+05
605(1) 438794775.016 -> 7.396e-01 4.517e+05
606(1) 285314610.368 -> 7.488e-01 4.640e+05
607(1) 1878761945.405 -> 7.160e-01 4.920e+05
608(1) 1051628233.094 -> 7.412e-01 5.088e+05
609(1) 2528152770.134 -> 7.065e-01 5.178e+05
610(1) 2539788057.587 -> 6.692e-01 6.704e+05
611(1) 577153672.907 -> 6.518e-01 7.805e+05
612(1) 2040096961.139 -> 7.379e-01 4.074e+05
613(1) 861247071.051 -> 6.705e-01 6.628e+05
614(1) 9441768.534 -> 7.180e-01 5.510e+05
615(1) 138829013.062 -> 7.312e-01 4.129e+05
616(1) 1111184913.472 -> 7.639e-01 3.803e+05
617(1) 4011585622.766 -> 7.202e-01 5.538e+05
618(1) 1861207715.432 -> 6.671e-01 6.666e+05
619(1) 1958345676.085 -> 7.132e-01 5.089e+05
620(1) 1927149301.695 -> 7.001e-01 5.554e+05
621(1) 3309184810.461 -> 6.967e-01 5.610e+05
622(1) 1876384068.217 -> 7.159e-01 5.025e+05
623(1) 2379221011.620 -> 6.698e-01 6.333e+05
624(1) 1381391403.090 -> 6.916e-01 6.369e+05
625(1) 995889821.930 -> 7.384e-01 4.536e+05
626(1) 1411539100.744 -> 7.232e-01 4.893e+05
627(1) 1027643000.606 -> 7.127e-01 5.146e+05
628(1) 2195249045.104 -> 6.632e-01 7.001e+05
629(1) 2900088474.336 -> 7.325e-01 4.803e+05
630(1) 2735436284.913 -> 7.477e-01 4.653e+05
631(1) 2477532540.372 -> 7.406e-01 5.099e+05
632(1) 949877353.174 -> 7.308e-01 4.677e+05
633(1) 251034028.245 -> 7.499e-01 4.554e+05
634(1) 3603957314.054 -> 7.117e-01 4.465e+05
635(1) 2254891370.597 -> 7.115e-01 5.021e+05
636(1) 2433687398.865 -> 7.212e-01 4.955e+05
637(1) 2808372952.436 -> 7.383e-01 4.057e+05
638(1) 66859020.687 -> 7.159e-01 5.094e+05
639(1) 2929879203.785 -> 7.235e-01 5.368e+05
640(1) 675531418.368 -> 7.339e-01 4.624e+05
641(1) 1971055912.214 -> 6.945e-01 6.243e+05
642(1) 589937305.482 -> 7.417e-01 5.080e+05
643(1) 1463079238.156 -> 6.916e-01 5.757e+05
644(1) 1746421525.770 -> 6.744e-01 5.236e+05
645(1) 2634888897.860 -> 7.600e-01 4.493e+05
646(1) 653646768.222 -> 7.226e-01 4.253e+05
647(1) 2032600610.870 -> 6.701e-01 6.650e+05
648(1) 2040620420.104 -> 7.505e-01 4.581e+05
649(1) 650771567.824 -> 7.143e-01 4.956e+05
650(1) 1931599839.252 -> 7.436e-01 5.046e+05
651(1) 506102079.020 -> 7.317e-01 5.193e+05
652(1) 312231996.097 -> 7.540e-01 4.420e+05
653(1) 509581872.651 -> 7.268e-01 4.925e+05
654(1) 2419797504.268 -> 7.244e-01 4.781e+05
655(1) 634250692.862 -> 7.511e-01 4.573e+05
656(1) 4106334674.805 -> 7.574e-01 3.857e+05
657(1) 293509775.855 -> 7.569e-01 3.852e+05
658(1) 3340994848.487 -> 7.007e-01 5.496e+05
659(1) 605013579.870 -> 7.205e-01 5.044e+05
660(1) 1326967277.326 -> 6.534e-01 7.768e+05
661(1) 1672635616.124 -> 7.035e-01 5.375e+05
662(1) 1421013050.151 -> 6.742e-01 6.426e+05
663(1) 1028850090.078 -> 6.502e-01 8.194e+05
664(1) 634371121.114 -> 7.310e-01 4.154e+05
665(1) 2253444151.802 -> 6.933e-01 5.750e+05
666(1) 159349774.425 -> 7.681e-01 4.329e+05
667(1) 2362328333.936 -> 7.468e-01 4.518e+05
668(1) 4138435700.206 -> 7.185e-01 4.892e+05
669(1) 1758718012.452 -> 7.127e-01 4.446e+05
670(1) 107798055.069 -> 7.184e-01 5.082e+05
671(1) 1908040233.930 -> 7.006e-01 5.316e+05
672(1) 2073718384.985 -> 7.177e-01 5.054e+05
673(1) 794851545.087 -> 7.258e-01 4.905e+05
674(1) 635685299.847 -> 7.167e-01 5.130e+05
675(1) 1280778838.845 -> 6.918e-01 5.691e+05
676(1) 926800472.765 -> 7.488e-01 4.487e+05
677(1) 2438199041.542 -> 7.674e-01 4.369e+05
678(1) 676516544.734 -> 7.423e-01 5.069e+05
679(1) 1877585559.259 -> 7.168e-01 4.904e+05
680(1) 443292392.746 -> 7.528e-01 4.435e+05
681(1) 2855321855.711 -> 6.959e-01 4.629e+05
682(1) 1876572732.261 -> 7.221e-01 5.011e+05
683(1) 2074795069.371 -> 7.206e-01 4.992e+05
684(1) 3301672240.559 -> 6.774e-01 6.910e+05
685(1) 1899833871.521 -> 7.232e-01 4.999e+05
686(1) 754684964.011 -> 7.275e-01 5.275e+05
687(1) 1890383025.501 -> 7.261e-01 4.858e+05
688(1) 731462449.261 -> 7.558e-01 4.396e+05
689(1) 759565477.224 -> 7.539e-01 3.857e+05
690(1) 119877139.060 -> 7.125e-01 5.641e+05
691(1) 959710662.836 -> 7.323e-01 4.111e+05
692(1) 605101721.009 -> 7.178e-01 4.881e+05
693(1) 153985004.765 -> 7.273e-01 4.183e+05
694(1) 2540472370.996 -> 7.532e-01 4.429e+05
695(1) 870535495.386 -> 7.396e-01 4.517e+05
696(1) 2467743205.188 -> 7.591e-01 4.354e+05
697(1) 52554525.534 -> 7.142e-01 5.065e+05
698(1) 1746339973.376 -> 7.088e-01 4.509e+05
699(1) 2583461232.901 -> 6.733e-01 6.327e+05
700(1) 1026047084.683 -> 7.118e-01 5.662e+05
701(1) 2081750773.144 -> 6.467e-01 8.459e+05
702(1) 3741004879.845 -> 6.997e-01 5.342e+05
703(1) 613641940.742 -> 7.402e-01 4.653e+05
704(1) 1883226931.302 -> 7.258e-01 4.905e+05
705(1) 612277282.808 -> 7.751e-01 3.788e+05
706(1) 479084254.430 -> 7.261e-01 4.898e+05
707(1) 1995150909.596 -> 7.303e-01 4.687e+05
708(1) 304853881.191 -> 6.735e-01 6.318e+05
709(1) 294150511.043 -> 6.756e-01 6.050e+05
710(1) 745024393.961 -> 6.735e-01 6.316e+05
711(1) 211875077.921 -> 7.382e-01 4.069e+05
712(1) 1868539958.954 -> 6.693e-01 6.359e+05
713(1) 3332895948.303 -> 6.969e-01 5.655e+05
714(1) 67345188.366 -> 7.243e-01 4.934e+05
715(1) 870452525.274 -> 7.537e-01 3.859e+05
716(1) 118832956.685 -> 7.267e-01 4.927e+05
717(1) 322299289.557 -> 7.373e-01 4.090e+05
718(1) 2096198199.288 -> 7.495e-01 4.560e+05
719(1) 140628627.692 -> 7.189e-01 5.488e+05
720(1) 470801514.011 -> 7.398e-01 4.040e+05
721(1) 2432940732.224 -> 7.274e-01 4.718e+05
722(1) 502648179.361 -> 7.410e-01 4.023e+05
723(1) 1361954.717 -> 7.113e-01 5.674e+05
724(1) 139362266.474 -> 7.409e-01 5.095e+05
725(1) 519885624.485 -> 7.150e-01 5.158e+05
726(1) 136055409.034 -> 7.205e-01 4.994e+05
727(1) 772390238.949 -> 6.757e-01 6.046e+05
728(1) 559605240.066 -> 7.530e-01 4.578e+05
729(1) 489819437.220 -> 7.180e-01 5.509e+05
730(1) 223306464.003 -> 7.245e-01 4.881e+05
731(1) 597722933.473 -> 6.501e-01 8.081e+05
732(1) 1973568104.934 -> 6.708e-01 6.460e+05
733(1) 121625938.877 -> 7.253e-01 4.767e+05
734(1) 2407760943.884 -> 6.508e-01 8.020e+05
735(1) 178654632.269 -> 7.083e-01 5.255e+05
736(1) 5009281913.655 -> 6.961e-01 5.641e+05
737(1) 203989772.002 -> 7.666e-01 4.409e+05
738(1) 2391461459.905 -> 6.775e-01 6.907e+05
739(1) 514276921.024 -> 7.392e-01 4.046e+05
740(1) 6044152369.069 -> 7.230e-01 5.003e+05
741(1) 2579501297.333 -> 7.212e-01 5.511e+05
742(1) 576672904.380 -> 7.216e-01 4.837e+05
743(1) 828534395.139 -> 6.666e-01 7.638e+05
744(1) 2322399820.690 -> 7.266e-01 4.838e+05
745(1) 204614867.888 -> 6.639e-01 7.861e+05
746(1) 2658662290.650 -> 6.656e-01 6.931e+05
747(1) 508923713.634 -> 7.391e-01 4.046e+05
748(1) 572289135.001 -> 7.434e-01 5.047e+05
749(1) 4001301341.772 -> 7.514e-01 4.453e+05
750(1) 1889546167.723 -> 6.910e-01 5.718e+05
751(1) 2341486600.309 -> 7.220e-01 5.410e+05
752(1) 4133354603.820 -> 6.941e-01 6.261e+05
753(1) 960572375.680 -> 7.411e-01 4.505e+05
754(1) 2768134615.298 -> 7.466e-01 4.993e+05
755(1) 2885677232.939 -> 7.398e-01 4.142e+05
756(1) 146065334.302 -> 7.098e-01 5.169e+05
757(1) 4280355166.054 -> 7.569e-01 4.382e+05
758(1) 144849429.186 -> 7.199e-01 5.059e+05
759(1) 122190416.190 -> 7.221e-01 4.961e+05
760(1) 2408624937.530 -> 7.135e-01 5.621e+05
761(1) 402167912.450 -> 7.373e-01 5.162e+05
762(1) 554265890.770 -> 7.434e-01 5.047e+05
763(1) 1861905115.143 -> 7.236e-01 4.939e+05
764(1) 3820258978.837 -> 7.249e-01 4.222e+05
765(1) 2054905343.808 -> 7.489e-01 4.639e+05
766(1) 2231453339.222 -> 7.082e-01 5.211e+05
767(1) 366354673.135 -> 6.730e-01 6.171e+05
768(1) 678458066.244 -> 7.200e-01 4.960e+05
769(1) 2540391585.374 -> 7.273e-01 4.794e+05
770(1) 477747717.544 -> 7.253e-01 4.957e+05
771(1) 2058231174.844 -> 6.689e-01 6.724e+05
772(1) 772350879.086 -> 7.407e-01 4.046e+05
773(1) 1931305935.022 -> 7.177e-01 5.107e+05
774(1) 944756214.340 -> 7.128e-01 5.096e+05
775(1) 2002571972.468 -> 7.311e-01 4.153e+05
776(1) 580176531.790 -> 7.168e-01 5.541e+05
777(1) 34531281.304 -> 7.142e-01 5.065e+05
778(1) 913522691.496 -> 7.321e-01 4.746e+05
779(1) 1860138860.727 -> 7.282e-01 4.714e+05
780(1) 208061568.513 -> 7.179e-01 4.902e+05
781(1) 525163416.900 -> 7.069e-01 5.785e+05
782(1) 1330028087.482 -> 6.932e-01 5.513e+05
783(1) 4098094489.790 -> 7.100e-01 5.168e+05
784(1) 72226172.802 -> 7.164e-01 5.038e+05
785(1) 605467446.956 -> 7.214e-01 4.832e+05
786(1) 2500807652.839 -> 7.270e-01 4.922e+05
787(1) 30171002.225 -> 7.151e-01 4.940e+05
788(1) 2197642221.884 -> 7.701e-01 3.834e+05
789(1) 2326231251.832 -> 7.097e-01 5.743e+05
790(1) 1254120516.977 -> 6.908e-01 5.843e+05
791(1) 2199240716.590 -> 7.610e-01 4.448e+05
792(1) 1159412299.905 -> 6.505e-01 7.930e+05
793(1) 706992242.367 -> 7.607e-01 3.824e+05
794(1) 2387233987.750 -> 7.720e-01 4.214e+05
795(1) 3786918554.068 -> 6.759e-01 7.003e+05
796(1) 546344818.142 -> 7.493e-01 3.948e+05
797(1) 3836140509.670 -> 7.135e-01 5.162e+05
798(1) 2746497834.340 -> 7.509e-01 4.927e+05
799(1) 1979891206.386 -> 7.115e-01 5.176e+05
800(1) 1081331531.807 -> 7.524e-01 4.552e+05
801(1) 332298320.422 -> 7.357e-01 4.110e+05
802(1) 2885693043.186 -> 7.267e-01 4.888e+05
803(1) 585890248.343 -> 7.115e-01 5.174e+05
804(1) 1003357453.499 -> 7.367e-01 4.738e+05
805(1) 2345105361.798 -> 7.262e-01 4.927e+05
806(1) 2854417852.564 -> 6.464e-01 9.870e+05
807(1) 2026582590.039 -> 7.511e-01 4.573e+05
808(1) 1319850514.683 -> 6.637e-01 5.651e+05
809(1) 563078458.813 -> 7.365e-01 4.654e+05
810(1) 2572821387.525 -> 7.508e-01 4.609e+05
811(1) 1922208826.844 -> 7.432e-01 4.019e+05
812(1) 2330965670.578 -> 7.229e-01 4.966e+05
813(1) 4205187045.913 -> 7.151e-01 5.180e+05
814(1) 694569213.761 -> 7.522e-01 4.557e+05
815(1) 1447300534.901 -> 6.859e-01 5.772e+05
816(1) 1215666229.205 -> 7.539e-01 3.857e+05
817(1) 534011594.665 -> 7.142e-01 5.610e+05
818(1) 491158166.778 -> 7.287e-01 4.807e+05
819(1) 542824551.234 -> 7.185e-01 5.046e+05
820(1) 3927536569.292 -> 7.489e-01 4.604e+05
821(1) 1431700769.061 -> 6.878e-01 5.560e+05
822(1) 217087485.708 -> 7.664e-01 4.412e+05
823(1) 2533461237.897 -> 7.017e-01 5.402e+05
824(1) 113348065.365 -> 7.206e-01 4.990e+05
825(1) 22201607.784 -> 7.139e-01 5.162e+05
826(1) 266188159.238 -> 6.666e-01 6.862e+05
827(1) 1678794784.425 -> 7.044e-01 5.350e+05
828(1) 551165699.494 -> 7.384e-01 4.634e+05
829(1) 3408826178.893 -> 7.004e-01 5.320e+05
830(1) 235661414.773 -> 7.163e-01 5.544e+05
831(1) 510829007.383 -> 6.671e-01 6.747e+05
832(1) 30620815.722 -> 7.191e-01 5.066e+05
833(1) 2804828312.404 -> 7.396e-01 4.145e+05
834(1) 1068538864.389 -> 7.278e-01 4.827e+05
835(1) 2026811090.755 -> 7.138e-01 5.622e+05
836(1) 449838859.707 -> 7.667e-01 3.863e+05
837(1) 2941141028.485 -> 7.597e-01 3.931e+05
838(1) 3571730359.942 -> 6.944e-01 5.629e+05
839(1) 1953305689.900 -> 7.353e-01 4.110e+05
840(1) 493986816.637 -> 7.180e-01 5.091e+05
841(1) 2014763924.935 -> 6.827e-01 4.969e+05
842(1) 1901377691.776 -> 7.177e-01 5.098e+05
843(1) 1057868454.446 -> 7.251e-01 4.875e+05
844(1) 6042780937.090 -> 7.290e-01 4.829e+05
845(1) 671393546.928 -> 6.513e-01 7.855e+05
846(1) 47641199.186 -> 7.164e-01 5.554e+05
847(1) 2415552819.775 -> 7.589e-01 4.800e+05
848(1) 1877772786.093 -> 7.197e-01 5.053e+05
849(1) 1323456465.211 -> 6.529e-01 7.925e+05
850(1) 449123374.885 -> 7.528e-01 4.435e+05
851(1) 2458180984.015 -> 7.412e-01 4.683e+05
852(1) 2346073274.759 -> 7.165e-01 5.539e+05
853(1) 3947446118.363 -> 6.456e-01 8.712e+05
854(1) 53247680.246 -> 7.011e-01 5.977e+05
855(1) 1580309388.813 -> 7.032e-01 4.595e+05
856(1) 2116137834.102 -> 7.036e-01 5.411e+05
857(1) 303859020.776 -> 7.224e-01 4.257e+05
858(1) 528591011.221 -> 7.485e-01 3.917e+05
859(1) 405307900.556 -> 7.682e-01 3.850e+05
860(1) 482293412.093 -> 7.245e-01 4.972e+05
861(1) 1037257610.326 -> 7.274e-01 4.874e+05
862(1) 241858192.876 -> 7.264e-01 4.196e+05
863(1) 125221377.143 -> 7.225e-01 4.908e+05
864(1) 3409724450.675 -> 7.033e-01 5.480e+05
865(1) 1896696113.426 -> 6.624e-01 7.992e+05
866(1) 1407909906.939 -> 7.413e-01 4.660e+05
867(1) 7163417.302 -> 7.111e-01 5.232e+05
868(1) 926777098.409 -> 6.744e-01 6.343e+05
869(1) 558322841.316 -> 7.540e-01 4.531e+05
870(1) 2329640541.948 -> 7.266e-01 5.012e+05
871(1) 507797022.978 -> 7.195e-01 5.057e+05
872(1) 1059681627.795 -> 7.290e-01 4.800e+05
873(1) 296429414.252 -> 6.741e-01 6.287e+05
874(1) 3790121999.647 -> 7.167e-01 5.088e+05
875(1) 1822833868.762 -> 6.861e-01 5.763e+05
876(1) 551473834.908 -> 7.489e-01 4.485e+05
877(1) 2154851799.330 -> 7.547e-01 4.411e+05
878(1) 2337139197.163 -> 7.221e-01 4.915e+05
879(1) 44301823.467 -> 7.124e-01 5.106e+05
880(1) 3079484386.583 -> 6.915e-01 5.703e+05
881(1) 75223196.862 -> 6.667e-01 6.856e+05
882(1) 3635286560.847 -> 7.019e-01 5.953e+05
883(1) 698234634.551 -> 7.353e-01 4.676e+05
884(1) 2204639766.497 -> 7.358e-01 4.109e+05
885(1) 2784782214.282 -> 7.308e-01 5.213e+05
886(1) 1971826329.679 -> 7.249e-01 4.222e+05
887(1) 222354749.424 -> 7.370e-01 4.093e+05
888(1) 331385849.990 -> 7.525e-01 4.553e+05
889(1) 613015930.811 -> 7.164e-01 5.542e+05
890(1) 1403405299.876 -> 6.871e-01 5.587e+05
891(1) 140693716.339 -> 7.251e-01 4.920e+05
892(1) 243242092.093 -> 7.158e-01 4.923e+05
893(1) 1868312908.426 -> 7.167e-01 5.534e+05
894(1) 1969758240.102 -> 7.101e-01 5.710e+05
895(1) 4171590027.138 -> 7.156e-01 4.405e+05
896(1) 2502014981.273 -> 6.467e-01 8.450e+05
897(1) 485671520.581 -> 7.130e-01 5.092e+05
898(1) 2047628408.330 -> 6.780e-01 6.876e+05
899(1) 944038597.281 -> 7.297e-01 4.869e+05
900(1) 3002634454.533 -> 7.187e-01 5.453e+05
901(1) 2262963097.027 -> 7.459e-01 4.611e+05
902(1) 1332588106.301 -> 6.906e-01 5.793e+05
903(1) 1884890117.886 -> 7.226e-01 4.906e+05
904(1) 926493056.193 -> 7.296e-01 4.687e+05
905(1) 2098946173.074 -> 7.032e-01 5.434e+05
906(1) 2338285933.708 -> 7.309e-01 4.131e+05
907(1) 701510479.474 -> 7.247e-01 4.906e+05
908(1) 661645823.428 -> 7.544e-01 4.414e+05
909(1) 958611373.316 -> 7.210e-01 4.815e+05
910(1) 249653832.371 -> 7.231e-01 4.817e+05
911(1) 242467423.858 -> 7.217e-01 4.978e+05
912(1) 2533750594.561 -> 7.026e-01 5.272e+05
913(1) 3722543415.865 -> 7.033e-01 5.393e+05
914(1) 252279512.971 -> 7.558e-01 4.397e+05
915(1) 1733839066.024 -> 7.021e-01 5.285e+05
916(1) 4067873454.345 -> 7.134e-01 4.433e+05
917(1) 2000491987.269 -> 7.072e-01 5.800e+05
918(1) 2767783034.669 -> 7.357e-01 4.729e+05
919(1) 3788837419.768 -> 7.189e-01 4.885e+05
920(1) 4175069471.353 -> 7.332e-01 4.622e+05
921(1) 2716486324.064 -> 7.717e-01 4.318e+05
922(1) 389834927.111 -> 7.498e-01 4.555e+05
923(1) 148444048.534 -> 6.709e-01 6.452e+05
924(1) 2432396778.171 -> 7.253e-01 5.315e+05
925(1) 2424879313.015 -> 7.245e-01 4.887e+05
926(1) 2413865421.127 -> 7.186e-01 5.034e+05
927(1) 2475951651.627 -> 7.513e-01 4.570e+05
928(1) 2442668260.411 -> 7.298e-01 4.777e+05
929(1) 511846687.049 -> 7.311e-01 4.131e+05
930(1) 851856688.968 -> 6.722e-01 6.532e+05
931(1) 2207882696.224 -> 7.013e-01 5.974e+05
932(1) 3627525849.771 -> 6.934e-01 5.693e+05
933(1) 387407858.435 -> 7.395e-01 5.120e+05
934(1) 2126261979.819 -> 7.098e-01 4.490e+05
935(1) 3712361884.005 -> 6.691e-01 6.555e+05
936(1) 3783579449.262 -> 6.678e-01 6.713e+05
937(1) 4153859042.901 -> 7.103e-01 5.275e+05
938(1) 4431852705.675 -> 7.079e-01 4.538e+05
939(1) 5366983050.096 -> 6.927e-01 5.801e+05
940(1) 85005616.204 -> 7.193e-01 4.983e+05
941(1) 117391188.092 -> 7.202e-01 5.062e+05
942(1) 709767525.415 -> 7.249e-01 4.881e+05
943(1) 574861601.883 -> 7.206e-01 4.949e+05
944(1) 627828630.937 -> 7.311e-01 4.152e+05
945(1) 1919150835.266 -> 7.331e-01 4.687e+05
946(1) 543232290.520 -> 7.322e-01 4.614e+05
947(1) 1781450888.818 -> 7.108e-01 5.701e+05
948(1) 5523479717.653 -> 7.176e-01 5.068e+05
949(1) 166962599.199 -> 7.554e-01 4.401e+05
950(1) 1878188044.051 -> 7.151e-01 5.091e+05
951(1) 232908319.892 -> 7.284e-01 4.814e+05
952(1) 1914424153.021 -> 7.152e-01 5.113e+05
953(1) 189651236.113 -> 7.175e-01 5.069e+05
954(1) 3784818573.142 -> 7.180e-01 4.904e+05
955(1) 1995530759.762 -> 6.726e-01 6.192e+05
956(1) 1375866899.124 -> 6.951e-01 6.231e+05
957(1) 472659153.350 -> 7.427e-01 4.576e+05
958(1) 388162186.933 -> 7.469e-01 4.595e+05
959(1) 463716948.390 -> 7.256e-01 4.751e+05
960(1) 4769570605.074 -> 6.877e-01 5.840e+05
961(1) 3498326186.058 -> 7.034e-01 5.428e+05
962(1) 3681731843.667 -> 6.938e-01 6.297e+05
963(1) 3916562217.554 -> 6.484e-01 7.868e+05
964(1) 5346754573.059 -> 7.068e-01 4.560e+05
965(1) 5142739202.738 -> 6.994e-01 5.350e+05
966(1) 514795137.637 -> 7.248e-01 4.914e+05
967(1) 1801918672.553 -> 7.136e-01 5.631e+05
968(1) 2009991452.550 -> 7.239e-01 4.901e+05
969(1) 509865114.968 -> 7.239e-01 4.975e+05
970(1) 1877938268.164 -> 6.799e-01 5.054e+05
971(1) 2028230776.393 -> 7.008e-01 5.442e+05
972(1) 467886379.462 -> 7.239e-01 4.975e+05
973(1) 649951065.277 -> 7.122e-01 5.109e+05
974(1) 591912967.384 -> 7.197e-01 5.011e+05
975(1) 931043105.391 -> 7.237e-01 4.786e+05
976(1) 154981935.357 -> 7.156e-01 5.033e+05
977(1) 133262230.494 -> 7.536e-01 4.503e+05
978(1) 3794092643.170 -> 7.018e-01 5.305e+05
979(1) 172460342.664 -> 7.272e-01 4.741e+05
980(1) 1871609723.719 -> 7.188e-01 5.094e+05
981(1) 3002628373.277 -> 6.614e-01 5.756e+05
982(1) 224477303.494 -> 7.121e-01 5.161e+05
983(1) 394644081.121 -> 6.754e-01 6.057e+05
984(1) 330320242.404 -> 7.220e-01 4.937e+05
985(1) 75230425.625 -> 7.454e-01 3.993e+05
986(1) 528475477.569 -> 6.684e-01 6.588e+05
987(1) 1986926038.818 -> 6.705e-01 6.475e+05
988(1) 1833547954.957 -> 7.091e-01 5.741e+05
989(1) 1314564862.070 -> 6.906e-01 5.793e+05
990(1) 1919080906.099 -> 7.157e-01 5.053e+05
991(1) 5841995027.694 -> 7.202e-01 5.538e+05
992(1) 105960793.580 -> 7.190e-01 4.991e+05
993(1) 829508001.083 -> 6.666e-01 7.637e+05
994(1) 1449924303.799 -> 6.975e-01 6.149e+05
995(1) 966920920.342 -> 7.437e-01 4.716e+05
996(1) 476091998.123 -> 7.358e-01 4.706e+05
997(1) 2629587947.417 -> 7.273e-01 4.794e+05
998(1) 44645203.794 -> 7.139e-01 5.602e+05
999(1) 2624357543.030 -> 6.482e-01 7.885e+05
1000(1) 3487754754.193 -> 7.028e-01 5.444e+05

# Non-parametric (median = 500th, lower=25th, upper=975th)
median = [ 0.719703 500583]
Lower  = [ 0.653429 385749]
Upper  = [ 0.767168 786815]
Bootstrap trials: trial(converged?) ssr -> params
1(1) 1715957890.17 -> 6.6348e-01 6.8963e+05
2(1) 116147869.15 -> 6.6642e-01 6.7916e+05
3(1) 462177142.87 -> 7.1978e-01 5.0514e+05
4(1) 2457660487.46 -> 7.6153e-01 3.9142e+05
5(1) 3338493099.89 -> 6.9661e-01 5.6661e+05
6(1) 42854416.23 -> 7.1568e-01 5.0311e+05
7(1) 612348484.98 -> 6.5185e-01 7.5458e+05
8(1) 937960246.17 -> 7.2011e-01 4.9574e+05
9(1) 215360477.61 -> 7.1847e-01 5.0808e+05
10(1) 538039668.04 -> 7.5412e-01 4.5295e+05
11(1) 595298441.06 -> 7.3166e-01 5.1933e+05
12(1) 971238069.63 -> 7.2860e-01 4.8086e+05
13(1) 710049957.06 -> 6.5066e-01 7.9138e+05
14(1) 118933553.68 -> 7.1425e-01 5.0635e+05
15(1) 199784432.75 -> 7.1606e-01 5.0450e+05
16(1) 3741004879.84 -> 6.9969e-01 5.3418e+05
17(1) 581222012.98 -> 7.2138e-01 4.8411e+05
18(1) 168870052.23 -> 6.7254e-01 6.1935e+05
19(1) 4180762096.49 -> 6.9916e-01 5.6066e+05
20(1) 495419014.20 -> 7.1401e-01 5.1144e+05
21(1) 3708734801.16 -> 6.6912e-01 6.5531e+05
22(1) 562298617.72 -> 7.1337e-01 5.6349e+05
23(1) 487316273.56 -> 7.3506e-01 4.7181e+05
24(1) 2354913937.29 -> 7.1635e-01 5.0594e+05
25(1) 1476693309.66 -> 7.2849e-01 5.2407e+05
26(1) 603330876.33 -> 7.3007e-01 4.6909e+05
27(1) 2784131896.54 -> 7.3379e-01 5.1483e+05
28(1) 1970703891.06 -> 7.2459e-01 4.8778e+05
29(1) 116661374.81 -> 7.1800e-01 5.5102e+05
30(1) 2751110715.67 -> 7.3634e-01 4.5812e+05
31(1) 355996066.20 -> 7.8789e-01 3.6938e+05
32(1) 1970411500.44 -> 6.6642e-01 6.7916e+05
33(1) 2250546772.21 -> 7.4592e-01 4.6460e+05
34(1) 2022839383.51 -> 7.2480e-01 4.2453e+05
35(1) 1581455419.38 -> 6.8385e-01 5.9782e+05
36(1) 69431933.78 -> 7.4338e-01 5.0499e+05
37(1) 3432592013.68 -> 6.8501e-01 6.6452e+05
38(1) 185460947.90 -> 7.4323e-01 5.0527e+05
39(1) 2075841999.06 -> 7.3613e-01 4.0969e+05
40(1) 502255633.77 -> 7.4230e-01 4.5821e+05
41(1) 2039554446.70 -> 7.2791e-01 4.2098e+05
42(1) 4194235049.18 -> 7.2703e-01 4.8796e+05
43(1) 533764003.47 -> 7.3395e-01 4.7758e+05
44(1) 1025335106.25 -> 7.2053e-01 5.0431e+05
45(1) 3828603463.00 -> 7.2898e-01 4.7108e+05
46(1) 1927426293.74 -> 7.0025e-01 5.3255e+05
47(1) 11713878.55 -> 7.1834e-01 5.0829e+05
48(1) 1818668892.25 -> 6.9192e-01 5.6870e+05
49(1) 4187731000.45 -> 6.4595e-01 9.9386e+05
50(1) 214225257.20 -> 7.0471e-01 5.8554e+05
51(1) 2525046706.06 -> 7.2554e-01 5.0331e+05
52(1) 527870827.31 -> 7.5517e-01 3.8699e+05
53(1) 75000522.27 -> 7.2491e-01 4.9637e+05
54(1) 2329786195.88 -> 7.2162e-01 5.0213e+05
55(1) 399322602.58 -> 7.4242e-01 4.4849e+05
56(1) 5848387537.20 -> 7.4480e-01 4.6667e+05
57(1) 1804221271.62 -> 6.6940e-01 6.3570e+05
58(1) 2312945013.48 -> 7.1186e-01 5.2129e+05
59(1) 741117688.70 -> 7.9616e-01 3.6314e+05
60(1) 2598200393.00 -> 6.6595e-01 7.6907e+05
61(1) 6105054199.70 -> 7.2925e-01 4.7867e+05
62(1) 867987455.46 -> 7.4916e-01 3.9098e+05
63(1) 1986482652.93 -> 7.0013e-01 6.0514e+05
64(1) 5895453913.00 -> 7.4779e-01 4.5046e+05
65(1) 5227092843.05 -> 6.9891e-01 5.6032e+05
66(1) 3724382462.84 -> 7.2205e-01 4.9279e+05
67(1) 2144862063.41 -> 6.7407e-01 6.2869e+05
68(1) 530196877.39 -> 7.3609e-01 4.0859e+05
69(1) 2157580171.88 -> 6.7273e-01 6.4305e+05
70(1) 2428811968.30 -> 7.2360e-01 4.9912e+05
71(1) 1936073630.95 -> 7.0126e-01 5.4791e+05
72(1) 53534016.04 -> 7.3560e-01 4.0925e+05
73(1) 2074506999.83 -> 7.0565e-01 5.2012e+05
74(1) 1312004843.25 -> 6.9322e-01 5.5126e+05
75(1) 118920818.61 -> 7.1823e-01 5.5040e+05
76(1) 1714501828.18 -> 6.9089e-01 5.8386e+05
77(1) 769417946.70 -> 6.7391e-01 6.2931e+05
78(1) 3762340504.54 -> 7.3931e-01 4.0564e+05
79(1) 135856952.74 -> 7.1533e-01 5.5714e+05
80(1) 228366813.28 -> 7.5375e-01 4.4223e+05
81(1) 2823799217.75 -> 7.2871e-01 4.8745e+05
82(1) 1339545901.65 -> 6.5523e-01 7.2640e+05
83(1) 27785012.56 -> 7.2113e-01 5.0226e+05
84(1) 1287477309.00 -> 6.9383e-01 5.4928e+05
85(1) 167390417.13 -> 7.4062e-01 5.0994e+05
86(1) 1882104025.41 -> 7.2321e-01 4.9049e+05
87(1) 605467926.86 -> 7.4063e-01 5.0994e+05
88(1) 4841032672.04 -> 6.8093e-01 5.9748e+05
89(1) 1946065541.78 -> 7.2885e-01 4.1869e+05
90(1) 1621148999.43 -> 6.8609e-01 6.5919e+05
91(1) 376129165.48 -> 7.5990e-01 3.8320e+05
92(1) 1144986155.63 -> 6.8557e-01 6.6174e+05
93(1) 224026924.27 -> 7.2317e-01 4.9057e+05
94(1) 1419255630.69 -> 6.9783e-01 6.1374e+05
95(1) 1131651409.57 -> 7.0978e-01 5.6950e+05
96(1) 2426267162.08 -> 7.2522e-01 5.3160e+05
97(1) 785042495.42 -> 7.3621e-01 4.1042e+05
98(1) 1449973785.78 -> 7.3775e-01 4.6827e+05
99(1) 1017544142.97 -> 7.3874e-01 4.6549e+05
100(1) 139291697.34 -> 6.8033e-01 5.0394e+05
101(1) 1840197610.72 -> 7.0004e-01 6.0173e+05
102(1) 160708236.69 -> 7.2052e-01 5.0359e+05
103(1) 648319300.20 -> 7.4900e-01 4.6362e+05
104(1) 1836399310.28 -> 7.1770e-01 5.0216e+05
105(1) 526421668.89 -> 6.6116e-01 8.0992e+05
106(1) 287716988.12 -> 6.7085e-01 6.5325e+05
107(1) 540716137.19 -> 6.7905e-01 5.0798e+05
108(1) 601364680.69 -> 7.3094e-01 4.1326e+05
109(1) 2557636009.09 -> 7.5163e-01 4.5657e+05
110(1) 2273517178.06 -> 7.0896e-01 5.2885e+05
111(1) 643902599.33 -> 6.7180e-01 6.4033e+05
112(1) 1851586828.98 -> 6.9615e-01 5.4197e+05
113(1) 2344707399.03 -> 7.1874e-01 4.8612e+05
114(1) 2254583129.03 -> 7.0839e-01 5.2557e+05
115(1) 1895182712.01 -> 7.2346e-01 4.9931e+05
116(1) 1729640912.51 -> 6.9719e-01 6.1219e+05
117(1) 4133338763.28 -> 7.1622e-01 5.0996e+05
118(1) 4117956093.29 -> 7.3812e-01 4.6766e+05
119(1) 1835227565.11 -> 7.1477e-01 5.5990e+05
120(1) 3086732758.16 -> 6.7924e-01 6.1831e+05
121(1) 469329785.77 -> 7.1314e-01 5.0887e+05
122(1) 1715192747.72 -> 6.9103e-01 5.8334e+05
123(1) 2386661985.90 -> 7.1817e-01 4.3255e+05
124(1) 215735802.39 -> 7.5607e-01 4.8442e+05
125(1) 883408235.24 -> 7.5576e-01 3.8636e+05
126(1) 1972789159.47 -> 7.1902e-01 5.0247e+05
127(1) 2202093716.64 -> 7.4846e-01 4.4950e+05
128(1) 11896025.23 -> 7.2151e-01 4.9287e+05
129(1) 1011969525.99 -> 7.1061e-01 5.6931e+05
130(1) 334515768.01 -> 6.6319e-01 7.9192e+05
131(1) 1706039585.27 -> 7.0264e-01 4.4795e+05
132(1) 1954072310.42 -> 7.7107e-01 4.2235e+05
133(1) 594447258.80 -> 7.4595e-01 3.9864e+05
134(1) 2073718384.98 -> 7.1771e-01 5.0540e+05
135(1) 52215594.67 -> 7.0107e-01 5.9781e+05
136(1) 337907007.36 -> 7.1360e-01 5.1253e+05
137(1) 2382474153.45 -> 7.1086e-01 5.1891e+05
138(1) 24943358.11 -> 7.1602e-01 4.9195e+05
139(1) 5618048793.20 -> 7.2975e-01 4.1751e+05
140(1) 3611212971.61 -> 7.0780e-01 5.2713e+05
141(1) 1673703496.43 -> 6.7752e-01 6.9038e+05
142(1) 582472986.87 -> 7.2747e-01 4.8321e+05
143(1) 6517604738.91 -> 6.9502e-01 4.6505e+05
144(1) 2458931161.70 -> 7.2705e-01 4.9212e+05
145(1) 331470569.13 -> 7.5051e-01 4.5452e+05
146(1) 776255662.82 -> 7.6954e-01 3.8371e+05
147(1) 474942307.80 -> 7.1923e-01 5.0199e+05
148(1) 2812725051.32 -> 7.2828e-01 4.8974e+05
149(1) 945028062.93 -> 7.5188e-01 4.4441e+05
150(1) 3906139382.99 -> 7.3677e-01 5.1756e+05
151(1) 540332307.63 -> 6.7035e-01 6.3031e+05
152(1) 2066425404.69 -> 7.5042e-01 4.5822e+05
153(1) 946560336.76 -> 7.2578e-01 4.8522e+05
154(1) 3724263560.02 -> 7.0780e-01 5.2713e+05
155(1) 2159647031.74 -> 7.0058e-01 5.4878e+05
156(1) 158830982.50 -> 7.0918e-01 5.1843e+05
157(1) 266816626.19 -> 7.5032e-01 4.6186e+05
158(1) 128608310.96 -> 7.1079e-01 5.6898e+05
159(1) 1927944172.82 -> 6.6792e-01 6.4366e+05
160(1) 2192773151.75 -> 6.8840e-01 6.4819e+05
161(1) 1920825836.42 -> 7.7194e-01 4.2138e+05
162(1) 1921212055.04 -> 6.8530e-01 5.8567e+05
163(1) 55150667.15 -> 7.1999e-01 4.9601e+05
164(1) 3237686031.12 -> 6.8193e-01 6.8051e+05
165(1) 503460279.31 -> 7.0806e-01 5.7714e+05
166(1) 166629360.53 -> 7.2724e-01 4.7408e+05
167(1) 317504558.98 -> 7.5527e-01 4.8568e+05
168(1) 866135306.55 -> 7.7039e-01 3.8304e+05
169(1) 561033158.92 -> 7.1759e-01 5.0979e+05
170(1) 2067527367.48 -> 7.5538e-01 4.8551e+05
171(1) 129770992.57 -> 7.0722e-01 5.7979e+05
172(1) 2031415019.23 -> 7.0048e-01 5.5538e+05
173(1) 101190434.32 -> 7.4360e-01 5.0460e+05
174(1) 4047825489.80 -> 6.6844e-01 6.4076e+05
175(1) 213189028.49 -> 7.1760e-01 5.1090e+05
176(1) 155726679.16 -> 7.5301e-01 4.5121e+05
177(1) 598963855.01 -> 7.1842e-01 5.0381e+05
178(1) 5043507727.37 -> 6.8391e-01 5.9758e+05
179(1) 3619449050.90 -> 6.9152e-01 6.3830e+05
180(1) 2326894073.35 -> 7.3402e-01 4.6222e+05
181(1) 2605576430.71 -> 7.3048e-01 4.6438e+05
182(1) 182872926.11 -> 7.3746e-01 4.0699e+05
183(1) 178013118.07 -> 7.2360e-01 4.9489e+05
184(1) 324470739.27 -> 6.7247e-01 6.3685e+05
185(1) 1965801334.90 -> 7.0345e-01 5.8970e+05
186(1) 2111763213.06 -> 7.2469e-01 4.2470e+05
187(1) 2431521492.77 -> 7.4771e-01 4.5022e+05
188(1) 716531035.39 -> 6.5968e-01 5.8396e+05
189(1) 214560738.83 -> 7.3789e-01 4.0735e+05
190(1) 2022339012.21 -> 6.7353e-01 6.1457e+05
191(1) 2320608105.15 -> 7.2950e-01 4.7927e+05
192(1) 279280824.95 -> 7.2648e-01 4.7549e+05
193(1) 46619248.44 -> 7.2436e-01 4.9239e+05
194(1) 47151893.12 -> 7.2770e-01 4.7322e+05
195(1) 135252196.20 -> 7.1393e-01 5.1622e+05
196(1) 814814857.32 -> 7.6077e-01 3.9179e+05
197(1) 685889304.20 -> 7.7304e-01 3.8052e+05
198(1) 682313122.97 -> 7.2213e-01 4.8179e+05
199(1) 1884413849.20 -> 7.2717e-01 4.7331e+05
200(1) 1453239591.40 -> 6.7741e-01 6.9099e+05
201(1) 985411869.51 -> 7.3992e-01 4.5982e+05
202(1) 1902235454.16 -> 7.2476e-01 4.7766e+05
203(1) 1298678118.98 -> 7.4083e-01 4.6786e+05
204(1) 2455197705.82 -> 7.3020e-01 4.6868e+05
205(1) 1908568967.45 -> 7.3232e-01 4.1395e+05
206(1) 1094412057.74 -> 6.8400e-01 4.9284e+05
207(1) 118971380.96 -> 7.2138e-01 5.0275e+05
208(1) 4443153001.52 -> 7.4395e-01 4.7156e+05
209(1) 4254044897.94 -> 7.3722e-01 4.5557e+05
210(1) 100138440.08 -> 7.1760e-01 5.1090e+05
211(1) 824134478.23 -> 7.5233e-01 4.5538e+05
212(1) 3740686355.23 -> 7.2174e-01 4.9344e+05
213(1) 521386708.98 -> 7.1930e-01 5.4753e+05
214(1) 726236319.25 -> 6.7057e-01 6.5469e+05
215(1) 893212796.18 -> 7.3732e-01 4.6410e+05
216(1) 602685121.03 -> 7.3755e-01 4.0677e+05
217(1) 170360207.96 -> 7.4356e-01 4.0141e+05
218(1) 2280705546.01 -> 7.4837e-01 4.4929e+05
219(1) 2139975625.78 -> 7.0379e-01 5.4163e+05
220(1) 15557722.55 -> 7.1079e-01 5.6898e+05
221(1) 999568317.41 -> 6.7571e-01 6.2770e+05
222(1) 1975069671.88 -> 7.2155e-01 5.0359e+05
223(1) 1873949111.93 -> 7.2433e-01 4.9339e+05
224(1) 2077220713.54 -> 6.6502e-01 7.7655e+05
225(1) 587517716.87 -> 7.0544e-01 5.8312e+05
226(1) 1968579280.54 -> 7.3355e-01 4.1328e+05
227(1) 1862851104.67 -> 7.1938e-01 4.9734e+05
228(1) 845272921.41 -> 6.7337e-01 6.3229e+05
229(1) 2262574848.35 -> 7.4383e-01 4.7142e+05
230(1) 1847306736.50 -> 7.2029e-01 5.0625e+05
231(1) 2279485588.58 -> 7.1653e-01 5.0374e+05
232(1) 369029909.91 -> 6.8568e-01 4.8836e+05
233(1) 320207185.18 -> 7.6307e-01 3.8113e+05
234(1) 467831111.43 -> 6.7207e-01 6.4662e+05
235(1) 517744613.44 -> 7.2091e-01 5.0254e+05
236(1) 225854565.73 -> 7.4858e-01 4.6426e+05
237(1) 3645812854.13 -> 7.0609e-01 5.8460e+05
238(1) 125789261.65 -> 7.3784e-01 4.0742e+05
239(1) 1883811118.93 -> 7.2379e-01 4.9770e+05
240(1) 3670547695.21 -> 7.1057e-01 5.1533e+05
241(1) 249752487.78 -> 7.5028e-01 4.6192e+05
242(1) 579491768.23 -> 6.5047e-01 8.1634e+05
243(1) 573910388.24 -> 7.1675e-01 4.9046e+05
244(1) 1274786390.22 -> 6.5532e-01 7.2569e+05
245(1) 2821631534.02 -> 7.6341e-01 3.8966e+05
246(1) 571216394.85 -> 7.0337e-01 5.8996e+05
247(1) 2201170102.85 -> 7.4591e-01 4.6855e+05
248(1) 491279810.93 -> 7.4136e-01 4.6339e+05
249(1) 695446365.32 -> 7.2116e-01 4.9892e+05
250(1) 1626823262.60 -> 7.0196e-01 4.4939e+05
251(1) 3042501797.51 -> 6.9122e-01 6.3963e+05
252(1) 5417132810.98 -> 6.9417e-01 5.6937e+05
253(1) 1824368527.02 -> 6.8629e-01 5.7563e+05
254(1) 294396250.40 -> 7.5954e-01 3.8357e+05
255(1) 189113331.53 -> 7.1833e-01 5.0055e+05
256(1) 2842851912.13 -> 7.5553e-01 4.4765e+05
257(1) 588891906.89 -> 7.1764e-01 4.8854e+05
258(1) 525682117.49 -> 7.1686e-01 5.0923e+05
259(1) 488438411.09 -> 7.4417e-01 3.9957e+05
260(1) 3993791457.96 -> 7.0987e-01 4.4878e+05
261(1) 4236979314.16 -> 7.1378e-01 4.4381e+05
262(1) 130428374.55 -> 7.1453e-01 4.9517e+05
263(1) 3716450159.92 -> 6.9866e-01 5.3836e+05
264(1) 390426406.10 -> 6.6565e-01 7.7147e+05
265(1) 1613521436.76 -> 6.8781e-01 4.8233e+05
266(1) 2536373323.11 -> 6.8722e-01 4.8416e+05
267(1) 744638600.33 -> 6.6378e-01 7.8658e+05
268(1) 158448524.70 -> 7.1104e-01 5.6916e+05
269(1) 2427415125.27 -> 7.2009e-01 4.8585e+05
270(1) 1010997619.14 -> 7.2588e-01 5.3004e+05
271(1) 2055356457.02 -> 7.4862e-01 4.6420e+05
272(1) 1268173001.61 -> 7.0236e-01 4.4853e+05
273(1) 197923233.50 -> 7.3374e-01 4.1266e+05
274(1) 503346869.63 -> 7.0849e-01 5.2970e+05
275(1) 3631563176.62 -> 7.0704e-01 5.3396e+05
276(1) 1865359509.43 -> 7.1355e-01 5.1717e+05
277(1) 1941203173.83 -> 7.0661e-01 5.8292e+05
278(1) 2203760734.88 -> 7.6864e-01 3.8455e+05
279(1) 1958964118.74 -> 6.8729e-01 5.8380e+05
280(1) 138733374.26 -> 7.0425e-01 5.8700e+05
281(1) 706992242.37 -> 7.6070e-01 3.8237e+05
282(1) 150510749.10 -> 7.1924e-01 5.0206e+05
283(1) 41736600.10 -> 7.1746e-01 4.8893e+05
284(1) 223194914.98 -> 7.2381e-01 4.7858e+05
285(1) 3952651298.44 -> 7.4540e-01 4.6935e+05
286(1) 151780212.60 -> 7.2178e-01 4.8240e+05
287(1) 1219079283.85 -> 6.7418e-01 6.2816e+05
288(1) 1038371139.55 -> 7.3424e-01 4.7325e+05
289(1) 2433166739.79 -> 7.2101e-01 4.9499e+05
290(1) 1081664437.87 -> 6.7322e-01 6.1595e+05
291(1) 130112680.98 -> 7.2240e-01 4.9293e+05
292(1) 1998752169.79 -> 7.2161e-01 4.9369e+05
293(1) 118921189.09 -> 7.2061e-01 4.9908e+05
294(1) 1874852235.91 -> 7.1479e-01 5.0969e+05
295(1) 199327938.52 -> 7.3383e-01 4.1165e+05
296(1) 2227050690.81 -> 7.5711e-01 3.8494e+05
297(1) 2215149131.85 -> 7.4787e-01 4.5855e+05
298(1) 814814857.32 -> 7.6077e-01 3.9179e+05
299(1) 693918100.44 -> 7.5018e-01 4.5499e+05
300(1) 1877772786.09 -> 7.1970e-01 5.0531e+05
301(1) 395358512.84 -> 6.6378e-01 7.8683e+05
302(1) 2318800738.44 -> 7.2783e-01 4.8548e+05
303(1) 1044678416.49 -> 7.2134e-01 4.9832e+05
304(1) 2346704706.53 -> 7.3078e-01 5.2125e+05
305(1) 5366842929.47 -> 7.0877e-01 4.5093e+05
306(1) 1961139435.45 -> 7.1889e-01 5.0930e+05
307(1) 490455169.77 -> 7.2662e-01 4.7423e+05
308(1) 1738562155.83 -> 6.5998e-01 8.2143e+05
309(1) 1264640291.05 -> 6.8781e-01 4.8233e+05
310(1) 2271209369.18 -> 7.4685e-01 4.5168e+05
311(1) 2084429588.65 -> 7.0133e-01 5.4136e+05
312(1) 2305801945.74 -> 7.2660e-01 5.0115e+05
313(1) 2108783589.18 -> 7.4783e-01 4.5861e+05
314(1) 545255718.54 -> 7.1570e-01 5.0287e+05
315(1) 1616169690.65 -> 6.9713e-01 5.6488e+05
316(1) 2374032613.05 -> 7.4073e-01 4.0394e+05
317(1) 117756150.75 -> 7.1236e-01 5.2000e+05
318(1) 1139839437.77 -> 7.2700e-01 4.8417e+05
319(1) 2110242952.79 -> 6.8568e-01 4.8836e+05
320(1) 469064075.00 -> 7.2270e-01 4.9048e+05
321(1) 4630017928.29 -> 6.8193e-01 6.8051e+05
322(1) 2258362912.02 -> 7.1591e-01 4.3892e+05
323(1) 2490423844.84 -> 7.4396e-01 4.6766e+05
324(1) 573262854.49 -> 7.4108e-01 4.0224e+05
325(1) 3226818737.83 -> 6.8479e-01 5.8773e+05
326(1) 69431933.78 -> 7.4338e-01 5.0499e+05
327(1) 2482152252.49 -> 7.0422e-01 5.3427e+05
328(1) 645280183.79 -> 7.4090e-01 4.0434e+05
329(1) 3639817483.75 -> 6.9619e-01 5.4462e+05
330(1) 1979891206.39 -> 7.1147e-01 5.1757e+05
331(1) 71139470.54 -> 6.6781e-01 6.6248e+05
332(1) 541034169.37 -> 7.0812e-01 5.7692e+05
333(1) 2462074589.90 -> 7.4017e-01 4.6533e+05
334(1) 127590550.94 -> 7.1872e-01 5.0313e+05
335(1) 4307547504.68 -> 7.2688e-01 4.9653e+05
336(1) 141247105.60 -> 7.1758e-01 5.1004e+05
337(1) 2354789857.15 -> 7.1498e-01 5.5696e+05
338(1) 2172569692.98 -> 6.6451e-01 7.8074e+05
339(1) 1060573071.38 -> 7.2851e-01 4.8104e+05
340(1) 745182557.02 -> 7.4991e-01 4.6237e+05
341(1) 3885595269.31 -> 6.7041e-01 6.6333e+05
342(1) 1103566109.72 -> 7.2748e-01 5.2748e+05
343(1) 5048346609.03 -> 7.4298e-01 4.1017e+05
344(1) 3716546550.33 -> 7.0255e-01 5.4642e+05
345(1) 166323703.30 -> 6.7000e-01 6.3216e+05
346(1) 3443829166.47 -> 7.0452e-01 4.5944e+05
347(1) 116788105.21 -> 7.1948e-01 5.0580e+05
348(1) 42582911.25 -> 7.2210e-01 4.9692e+05
349(1) 3909760321.99 -> 7.3279e-01 4.1433e+05
350(1) 2420677612.11 -> 7.1309e-01 5.1379e+05
351(1) 501680754.67 -> 7.3898e-01 4.0502e+05
352(1) 294778218.04 -> 7.1816e-01 5.0092e+05
353(1) 259062209.46 -> 7.4047e-01 5.1023e+05
354(1) 333180201.71 -> 7.2317e-01 4.8165e+05
355(1) 1945231104.35 -> 6.8725e-01 5.8396e+05
356(1) 253625008.42 -> 7.2109e-01 4.9568e+05
357(1) 511228903.94 -> 7.4643e-01 4.6027e+05
358(1) 167599336.08 -> 6.6126e-01 8.0901e+05
359(1) 1872318564.58 -> 7.1712e-01 5.5337e+05
360(1) 703593357.07 -> 7.5615e-01 4.3918e+05
361(1) 1076041437.85 -> 7.6303e-01 3.8952e+05
362(1) 3635458671.93 -> 7.0932e-01 4.4985e+05
363(1) 1332890630.52 -> 6.5298e-01 7.9134e+05
364(1) 2395432896.85 -> 7.1866e-01 4.9983e+05
365(1) 139260546.86 -> 7.1866e-01 4.9889e+05
366(1) 2056094027.68 -> 7.0130e-01 5.4777e+05
367(1) 1525080927.45 -> 6.9880e-01 5.4895e+05
368(1) 2079589948.56 -> 7.6717e-01 4.3712e+05
369(1) 2687013046.49 -> 7.2039e-01 5.5313e+05
370(1) 210989661.69 -> 6.6436e-01 7.8187e+05
371(1) 3963245354.56 -> 6.7268e-01 6.4331e+05
372(1) 1919790654.61 -> 6.8469e-01 5.8813e+05
373(1) 4223932490.51 -> 7.2735e-01 4.9156e+05
374(1) 236538129.83 -> 7.0765e-01 5.2720e+05
375(1) 1572681059.04 -> 7.0464e-01 5.3426e+05
376(1) 1867478410.96 -> 7.2254e-01 4.9729e+05
377(1) 759381079.53 -> 6.7389e-01 6.2962e+05
378(1) 1926893144.28 -> 7.0975e-01 5.2212e+05
379(1) 43956801.19 -> 7.1072e-01 5.6918e+05
380(1) 1539769309.61 -> 6.9434e-01 6.2636e+05
381(1) 3218698968.68 -> 6.8463e-01 5.9457e+05
382(1) 2073869095.09 -> 7.2323e-01 4.9164e+05
383(1) 66605460.87 -> 7.4465e-01 4.0020e+05
384(1) 2418669693.46 -> 7.2819e-01 4.8186e+05
385(1) 119157753.28 -> 7.2596e-01 4.8505e+05
386(1) 2388577368.55 -> 7.4311e-01 4.7258e+05
387(1) 245984299.86 -> 7.7014e-01 4.2337e+05
388(1) 2038010013.31 -> 7.0302e-01 4.5990e+05
389(1) 821629620.15 -> 7.4309e-01 4.5697e+05
390(1) 3802998737.31 -> 7.1835e-01 5.0050e+05
391(1) 168530919.08 -> 7.4055e-01 5.1008e+05
392(1) 689299214.03 -> 7.1830e-01 5.4620e+05
393(1) 200776548.76 -> 7.7154e-01 4.2183e+05
394(1) 46778585.86 -> 7.2180e-01 4.9756e+05
395(1) 564546077.00 -> 7.1874e-01 4.8843e+05
396(1) 1955912664.66 -> 6.8426e-01 4.9232e+05
397(1) 2147030269.99 -> 7.2114e-01 5.5122e+05
398(1) 576516829.48 -> 6.5051e-01 8.1596e+05
399(1) 12765626.21 -> 7.1696e-01 5.5372e+05
400(1) 2113023502.96 -> 7.2895e-01 4.1832e+05
401(1) 1395198761.15 -> 6.9728e-01 5.6439e+05
402(1) 4795503153.71 -> 6.8223e-01 5.7716e+05
403(1) 4111099083.97 -> 7.1470e-01 5.1248e+05
404(1) 598671575.94 -> 7.2488e-01 4.7831e+05
405(1) 2060662592.63 -> 7.2117e-01 4.9551e+05
406(1) 1173983920.18 -> 7.6020e-01 3.8289e+05
407(1) 5264948910.93 -> 6.6284e-01 6.9391e+05
408(1) 519158617.91 -> 7.5965e-01 4.7896e+05
409(1) 2345168139.09 -> 7.0235e-01 5.9367e+05
410(1) 2326014190.98 -> 7.2545e-01 4.9415e+05
411(1) 811428837.70 -> 7.6864e-01 3.8455e+05
412(1) 2224265236.10 -> 7.5909e-01 3.8403e+05
413(1) 12448646.83 -> 7.2331e-01 4.9449e+05
414(1) 137350968.29 -> 7.1784e-01 5.0511e+05
415(1) 2429589507.50 -> 7.2740e-01 4.8740e+05
416(1) 1326543431.29 -> 6.9119e-01 5.7126e+05
417(1) 525123743.57 -> 7.0751e-01 5.3234e+05
418(1) 2516298709.12 -> 7.7304e-01 3.8052e+05
419(1) 101190434.32 -> 7.4360e-01 5.0460e+05
420(1) 559677534.90 -> 7.1047e-01 5.2472e+05
421(1) 979580887.37 -> 7.3992e-01 4.5982e+05
422(1) 1027327293.56 -> 7.1332e-01 5.6270e+05
423(1) 280649924.49 -> 6.6126e-01 8.0901e+05
424(1) 798412837.05 -> 7.4761e-01 4.6573e+05
425(1) 169869249.74 -> 7.5017e-01 4.6198e+05
426(1) 2424873389.75 -> 7.2953e-01 4.7529e+05
427(1) 1874644291.06 -> 7.1355e-01 5.0800e+05
428(1) 6780573.74 -> 7.1548e-01 5.5673e+05
429(1) 52437977.28 -> 7.2352e-01 4.9826e+05
430(1) 1782434951.74 -> 7.0388e-01 5.3758e+05
431(1) 3287333886.19 -> 6.9756e-01 6.1475e+05
432(1) 1354997714.08 -> 7.0224e-01 4.4880e+05
433(1) 1972192151.86 -> 7.2503e-01 4.2197e+05
434(1) 53754829.04 -> 7.2056e-01 5.0351e+05
435(1) 44206985.93 -> 7.3847e-01 4.0568e+05
436(1) 637664568.33 -> 7.3455e-01 4.1154e+05
437(1) 3199448207.76 -> 6.9130e-01 5.7665e+05
438(1) 2723410835.62 -> 7.5208e-01 3.9150e+05
439(1) 248183806.78 -> 7.2014e-01 5.0627e+05
440(1) 4050258224.98 -> 6.9748e-01 6.1106e+05
441(1) 139592255.32 -> 7.1998e-01 5.0573e+05
442(1) 2975396331.35 -> 7.0153e-01 4.5032e+05
443(1) 947485252.01 -> 7.0589e-01 5.8164e+05
444(1) 42582911.25 -> 7.2210e-01 4.9692e+05
445(1) 309168836.74 -> 7.4880e-01 4.6403e+05
446(1) 424062018.81 -> 7.3970e-01 4.6129e+05
447(1) 584362479.01 -> 7.6862e-01 4.3227e+05
448(1) 123587132.89 -> 7.1236e-01 5.2000e+05
449(1) 3754123258.31 -> 6.9462e-01 6.2522e+05
450(1) 2686056614.65 -> 6.7379e-01 6.4459e+05
451(1) 434464452.89 -> 7.4909e-01 4.4826e+05
452(1) 4825780309.29 -> 6.8548e-01 6.6219e+05
453(1) 3150259919.61 -> 6.6368e-01 5.6507e+05
454(1) 2676954282.18 -> 7.4315e-01 4.6409e+05
455(1) 1103161323.88 -> 6.5047e-01 8.0481e+05
456(1) 105806034.95 -> 7.3475e-01 4.1039e+05
457(1) 3813252446.70 -> 7.1225e-01 5.2039e+05
458(1) 836811091.17 -> 6.7523e-01 6.2282e+05
459(1) 2189945773.28 -> 7.4544e-01 4.4509e+05
460(1) 756236717.24 -> 6.6454e-01 7.8049e+05
461(1) 2189945773.28 -> 7.4544e-01 4.4509e+05
462(1) 612314117.43 -> 7.2469e-01 4.9060e+05
463(1) 3193033751.31 -> 6.9102e-01 6.3928e+05
464(1) 51664271.35 -> 7.2597e-01 4.7545e+05
465(1) 129851473.75 -> 7.1646e-01 5.5412e+05
466(1) 4901966944.74 -> 6.8030e-01 6.0027e+05
467(1) 572839861.63 -> 7.2581e-01 5.3022e+05
468(1) 126689047.73 -> 7.2165e-01 4.9361e+05
469(1) 598344569.20 -> 7.2486e-01 4.9119e+05
470(1) 1595205885.73 -> 7.0247e-01 4.4830e+05
471(1) 5252214727.24 -> 7.0460e-01 4.5927e+05
472(1) 621281522.72 -> 7.6810e-01 4.3288e+05
473(1) 4349827054.25 -> 7.5893e-01 3.9395e+05
474(1) 3746963822.03 -> 7.2286e-01 5.0058e+05
475(1) 663147869.68 -> 7.1703e-01 5.1223e+05
476(1) 134828435.05 -> 7.0719e-01 5.7989e+05
477(1) 3103596818.72 -> 6.6295e-01 5.6840e+05
478(1) 2374033756.27 -> 7.0680e-01 5.1342e+05
479(1) 2327865269.65 -> 7.7043e-01 4.3328e+05
480(1) 3731320835.30 -> 7.2498e-01 4.2205e+05
481(1) 1035336407.47 -> 7.4405e-01 3.9972e+05
482(1) 1867459441.22 -> 7.2787e-01 4.8245e+05
483(1) 1877132496.24 -> 7.3889e-01 4.0514e+05
484(1) 2416744461.25 -> 7.3392e-01 4.6239e+05
485(1) 552674108.28 -> 7.4274e-01 4.0242e+05
486(1) 1995227814.03 -> 7.5231e-01 4.5560e+05
487(1) 1877111835.57 -> 7.1966e-01 5.0116e+05
488(1) 1547359314.91 -> 7.0312e-01 5.2574e+05
489(1) 1068538864.39 -> 7.2776e-01 4.8270e+05
490(1) 216276010.35 -> 7.1832e-01 5.0494e+05
491(1) 978219751.28 -> 7.3870e-01 4.6667e+05
492(1) 663123870.57 -> 7.1949e-01 5.0772e+05
493(1) 2400205518.98 -> 6.5000e-01 7.9789e+05
494(1) 1886281517.34 -> 7.1382e-01 4.9678e+05
495(1) 2335275753.41 -> 7.2285e-01 4.8251e+05
496(1) 2431120666.42 -> 7.2463e-01 5.3300e+05
497(1) 2268370156.16 -> 6.6751e-01 6.7277e+05
498(1) 1146868751.26 -> 7.2501e-01 4.8764e+05
499(1) 3484287121.46 -> 7.0330e-01 5.2524e+05
500(1) 53435633.53 -> 7.2641e-01 4.8928e+05
501(1) 3276321093.21 -> 6.9807e-01 6.1282e+05
502(1) 2209575690.22 -> 7.1276e-01 4.4454e+05
503(1) 189649513.93 -> 7.3135e-01 4.1486e+05
504(1) 3105275284.11 -> 6.8543e-01 6.6242e+05
505(1) 77252301.45 -> 7.2798e-01 4.7271e+05
506(1) 1944136092.66 -> 7.2037e-01 4.9652e+05
507(1) 2316109943.99 -> 6.7072e-01 6.2882e+05
508(1) 1883845039.84 -> 7.2641e-01 4.8928e+05
509(1) 605301012.04 -> 7.2171e-01 4.9662e+05
510(1) 2079103920.13 -> 7.4889e-01 4.6038e+05
511(1) 2392795916.82 -> 6.9995e-01 6.0187e+05
512(1) 2731986692.22 -> 7.1749e-01 5.4835e+05
513(1) 489604167.37 -> 6.7980e-01 5.0558e+05
514(1) 1922414746.90 -> 6.6706e-01 6.7515e+05
515(1) 3150733592.37 -> 6.7566e-01 6.2071e+05
516(1) 642950764.86 -> 7.3737e-01 4.6893e+05
517(1) 581144100.19 -> 7.2604e-01 4.8489e+05
518(1) 1411369368.70 -> 7.4074e-01 4.6438e+05
519(1) 486081174.50 -> 6.8015e-01 5.0450e+05
520(1) 635355505.07 -> 7.1471e-01 5.0969e+05
521(1) 1915899130.88 -> 7.1034e-01 5.7128e+05
522(1) 132058549.79 -> 7.2231e-01 4.8143e+05
523(1) 1034296557.66 -> 7.2529e-01 5.3143e+05
524(1) 2639141755.93 -> 7.0599e-01 5.4032e+05
525(1) 2179449463.94 -> 6.6521e-01 6.9553e+05
526(1) 1950361792.40 -> 7.1819e-01 5.0523e+05
527(1) 6288242.97 -> 7.2155e-01 4.9279e+05
528(1) 1986641752.11 -> 7.5300e-01 4.5123e+05
529(1) 2494106255.99 -> 6.5113e-01 7.8681e+05
530(1) 668743930.02 -> 7.3751e-01 4.0870e+05
531(1) 1917848535.23 -> 6.7768e-01 6.8944e+05
532(1) 101649033.36 -> 6.8426e-01 4.9232e+05
533(1) 1412554.88 -> 7.2273e-01 4.9983e+05
534(1) 1860694544.51 -> 7.1276e-01 4.4454e+05
535(1) 2822909482.86 -> 7.5604e-01 4.4708e+05
536(1) 491513142.67 -> 7.2641e-01 4.8928e+05
537(1) 1006035476.75 -> 7.5800e-01 4.3670e+05
538(1) 743726224.12 -> 7.4019e-01 5.1077e+05
539(1) 1980065202.36 -> 7.1064e-01 5.6943e+05
540(1) 701510479.47 -> 7.2469e-01 4.9060e+05
541(1) 4883390756.18 -> 6.5343e-01 7.6556e+05
542(1) 1783996221.16 -> 6.6713e-01 6.7508e+05
543(1) 941045777.29 -> 6.7383e-01 6.4439e+05
544(1) 1912928027.12 -> 7.1519e-01 5.1102e+05
545(1) 1853250809.34 -> 7.1477e-01 5.5990e+05
546(1) 2939924368.61 -> 7.7412e-01 3.7969e+05
547(1) 501620189.56 -> 7.1591e-01 5.0259e+05
548(1) 123070546.37 -> 7.3011e-01 4.1434e+05
549(1) 2157195526.35 -> 7.5069e-01 4.5437e+05
550(1) 587969576.21 -> 7.1175e-01 5.6619e+05
551(1) 901377355.90 -> 7.4974e-01 4.5539e+05
552(1) 1845382428.86 -> 7.1045e-01 5.6999e+05
553(1) 318632444.41 -> 7.1816e-01 5.0092e+05
554(1) 2359877697.11 -> 7.3984e-01 4.6106e+05
555(1) 607389276.71 -> 7.1035e-01 5.7122e+05
556(1) 2227611469.15 -> 7.4810e-01 4.6154e+05
557(1) 594057890.87 -> 7.6728e-01 4.3699e+05
558(1) 953152479.67 -> 7.2864e-01 4.8078e+05
559(1) 2067289946.23 -> 7.2231e-01 4.9312e+05
560(1) 1069273646.68 -> 6.5160e-01 7.8234e+05
561(1) 232065772.27 -> 7.2676e-01 4.7406e+05
562(1) 3939560327.33 -> 6.7488e-01 6.0821e+05
563(1) 509407744.26 -> 7.0589e-01 5.8164e+05
564(1) 926322344.76 -> 7.2407e-01 4.7796e+05
565(1) 954047166.87 -> 7.2723e-01 4.8248e+05
566(1) 708456403.11 -> 7.2439e-01 4.8909e+05
567(1) 118933553.68 -> 7.1425e-01 5.0635e+05
568(1) 1876266490.38 -> 7.2190e-01 4.9430e+05
569(1) 2389081035.81 -> 7.0009e-01 5.5543e+05
570(1) 946970605.27 -> 7.2613e-01 4.8452e+05
571(1) 2430783334.94 -> 7.2617e-01 5.0201e+05
572(1) 208361517.34 -> 7.2135e-01 4.8419e+05
573(1) 581190421.01 -> 7.2693e-01 4.8833e+05
574(1) 27170836.07 -> 7.1521e-01 5.5746e+05
575(1) 5060679466.59 -> 7.2259e-01 5.0944e+05
576(1) 4205909246.28 -> 7.2735e-01 4.9156e+05
577(1) 1768897518.67 -> 6.7972e-01 5.0620e+05
578(1) 132014956.25 -> 7.6820e-01 4.3276e+05
579(1) 236344168.10 -> 7.1960e-01 4.9686e+05
580(1) 2048640590.06 -> 7.1447e-01 4.4256e+05
581(1) 147610144.92 -> 7.0391e-01 5.8816e+05
582(1) 782999549.29 -> 6.6485e-01 7.7791e+05
583(1) 1934644850.81 -> 7.1644e-01 5.1035e+05
584(1) 1885914486.99 -> 7.1301e-01 5.6263e+05
585(1) 2423568829.46 -> 7.3185e-01 4.8257e+05
586(1) 741041445.43 -> 6.8337e-01 4.9470e+05
587(1) 181368147.85 -> 7.1653e-01 5.0344e+05
588(1) 230234153.78 -> 7.2065e-01 5.0002e+05
589(1) 4002681644.93 -> 7.3199e-01 4.1510e+05
590(1) 468219389.60 -> 7.1306e-01 5.0908e+05
591(1) 988042051.66 -> 7.3775e-01 4.6827e+05
592(1) 148032963.97 -> 7.2120e-01 5.0304e+05
593(1) 231213083.04 -> 7.4834e-01 4.6462e+05
594(1) 3363270459.42 -> 6.8714e-01 5.9231e+05
595(1) 716790021.95 -> 7.5261e-01 4.5175e+05
596(1) 142099023.96 -> 7.1681e-01 5.5413e+05
597(1) 1876968795.31 -> 7.1449e-01 4.9526e+05
598(1) 1905639831.33 -> 7.4538e-01 3.9933e+05
599(1) 682402968.50 -> 6.7387e-01 6.1293e+05
600(1) 570541345.40 -> 7.2075e-01 4.9886e+05
601(1) 2295950672.10 -> 7.1586e-01 5.1423e+05
602(1) 613494274.96 -> 7.1385e-01 5.1623e+05
603(1) 969737353.25 -> 7.4398e-01 5.0390e+05
604(1) 1923713837.07 -> 6.9462e-01 6.2523e+05
605(1) 438794775.02 -> 7.3961e-01 4.5172e+05
606(1) 285314610.37 -> 7.4880e-01 4.6403e+05
607(1) 1878761945.41 -> 7.1598e-01 4.9204e+05
608(1) 1051628233.09 -> 7.4121e-01 5.0883e+05
609(1) 2528152770.13 -> 7.0655e-01 5.1780e+05
610(1) 2539788057.59 -> 6.6919e-01 6.7039e+05
611(1) 577153672.91 -> 6.5179e-01 7.8054e+05
612(1) 2040096961.14 -> 7.3785e-01 4.0742e+05
613(1) 861247071.05 -> 6.7050e-01 6.6282e+05
614(1) 9441768.53 -> 7.1800e-01 5.5102e+05
615(1) 138829013.06 -> 7.3116e-01 4.1294e+05
616(1) 1111184913.47 -> 7.6388e-01 3.8033e+05
617(1) 4011585622.77 -> 7.2015e-01 5.5377e+05
618(1) 1861207715.43 -> 6.6713e-01 6.6657e+05
619(1) 1958345676.09 -> 7.1319e-01 5.0886e+05
620(1) 1927149301.69 -> 7.0009e-01 5.5543e+05
621(1) 3309184810.46 -> 6.9668e-01 5.6104e+05
622(1) 1876384068.22 -> 7.1595e-01 5.0250e+05
623(1) 2379221011.62 -> 6.6977e-01 6.3333e+05
624(1) 1381391403.09 -> 6.9157e-01 6.3685e+05
625(1) 995889821.93 -> 7.3843e-01 4.5360e+05
626(1) 1411539100.74 -> 7.2317e-01 4.8932e+05
627(1) 1027643000.61 -> 7.1271e-01 5.1461e+05
628(1) 2195249045.10 -> 6.6323e-01 7.0010e+05
629(1) 2900088474.34 -> 7.3248e-01 4.8028e+05
630(1) 2735436284.91 -> 7.4772e-01 4.6533e+05
631(1) 2477532540.37 -> 7.4065e-01 5.0989e+05
632(1) 949877353.17 -> 7.3085e-01 4.6771e+05
633(1) 251034028.24 -> 7.4989e-01 4.5542e+05
634(1) 3603957314.05 -> 7.1170e-01 4.4651e+05
635(1) 2254891370.60 -> 7.1153e-01 5.0213e+05
636(1) 2433687398.86 -> 7.2120e-01 4.9546e+05
637(1) 2808372952.44 -> 7.3831e-01 4.0569e+05
638(1) 66859020.69 -> 7.1585e-01 5.0945e+05
639(1) 2929879203.79 -> 7.2353e-01 5.3677e+05
640(1) 675531418.37 -> 7.3392e-01 4.6239e+05
641(1) 1971055912.21 -> 6.9454e-01 6.2435e+05
642(1) 589937305.48 -> 7.4169e-01 5.0803e+05
643(1) 1463079238.16 -> 6.9156e-01 5.7574e+05
644(1) 1746421525.77 -> 6.7442e-01 5.2361e+05
645(1) 2634888897.86 -> 7.5998e-01 4.4930e+05
646(1) 653646768.22 -> 7.2258e-01 4.2534e+05
647(1) 2032600610.87 -> 6.7014e-01 6.6496e+05
648(1) 2040620420.10 -> 7.5050e-01 4.5810e+05
649(1) 650771567.82 -> 7.1426e-01 4.9555e+05
650(1) 1931599839.25 -> 7.4360e-01 5.0460e+05
651(1) 506102079.02 -> 7.3166e-01 5.1933e+05
652(1) 312231996.10 -> 7.5396e-01 4.4196e+05
653(1) 509581872.65 -> 7.2675e-01 4.9252e+05
654(1) 2419797504.27 -> 7.2443e-01 4.7808e+05
655(1) 634250692.86 -> 7.5108e-01 4.5726e+05
656(1) 4106334674.81 -> 7.5744e-01 3.8575e+05
657(1) 293509775.86 -> 7.5689e-01 3.8517e+05
658(1) 3340994848.49 -> 7.0070e-01 5.4958e+05
659(1) 605013579.87 -> 7.2049e-01 5.0439e+05
660(1) 1326967277.33 -> 6.5338e-01 7.7679e+05
661(1) 1672635616.12 -> 7.0348e-01 5.3748e+05
662(1) 1421013050.15 -> 6.7417e-01 6.4257e+05
663(1) 1028850090.08 -> 6.5018e-01 8.1942e+05
664(1) 634371121.11 -> 7.3097e-01 4.1540e+05
665(1) 2253444151.80 -> 6.9335e-01 5.7499e+05
666(1) 159349774.43 -> 7.6811e-01 4.3287e+05
667(1) 2362328333.94 -> 7.4676e-01 4.5182e+05
668(1) 4138435700.21 -> 7.1850e-01 4.8925e+05
669(1) 1758718012.45 -> 7.1272e-01 4.4462e+05
670(1) 107798055.07 -> 7.1844e-01 5.0817e+05
671(1) 1908040233.93 -> 7.0059e-01 5.3158e+05
672(1) 2073718384.98 -> 7.1771e-01 5.0540e+05
673(1) 794851545.09 -> 7.2584e-01 4.9051e+05
674(1) 635685299.85 -> 7.1670e-01 5.1300e+05
675(1) 1280778838.84 -> 6.9181e-01 5.6909e+05
676(1) 926800472.77 -> 7.4878e-01 4.4869e+05
677(1) 2438199041.54 -> 7.6738e-01 4.3686e+05
678(1) 676516544.73 -> 7.4234e-01 5.0690e+05
679(1) 1877585559.26 -> 7.1677e-01 4.9041e+05
680(1) 443292392.75 -> 7.5279e-01 4.4352e+05
681(1) 2855321855.71 -> 6.9592e-01 4.6289e+05
682(1) 1876572732.26 -> 7.2213e-01 5.0113e+05
683(1) 2074795069.37 -> 7.2058e-01 4.9923e+05
684(1) 3301672240.56 -> 6.7741e-01 6.9099e+05
685(1) 1899833871.52 -> 7.2316e-01 4.9994e+05
686(1) 754684964.01 -> 7.2748e-01 5.2748e+05
687(1) 1890383025.50 -> 7.2608e-01 4.8585e+05
688(1) 731462449.26 -> 7.5579e-01 4.3965e+05
689(1) 759565477.22 -> 7.5392e-01 3.8568e+05
690(1) 119877139.06 -> 7.1246e-01 5.6414e+05
691(1) 959710662.84 -> 7.3228e-01 4.1114e+05
692(1) 605101721.01 -> 7.1776e-01 4.8810e+05
693(1) 153985004.77 -> 7.2734e-01 4.1828e+05
694(1) 2540472371.00 -> 7.5320e-01 4.4285e+05
695(1) 870535495.39 -> 7.3963e-01 4.5170e+05
696(1) 2467743205.19 -> 7.5912e-01 4.3542e+05
697(1) 52554525.53 -> 7.1417e-01 5.0654e+05
698(1) 1746339973.38 -> 7.0875e-01 4.5094e+05
699(1) 2583461232.90 -> 6.7326e-01 6.3268e+05
700(1) 1026047084.68 -> 7.1175e-01 5.6619e+05
701(1) 2081750773.14 -> 6.4668e-01 8.4586e+05
702(1) 3741004879.84 -> 6.9969e-01 5.3418e+05
703(1) 613641940.74 -> 7.4017e-01 4.6533e+05
704(1) 1883226931.30 -> 7.2580e-01 4.9051e+05
705(1) 612277282.81 -> 7.7510e-01 3.7881e+05
706(1) 479084254.43 -> 7.2614e-01 4.8981e+05
707(1) 1995150909.60 -> 7.3030e-01 4.6869e+05
708(1) 304853881.19 -> 6.7346e-01 6.3181e+05
709(1) 294150511.04 -> 6.7556e-01 6.0503e+05
710(1) 745024393.96 -> 6.7350e-01 6.3161e+05
711(1) 211875077.92 -> 7.3824e-01 4.0690e+05
712(1) 1868539958.95 -> 6.6929e-01 6.3592e+05
713(1) 3332895948.30 -> 6.9694e-01 5.6552e+05
714(1) 67345188.37 -> 7.2432e-01 4.9341e+05
715(1) 870452525.27 -> 7.5371e-01 3.8591e+05
716(1) 118832956.69 -> 7.2674e-01 4.9273e+05
717(1) 322299289.56 -> 7.3726e-01 4.0904e+05
718(1) 2096198199.29 -> 7.4951e-01 4.5597e+05
719(1) 140628627.69 -> 7.1887e-01 5.4883e+05
720(1) 470801514.01 -> 7.3980e-01 4.0396e+05
721(1) 2432940732.22 -> 7.2739e-01 4.7177e+05
722(1) 502648179.36 -> 7.4103e-01 4.0230e+05
723(1) 1361954.72 -> 7.1131e-01 5.6741e+05
724(1) 139362266.47 -> 7.4087e-01 5.0948e+05
725(1) 519885624.49 -> 7.1504e-01 5.1579e+05
726(1) 136055409.03 -> 7.2048e-01 4.9936e+05
727(1) 772390238.95 -> 6.7566e-01 6.0456e+05
728(1) 559605240.07 -> 7.5305e-01 4.5781e+05
729(1) 489819437.22 -> 7.1803e-01 5.5093e+05
730(1) 223306464.00 -> 7.2445e-01 4.8805e+05
731(1) 597722933.47 -> 6.5015e-01 8.0813e+05
732(1) 1973568104.93 -> 6.7076e-01 6.4595e+05
733(1) 121625938.88 -> 7.2530e-01 4.7674e+05
734(1) 2407760943.88 -> 6.5075e-01 8.0200e+05
735(1) 178654632.27 -> 7.0830e-01 5.2551e+05
736(1) 5009281913.66 -> 6.9611e-01 5.6409e+05
737(1) 203989772.00 -> 7.6657e-01 4.4093e+05
738(1) 2391461459.90 -> 6.7746e-01 6.9068e+05
739(1) 514276921.02 -> 7.3917e-01 4.0457e+05
740(1) 6044152369.07 -> 7.2295e-01 5.0033e+05
741(1) 2579501297.33 -> 7.2117e-01 5.5115e+05
742(1) 576672904.38 -> 7.2158e-01 4.8373e+05
743(1) 828534395.14 -> 6.6658e-01 7.6381e+05
744(1) 2322399820.69 -> 7.2658e-01 4.8375e+05
745(1) 204614867.89 -> 6.6386e-01 7.8613e+05
746(1) 2658662290.65 -> 6.6558e-01 6.9307e+05
747(1) 508923713.63 -> 7.3911e-01 4.0463e+05
748(1) 572289135.00 -> 7.4342e-01 5.0474e+05
749(1) 4001301341.77 -> 7.5142e-01 4.4529e+05
750(1) 1889546167.72 -> 6.9104e-01 5.7180e+05
751(1) 2341486600.31 -> 7.2195e-01 5.4096e+05
752(1) 4133354603.82 -> 6.9412e-01 6.2608e+05
753(1) 960572375.68 -> 7.4114e-01 4.5046e+05
754(1) 2768134615.30 -> 7.4656e-01 4.9928e+05
755(1) 2885677232.94 -> 7.3980e-01 4.1416e+05
756(1) 146065334.30 -> 7.0977e-01 5.1694e+05
757(1) 4280355166.05 -> 7.5685e-01 4.3819e+05
758(1) 144849429.19 -> 7.1990e-01 5.0590e+05
759(1) 122190416.19 -> 7.2205e-01 4.9607e+05
760(1) 2408624937.53 -> 7.1346e-01 5.6209e+05
761(1) 402167912.45 -> 7.3731e-01 5.1617e+05
762(1) 554265890.77 -> 7.4342e-01 5.0474e+05
763(1) 1861905115.14 -> 7.2359e-01 4.9389e+05
764(1) 3820258978.84 -> 7.2487e-01 4.2223e+05
765(1) 2054905343.81 -> 7.4887e-01 4.6394e+05
766(1) 2231453339.22 -> 7.0821e-01 5.2115e+05
767(1) 366354673.14 -> 6.7298e-01 6.1715e+05
768(1) 678458066.24 -> 7.2003e-01 4.9601e+05
769(1) 2540391585.37 -> 7.2735e-01 4.7944e+05
770(1) 477747717.54 -> 7.2526e-01 4.9565e+05
771(1) 2058231174.84 -> 6.6886e-01 6.7242e+05
772(1) 772350879.09 -> 7.4074e-01 4.0456e+05
773(1) 1931305935.02 -> 7.1768e-01 5.1073e+05
774(1) 944756214.34 -> 7.1283e-01 5.0960e+05
775(1) 2002571972.47 -> 7.3107e-01 4.1526e+05
776(1) 580176531.79 -> 7.1681e-01 5.5413e+05
777(1) 34531281.30 -> 7.1417e-01 5.0654e+05
778(1) 913522691.50 -> 7.3211e-01 4.7455e+05
779(1) 1860138860.73 -> 7.2818e-01 4.7142e+05
780(1) 208061568.51 -> 7.1791e-01 4.9021e+05
781(1) 525163416.90 -> 7.0688e-01 5.7852e+05
782(1) 1330028087.48 -> 6.9322e-01 5.5126e+05
783(1) 4098094489.79 -> 7.0997e-01 5.1685e+05
784(1) 72226172.80 -> 7.1636e-01 5.0382e+05
785(1) 605467446.96 -> 7.2137e-01 4.8324e+05
786(1) 2500807652.84 -> 7.2701e-01 4.9220e+05
787(1) 30171002.22 -> 7.1507e-01 4.9396e+05
788(1) 2197642221.88 -> 7.7005e-01 3.8336e+05
789(1) 2326231251.83 -> 7.0970e-01 5.7432e+05
790(1) 1254120516.98 -> 6.9078e-01 5.8428e+05
791(1) 2199240716.59 -> 7.6101e-01 4.4477e+05
792(1) 1159412299.90 -> 6.5050e-01 7.9297e+05
793(1) 706992242.37 -> 7.6070e-01 3.8237e+05
794(1) 2387233987.75 -> 7.7197e-01 4.2135e+05
795(1) 3786918554.07 -> 6.7587e-01 7.0025e+05
796(1) 546344818.14 -> 7.4926e-01 3.9479e+05
797(1) 3836140509.67 -> 7.1350e-01 5.1619e+05
798(1) 2746497834.34 -> 7.5095e-01 4.9266e+05
799(1) 1979891206.39 -> 7.1147e-01 5.1757e+05
800(1) 1081331531.81 -> 7.5242e-01 4.5524e+05
801(1) 332298320.42 -> 7.3575e-01 4.1104e+05
802(1) 2885693043.19 -> 7.2671e-01 4.8878e+05
803(1) 585890248.34 -> 7.1146e-01 5.1740e+05
804(1) 1003357453.50 -> 7.3667e-01 4.7384e+05
805(1) 2345105361.80 -> 7.2621e-01 4.9270e+05
806(1) 2854417852.56 -> 6.4638e-01 9.8701e+05
807(1) 2026582590.04 -> 7.5108e-01 4.5726e+05
808(1) 1319850514.68 -> 6.6368e-01 5.6507e+05
809(1) 563078458.81 -> 7.3653e-01 4.6544e+05
810(1) 2572821387.52 -> 7.5082e-01 4.6094e+05
811(1) 1922208826.84 -> 7.4316e-01 4.0191e+05
812(1) 2330965670.58 -> 7.2287e-01 4.9658e+05
813(1) 4205187045.91 -> 7.1508e-01 5.1797e+05
814(1) 694569213.76 -> 7.5222e-01 4.5574e+05
815(1) 1447300534.90 -> 6.8589e-01 5.7719e+05
816(1) 1215666229.20 -> 7.5392e-01 3.8568e+05
817(1) 534011594.66 -> 7.1425e-01 5.6098e+05
818(1) 491158166.78 -> 7.2868e-01 4.8071e+05
819(1) 542824551.23 -> 7.1849e-01 5.0456e+05
820(1) 3927536569.29 -> 7.4889e-01 4.6038e+05
821(1) 1431700769.06 -> 6.8784e-01 5.5600e+05
822(1) 217087485.71 -> 7.6637e-01 4.4118e+05
823(1) 2533461237.90 -> 7.0172e-01 5.4024e+05
824(1) 113348065.36 -> 7.2065e-01 4.9899e+05
825(1) 22201607.78 -> 7.1393e-01 5.1622e+05
826(1) 266188159.24 -> 6.6660e-01 6.8618e+05
827(1) 1678794784.43 -> 7.0437e-01 5.3499e+05
828(1) 551165699.49 -> 7.3839e-01 4.6345e+05
829(1) 3408826178.89 -> 7.0044e-01 5.3203e+05
830(1) 235661414.77 -> 7.1635e-01 5.5444e+05
831(1) 510829007.38 -> 6.6714e-01 6.7467e+05
832(1) 30620815.72 -> 7.1914e-01 5.0657e+05
833(1) 2804828312.40 -> 7.3957e-01 4.1446e+05
834(1) 1068538864.39 -> 7.2776e-01 4.8270e+05
835(1) 2026811090.76 -> 7.1380e-01 5.6224e+05
836(1) 449838859.71 -> 7.6666e-01 3.8629e+05
837(1) 2941141028.49 -> 7.5973e-01 3.9311e+05
838(1) 3571730359.94 -> 6.9443e-01 5.6292e+05
839(1) 1953305689.90 -> 7.3528e-01 4.1102e+05
840(1) 493986816.64 -> 7.1797e-01 5.0914e+05
841(1) 2014763924.93 -> 6.8269e-01 4.9694e+05
842(1) 1901377691.78 -> 7.1767e-01 5.0983e+05
843(1) 1057868454.45 -> 7.2510e-01 4.8745e+05
844(1) 6042780937.09 -> 7.2902e-01 4.8291e+05
845(1) 671393546.93 -> 6.5127e-01 7.8547e+05
846(1) 47641199.19 -> 7.1636e-01 5.5535e+05
847(1) 2415552819.78 -> 7.5894e-01 4.8004e+05
848(1) 1877772786.09 -> 7.1970e-01 5.0531e+05
849(1) 1323456465.21 -> 6.5285e-01 7.9252e+05
850(1) 449123374.88 -> 7.5279e-01 4.4352e+05
851(1) 2458180984.02 -> 7.4124e-01 4.6833e+05
852(1) 2346073274.76 -> 7.1653e-01 5.5393e+05
853(1) 3947446118.36 -> 6.4564e-01 8.7118e+05
854(1) 53247680.25 -> 7.0110e-01 5.9769e+05
855(1) 1580309388.81 -> 7.0320e-01 4.5951e+05
856(1) 2116137834.10 -> 7.0358e-01 5.4111e+05
857(1) 303859020.78 -> 7.2238e-01 4.2568e+05
858(1) 528591011.22 -> 7.4852e-01 3.9173e+05
859(1) 405307900.56 -> 7.6820e-01 3.8496e+05
860(1) 482293412.09 -> 7.2448e-01 4.9717e+05
861(1) 1037257610.33 -> 7.2740e-01 4.8740e+05
862(1) 241858192.88 -> 7.2644e-01 4.1963e+05
863(1) 125221377.14 -> 7.2253e-01 4.9084e+05
864(1) 3409724450.68 -> 7.0331e-01 5.4800e+05
865(1) 1896696113.43 -> 6.6239e-01 7.9923e+05
866(1) 1407909906.94 -> 7.4130e-01 4.6599e+05
867(1) 7163417.30 -> 7.1108e-01 5.2316e+05
868(1) 926777098.41 -> 6.7438e-01 6.3429e+05
869(1) 558322841.32 -> 7.5404e-01 4.5307e+05
870(1) 2329640541.95 -> 7.2656e-01 5.0121e+05
871(1) 507797022.98 -> 7.1952e-01 5.0572e+05
872(1) 1059681627.79 -> 7.2904e-01 4.8003e+05
873(1) 296429414.25 -> 6.7407e-01 6.2869e+05
874(1) 3790121999.65 -> 7.1672e-01 5.0880e+05
875(1) 1822833868.76 -> 6.8612e-01 5.7626e+05
876(1) 551473834.91 -> 7.4891e-01 4.4852e+05
877(1) 2154851799.33 -> 7.5466e-01 4.4114e+05
878(1) 2337139197.16 -> 7.2212e-01 4.9150e+05
879(1) 44301823.47 -> 7.1241e-01 5.1063e+05
880(1) 3079484386.58 -> 6.9146e-01 5.7033e+05
881(1) 75223196.86 -> 6.6669e-01 6.8561e+05
882(1) 3635286560.85 -> 7.0190e-01 5.9525e+05
883(1) 698234634.55 -> 7.3530e-01 4.6756e+05
884(1) 2204639766.50 -> 7.3584e-01 4.1094e+05
885(1) 2784782214.28 -> 7.3078e-01 5.2125e+05
886(1) 1971826329.68 -> 7.2487e-01 4.2223e+05
887(1) 222354749.42 -> 7.3704e-01 4.0932e+05
888(1) 331385849.99 -> 7.5255e-01 4.5527e+05
889(1) 613015930.81 -> 7.1639e-01 5.5415e+05
890(1) 1403405299.88 -> 6.8709e-01 5.5869e+05
891(1) 140693716.34 -> 7.2506e-01 4.9198e+05
892(1) 243242092.09 -> 7.1584e-01 4.9235e+05
893(1) 1868312908.43 -> 7.1673e-01 5.5338e+05
894(1) 1969758240.10 -> 7.1010e-01 5.7105e+05
895(1) 4171590027.14 -> 7.1564e-01 4.4049e+05
896(1) 2502014981.27 -> 6.4675e-01 8.4501e+05
897(1) 485671520.58 -> 7.1302e-01 5.0918e+05
898(1) 2047628408.33 -> 6.7800e-01 6.8755e+05
899(1) 944038597.28 -> 7.2973e-01 4.8685e+05
900(1) 3002634454.53 -> 7.1865e-01 5.4526e+05
901(1) 2262963097.03 -> 7.4591e-01 4.6107e+05
902(1) 1332588106.30 -> 6.9058e-01 5.7928e+05
903(1) 1884890117.89 -> 7.2264e-01 4.9060e+05
904(1) 926493056.19 -> 7.2960e-01 4.6875e+05
905(1) 2098946173.07 -> 7.0318e-01 5.4340e+05
906(1) 2338285933.71 -> 7.3093e-01 4.1307e+05
907(1) 701510479.47 -> 7.2469e-01 4.9060e+05
908(1) 661645823.43 -> 7.5440e-01 4.4137e+05
909(1) 958611373.32 -> 7.2100e-01 4.8154e+05
910(1) 249653832.37 -> 7.2313e-01 4.8173e+05
911(1) 242467423.86 -> 7.2167e-01 4.9784e+05
912(1) 2533750594.56 -> 7.0259e-01 5.2717e+05
913(1) 3722543415.87 -> 7.0327e-01 5.3934e+05
914(1) 252279512.97 -> 7.5578e-01 4.3967e+05
915(1) 1733839066.02 -> 7.0212e-01 5.2847e+05
916(1) 4067873454.34 -> 7.1345e-01 4.4328e+05
917(1) 2000491987.27 -> 7.0715e-01 5.8000e+05
918(1) 2767783034.67 -> 7.3570e-01 4.7290e+05
919(1) 3788837419.77 -> 7.1890e-01 4.8853e+05
920(1) 4175069471.35 -> 7.3322e-01 4.6222e+05
921(1) 2716486324.06 -> 7.7170e-01 4.3179e+05
922(1) 389834927.11 -> 7.4981e-01 4.5553e+05
923(1) 148444048.53 -> 6.7089e-01 6.4525e+05
924(1) 2432396778.17 -> 7.2525e-01 5.3152e+05
925(1) 2424879313.01 -> 7.2449e-01 4.8869e+05
926(1) 2413865421.13 -> 7.1864e-01 5.0342e+05
927(1) 2475951651.63 -> 7.5134e-01 4.5700e+05
928(1) 2442668260.41 -> 7.2980e-01 4.7766e+05
929(1) 511846687.05 -> 7.3106e-01 4.1308e+05
930(1) 851856688.97 -> 6.7221e-01 6.5323e+05
931(1) 2207882696.22 -> 7.0128e-01 5.9736e+05
932(1) 3627525849.77 -> 6.9339e-01 5.6928e+05
933(1) 387407858.44 -> 7.3953e-01 5.1203e+05
934(1) 2126261979.82 -> 7.0979e-01 4.4895e+05
935(1) 3712361884.00 -> 6.6909e-01 6.5553e+05
936(1) 3783579449.26 -> 6.6776e-01 6.7132e+05
937(1) 4153859042.90 -> 7.1034e-01 5.2752e+05
938(1) 4431852705.67 -> 7.0787e-01 4.5381e+05
939(1) 5366983050.10 -> 6.9270e-01 5.8007e+05
940(1) 85005616.20 -> 7.1933e-01 4.9834e+05
941(1) 117391188.09 -> 7.2018e-01 5.0619e+05
942(1) 709767525.42 -> 7.2490e-01 4.8805e+05
943(1) 574861601.88 -> 7.2055e-01 4.9490e+05
944(1) 627828630.94 -> 7.3111e-01 4.1519e+05
945(1) 1919150835.27 -> 7.3313e-01 4.6874e+05
946(1) 543232290.52 -> 7.3216e-01 4.6143e+05
947(1) 1781450888.82 -> 7.1082e-01 5.7011e+05
948(1) 5523479717.65 -> 7.1763e-01 5.0683e+05
949(1) 166962599.20 -> 7.5542e-01 4.4014e+05
950(1) 1878188044.05 -> 7.1505e-01 5.0907e+05
951(1) 232908319.89 -> 7.2840e-01 4.8143e+05
952(1) 1914424153.02 -> 7.1520e-01 5.1129e+05
953(1) 189651236.11 -> 7.1746e-01 5.0689e+05
954(1) 3784818573.14 -> 7.1798e-01 4.9036e+05
955(1) 1995530759.76 -> 6.7258e-01 6.1915e+05
956(1) 1375866899.12 -> 6.9514e-01 6.2314e+05
957(1) 472659153.35 -> 7.4271e-01 4.5756e+05
958(1) 388162186.93 -> 7.4691e-01 4.5954e+05
959(1) 463716948.39 -> 7.2559e-01 4.7514e+05
960(1) 4769570605.07 -> 6.8772e-01 5.8402e+05
961(1) 3498326186.06 -> 7.0341e-01 5.4276e+05
962(1) 3681731843.67 -> 6.9381e-01 6.2974e+05
963(1) 3916562217.55 -> 6.4839e-01 7.8684e+05
964(1) 5346754573.06 -> 7.0680e-01 4.5596e+05
965(1) 5142739202.74 -> 6.9942e-01 5.3497e+05
966(1) 514795137.64 -> 7.2478e-01 4.9135e+05
967(1) 1801918672.55 -> 7.1359e-01 5.6314e+05
968(1) 2009991452.55 -> 7.2387e-01 4.9015e+05
969(1) 509865114.97 -> 7.2390e-01 4.9746e+05
970(1) 1877938268.16 -> 6.7985e-01 5.0544e+05
971(1) 2028230776.39 -> 7.0076e-01 5.4422e+05
972(1) 467886379.46 -> 7.2387e-01 4.9753e+05
973(1) 649951065.28 -> 7.1222e-01 5.1088e+05
974(1) 591912967.38 -> 7.1966e-01 5.0113e+05
975(1) 931043105.39 -> 7.2375e-01 4.7859e+05
976(1) 154981935.36 -> 7.1560e-01 5.0329e+05
977(1) 133262230.49 -> 7.5365e-01 4.5032e+05
978(1) 3794092643.17 -> 7.0180e-01 5.3050e+05
979(1) 172460342.66 -> 7.2724e-01 4.7408e+05
980(1) 1871609723.72 -> 7.1885e-01 5.0938e+05
981(1) 3002628373.28 -> 6.6139e-01 5.7563e+05
982(1) 224477303.49 -> 7.1207e-01 5.1610e+05
983(1) 394644081.12 -> 6.7542e-01 6.0567e+05
984(1) 330320242.40 -> 7.2201e-01 4.9374e+05
985(1) 75230425.62 -> 7.4538e-01 3.9932e+05
986(1) 528475477.57 -> 6.6844e-01 6.5883e+05
987(1) 1986926038.82 -> 6.7048e-01 6.4749e+05
988(1) 1833547954.96 -> 7.0915e-01 5.7413e+05
989(1) 1314564862.07 -> 6.9058e-01 5.7928e+05
990(1) 1919080906.10 -> 7.1572e-01 5.0528e+05
991(1) 5841995027.69 -> 7.2015e-01 5.5377e+05
992(1) 105960793.58 -> 7.1899e-01 4.9909e+05
993(1) 829508001.08 -> 6.6662e-01 7.6367e+05
994(1) 1449924303.80 -> 6.9753e-01 6.1489e+05
995(1) 966920920.34 -> 7.4373e-01 4.7156e+05
996(1) 476091998.12 -> 7.3576e-01 4.7058e+05
997(1) 2629587947.42 -> 7.2735e-01 4.7944e+05
998(1) 44645203.79 -> 7.1385e-01 5.6022e+05
999(1) 2624357543.03 -> 6.4822e-01 7.8847e+05
1000(1) 3487754754.19 -> 7.0284e-01 5.4438e+05
