1(1) 27165406584.353 -> 8.580e-03 9.523e-01
2(1) 88948905938.406 -> 2.973e-03 5.976e-01
3(1) 137493830049.788 -> 6.079e-03 9.964e-01
4(1) 231320031970.729 -> 4.728e-03 7.160e-01
5(1) 61294343165.591 -> 1.298e-03 5.681e-01
6(1) 103159277463.446 -> 5.268e-03 7.952e-01
7(1) 130222667292.330 -> 3.625e-03 6.493e-01
8(1) 166685943118.871 -> 4.476e-03 6.805e-01
9(1) 114158794092.913 -> 8.869e-03 8.578e-01
10(1) 114863205738.724 -> 2.831e-03 5.423e-01
11(1) 44192233993.280 -> 5.236e-03 7.921e-01
12(1) 33930962271.965 -> 9.002e-03 8.275e-01
13(1) 83824829848.722 -> 7.809e-03 7.043e-01
14(1) 155070535881.005 -> 1.382e-03 5.752e-01
15(1) 146106710480.980 -> 5.824e-03 7.622e-01
16(1) 125372849795.798 -> 8.069e-03 9.859e-01
17(1) 52249063814.073 -> 6.873e-03 8.406e-01
18(1) 248306315100.497 -> 3.645e-03 7.138e-01
19(1) 135551288834.866 -> 7.615e-03 9.981e-01
20(1) 76793577916.105 -> 1.004e-03 3.773e-01
21(1) 211746197499.598 -> 4.040e-03 9.977e-01
22(1) 78888166226.176 -> 2.660e-03 5.576e-01
23(1) 102877670906.607 -> 3.687e-03 6.992e-01
24(1) 55702980693.418 -> 5.797e-03 6.357e-01
25(1) 42302568744.464 -> 6.286e-03 9.755e-01
26(1) 75790992410.260 -> 6.255e-03 9.902e-01
27(1) 116628246946.612 -> 1.412e-03 4.725e-01
28(1) 116215732983.232 -> 7.441e-03 8.883e-01
29(1) 136454441998.342 -> 5.729e-03 9.982e-01
30(1) 204864628511.944 -> 5.035e-03 8.136e-01
31(1) 157100229748.725 -> 4.253e-03 6.589e-01
32(1) 46785855256.618 -> 3.588e-03 6.657e-01
33(1) 51770536380.127 -> 4.183e-03 7.198e-01
34(1) 69983769564.857 -> 7.964e-03 9.907e-01
35(1) 163784464024.765 -> 7.638e-03 9.772e-01
36(1) 87481715841.267 -> 7.250e-03 9.053e-01
37(1) 286725279001.210 -> 8.723e-03 9.914e-01
38(1) 115307249537.088 -> 2.712e-03 6.903e-01
39(1) 163990730791.272 -> 2.807e-03 5.980e-01
40(1) 141980508818.774 -> 2.270e-03 8.211e-01
41(1) 31700795484.455 -> 3.358e-03 8.414e-01
42(1) 144653067664.855 -> 1.279e-03 5.483e-01
43(1) 93957639470.877 -> 1.806e-03 6.797e-01
44(1) 144292761658.027 -> 7.549e-03 9.876e-01
45(1) 200432049934.336 -> 1.909e-03 4.101e-01
46(1) 75287333382.485 -> 6.738e-03 1.000e+00
47(1) 39569003871.831 -> 4.081e-03 1.000e+00
48(1) 105045571243.936 -> 2.108e-03 6.644e-01
49(1) 202466919725.251 -> 8.911e-03 9.954e-01
50(1) 77691975013.534 -> 3.655e-03 6.436e-01
51(1) 230683229991.169 -> 7.947e-03 9.934e-01
52(1) 112744065572.534 -> 1.016e-02 9.984e-01
53(1) 106694908684.113 -> 8.045e-04 4.143e-01
54(1) 80255957032.911 -> 4.642e-03 7.056e-01
55(1) 178916115645.351 -> 2.116e-03 5.445e-01
56(1) 119891197948.819 -> 5.667e-04 4.138e-01
57(1) 85132605039.709 -> 1.609e-02 9.965e-01
58(1) 90903661433.436 -> 8.408e-03 7.831e-01
59(1) 37759485555.804 -> 4.429e-03 7.129e-01
60(1) 119682075406.720 -> 1.894e-03 7.044e-01
61(1) 111561289078.170 -> 1.587e-02 9.091e-01
62(1) 161370221264.494 -> 2.114e-03 5.571e-01
63(1) 45293107449.457 -> 1.223e-03 4.666e-01
64(1) 86997247657.670 -> 4.845e-03 8.355e-01
65(1) 129374428377.777 -> 2.963e-03 5.972e-01
66(1) 49717144632.177 -> 1.677e-03 4.051e-01
67(1) 65615632014.428 -> 8.080e-03 9.980e-01
68(1) 66043191553.750 -> 4.387e-03 5.437e-01
69(1) 46615716818.923 -> 1.630e-03 6.132e-01
70(1) 65630861289.733 -> 5.611e-03 6.461e-01
71(1) 104874876978.837 -> 3.113e-03 6.335e-01
72(1) 34322343844.239 -> 8.004e-03 9.949e-01
73(1) 52840115660.393 -> 1.055e-03 3.890e-01
74(1) 44353571420.682 -> 3.876e-04 3.432e-01
75(1) 147174943649.468 -> 2.136e-03 5.230e-01
76(1) 91641883964.727 -> 6.261e-03 7.144e-01
77(1) 125899975591.876 -> 1.002e-02 9.987e-01
78(1) 50218828388.822 -> 7.762e-03 9.981e-01
79(1) 96335967971.892 -> 6.291e-03 8.288e-01
80(1) 140916282901.738 -> 9.695e-04 4.675e-01
81(1) 60746705388.314 -> 7.975e-04 4.064e-01
82(1) 85308847916.381 -> 2.982e-03 7.383e-01
83(1) 68542463261.456 -> 1.087e-02 1.000e+00
84(1) 182530441001.265 -> 9.380e-03 9.935e-01
85(1) 132875964271.982 -> 3.382e-03 6.979e-01
86(1) 154136304777.226 -> 3.714e-03 5.005e-01
87(1) 81424109493.929 -> 5.164e-03 9.388e-01
88(1) 130400087268.198 -> 3.926e-03 6.602e-01
89(1) 108571133655.749 -> 9.094e-03 9.722e-01
90(1) 60533280113.230 -> 9.404e-03 9.980e-01
91(1) 60876067077.400 -> 8.833e-03 9.992e-01
92(1) 31240263099.452 -> 5.814e-03 9.990e-01
93(1) 96489034505.749 -> 3.389e-03 6.065e-01
94(1) 171983276096.049 -> 8.883e-03 8.087e-01
95(1) 138313707811.608 -> 1.669e-02 9.999e-01
96(1) 123993438159.795 -> 7.650e-03 9.893e-01
97(1) 70360970412.387 -> 2.493e-03 6.543e-01
98(1) 35714224390.079 -> 2.104e-02 9.999e-01
99(1) 126444931316.418 -> 9.998e-04 4.290e-01
100(1) 42676145680.359 -> 1.902e-03 4.866e-01
101(1) 76004018713.789 -> 5.014e-03 9.968e-01
102(1) 122158971649.091 -> 2.168e-03 6.745e-01
103(1) 128240430316.162 -> 4.582e-03 1.000e+00
104(1) 83445000682.566 -> 1.016e-02 9.992e-01
105(1) 59259329510.578 -> 3.771e-03 6.635e-01
106(1) 128181263134.793 -> 5.009e-04 3.570e-01
107(1) 88849518339.175 -> 2.545e-03 5.730e-01
108(1) 173226017024.035 -> 7.719e-03 9.859e-01
109(1) 71260526110.346 -> 7.209e-03 9.148e-01
110(1) 15167870245.803 -> 7.782e-03 9.971e-01
111(1) 38109656955.441 -> 7.017e-03 8.122e-01
112(1) 36179088736.497 -> 9.361e-03 9.174e-01
113(1) 77879549000.035 -> 3.730e-03 7.323e-01
114(1) 113265848597.953 -> 1.605e-02 8.743e-01
115(1) 97420384143.729 -> 3.151e-02 1.000e+00
116(1) 49091963383.653 -> 6.538e-03 8.787e-01
117(1) 79743004586.536 -> 2.529e-03 5.730e-01
118(1) 134817833745.226 -> 7.409e-03 7.291e-01
119(0) 185465547933.623 -> 1.074e-03 3.707e-01
120(1) 82190158075.586 -> 6.509e-04 4.191e-01
121(1) 142760553429.069 -> 1.776e-03 6.076e-01
122(1) 112251998268.491 -> 1.384e-03 5.035e-01
123(1) 72069534650.029 -> 9.013e-03 8.471e-01
124(1) 121123920204.042 -> 5.939e-03 7.603e-01
125(1) 137882723257.762 -> 6.309e-03 9.817e-01
126(1) 130677074909.658 -> 2.367e-03 5.763e-01
127(1) 127842604547.678 -> 6.393e-03 8.603e-01
128(1) 71944291279.140 -> 9.053e-03 9.967e-01
129(1) 154101161606.335 -> 8.152e-03 9.781e-01
130(1) 81587853392.112 -> 1.343e-03 4.013e-01
131(1) 68135890523.067 -> 4.205e-03 7.209e-01
132(1) 79047671608.920 -> 5.147e-03 7.552e-01
133(1) 145432919287.784 -> 2.675e-02 9.990e-01
134(1) 132640535555.738 -> 1.759e-02 9.998e-01
135(1) 147876215934.344 -> 3.939e-03 6.374e-01
136(1) 157882499118.087 -> 4.738e-03 7.853e-01
137(1) 88256272223.728 -> 6.227e-03 7.279e-01
138(1) 207390004024.691 -> 1.587e-02 7.591e-01
139(1) 148685047546.802 -> 2.017e-03 3.857e-01
140(1) 87066478859.659 -> 7.163e-04 5.635e-01
141(1) 23616206713.814 -> 5.654e-03 9.981e-01
142(1) 124749166141.518 -> 1.229e-02 9.999e-01
143(1) 37487854142.032 -> 6.990e-03 9.991e-01
144(1) 47223577097.643 -> 4.587e-03 7.386e-01
145(1) 130388782867.402 -> 6.502e-03 7.789e-01
146(1) 60078589513.822 -> 2.994e-03 6.293e-01
147(1) 15194848873.611 -> 8.693e-03 8.261e-01
148(1) 103381645603.765 -> 2.869e-03 6.261e-01
149(1) 101021469234.407 -> 8.192e-03 9.718e-01
150(1) 37890636838.759 -> 6.562e-03 9.977e-01
151(1) 67519418139.342 -> 3.853e-03 6.523e-01
152(1) 14817768379.234 -> 8.701e-03 9.976e-01
153(1) 196256152786.461 -> 6.150e-03 5.474e-01
154(1) 84092463666.852 -> 3.112e-02 9.978e-01
155(1) 90793904735.206 -> 4.393e-03 7.160e-01
156(1) 97055461157.045 -> 6.919e-03 9.872e-01
157(1) 91301418079.105 -> 4.024e-03 4.011e-01
158(1) 34772028151.103 -> 6.004e-03 7.534e-01
159(1) 76013607683.586 -> 9.789e-03 9.990e-01
160(1) 104305586083.206 -> 7.825e-03 9.973e-01
161(1) 145107865606.203 -> 7.628e-03 8.491e-01
162(1) 129537601180.529 -> 1.987e-03 5.048e-01
163(1) 100957832811.332 -> 1.323e-02 9.985e-01
164(1) 97375770021.114 -> 1.796e-02 1.000e+00
165(1) 116228531526.469 -> 1.120e-03 3.603e-01
166(1) 85581217230.157 -> 8.130e-03 9.972e-01
167(1) 174205615798.139 -> 3.171e-02 9.994e-01
168(1) 126291050469.458 -> 8.548e-03 9.967e-01
169(1) 102087843849.458 -> 3.227e-03 5.991e-01
170(1) 130158532753.493 -> 7.030e-03 8.831e-01
171(1) 69948407192.119 -> 2.893e-03 5.091e-01
172(1) 108269359053.049 -> 8.060e-03 9.905e-01
173(1) 114196753654.161 -> 2.263e-03 6.015e-01
174(1) 86784373932.151 -> 9.262e-03 9.823e-01
175(1) 113003664744.111 -> 9.601e-03 9.921e-01
176(1) 93814717414.340 -> 4.742e-03 7.530e-01
177(1) 110829204875.164 -> 1.135e-02 8.212e-01
178(1) 135971727713.845 -> 9.620e-03 9.876e-01
179(1) 71417623698.977 -> 4.424e-03 7.138e-01
180(1) 108309645516.116 -> 7.337e-03 9.138e-01
181(1) 84498106429.718 -> 1.208e-03 4.173e-01
182(1) 129117390226.060 -> 4.283e-03 6.931e-01
183(1) 67428542842.841 -> 4.853e-03 4.950e-01
184(1) 81189911693.288 -> 1.887e-03 6.033e-01
185(1) 84665191120.467 -> 1.124e-02 9.536e-01
186(1) 165225717095.959 -> 1.060e-02 9.992e-01
187(1) 127654114262.314 -> 5.771e-03 9.630e-01
188(1) 101440678760.805 -> 5.638e-03 7.697e-01
189(1) 108880693241.049 -> 1.293e-02 9.946e-01
190(1) 115861424453.683 -> 8.602e-03 9.970e-01
191(1) 116025904960.439 -> 1.144e-02 9.889e-01
192(1) 30718491796.465 -> 4.314e-03 7.746e-01
193(1) 105443127554.272 -> 3.180e-03 5.431e-01
194(1) 98853842866.695 -> 6.210e-03 8.844e-01
195(1) 217774892423.629 -> 9.567e-03 8.838e-01
196(1) 48876771577.416 -> 1.967e-03 4.386e-01
197(1) 61927137439.231 -> 9.383e-03 8.150e-01
198(1) 178556015441.956 -> 1.187e-02 6.752e-01
199(1) 22182631550.163 -> 6.457e-03 9.206e-01
200(1) 127604172698.879 -> 3.662e-03 6.647e-01
201(1) 83095977156.700 -> 2.295e-03 5.343e-01
202(1) 117627253473.109 -> 1.171e-02 8.402e-01
203(1) 61685677323.406 -> 7.732e-03 9.978e-01
204(1) 86554440405.114 -> 5.474e-03 7.545e-01
205(1) 94976702566.694 -> 7.039e-03 9.987e-01
206(1) 157804082484.923 -> 1.831e-03 6.088e-01
207(1) 65090323462.049 -> 4.953e-03 7.493e-01
208(1) 96500341238.172 -> 2.690e-04 3.496e-01
209(1) 48271189737.460 -> 7.489e-03 8.119e-01
210(1) 96859371167.895 -> 3.510e-03 6.188e-01
211(1) 125360146881.483 -> 3.173e-03 5.133e-01
212(1) 40935549066.198 -> 6.951e-03 9.993e-01
213(1) 139111314977.336 -> 8.086e-03 8.400e-01
214(1) 56857924181.066 -> 1.187e-03 6.044e-01
215(1) 109705333144.850 -> 5.889e-03 8.903e-01
216(1) 53603822436.861 -> 1.102e-03 4.064e-01
217(1) 20979556090.342 -> 5.364e-03 9.981e-01
218(1) 66764362279.501 -> 2.997e-03 5.640e-01
219(1) 60739225708.442 -> 9.128e-03 9.958e-01
220(1) 47218564440.529 -> 7.869e-03 9.934e-01
221(1) 141677205595.268 -> 7.123e-03 7.423e-01
222(1) 48548899041.155 -> 3.170e-03 6.932e-01
223(1) 165729365212.918 -> 4.962e-03 9.910e-01
224(1) 66829678063.506 -> 2.522e-03 6.092e-01
225(1) 62867915087.624 -> 2.030e-02 9.421e-01
226(1) 199564805131.532 -> 1.714e-02 1.000e+00
227(1) 74748802529.916 -> 5.884e-03 8.199e-01
228(1) 82535497409.202 -> 8.628e-03 9.950e-01
229(1) 27620776277.196 -> 7.955e-03 9.989e-01
230(1) 44908850526.753 -> 6.630e-03 8.680e-01
231(1) 137105022149.180 -> 3.692e-03 6.259e-01
232(1) 155194882813.178 -> 7.375e-03 9.964e-01
233(1) 142923722505.037 -> 2.085e-02 9.996e-01
234(1) 79584682911.201 -> 1.107e-02 9.285e-01
235(1) 184984968201.011 -> 7.972e-03 8.720e-01
236(1) 84054862574.013 -> 4.341e-03 8.099e-01
237(1) 102816779563.222 -> 1.674e-02 9.997e-01
238(1) 77250692784.935 -> 8.726e-03 9.922e-01
239(1) 53395412839.311 -> 7.890e-03 9.980e-01
240(1) 75062681856.630 -> 1.396e-03 3.756e-01
241(1) 122218849831.545 -> 8.554e-03 9.931e-01
242(1) 65684718165.280 -> 3.740e-03 6.671e-01
243(1) 140860708802.878 -> 9.843e-03 9.994e-01
244(1) 114824337027.749 -> 1.078e-02 9.953e-01
245(1) 175111457841.488 -> 3.280e-03 6.602e-01
246(1) 103376323530.546 -> 3.076e-03 5.306e-01
247(1) 53418718232.770 -> 6.014e-03 6.772e-01
248(1) 87943886581.962 -> 6.165e-03 7.897e-01
249(1) 119303313428.340 -> 7.308e-03 8.273e-01
250(1) 40017221388.330 -> 7.271e-03 9.996e-01
251(1) 93321757136.003 -> 3.167e-03 7.829e-01
252(1) 54495482971.795 -> 1.603e-03 4.161e-01
253(1) 24392926634.629 -> 6.003e-03 9.944e-01
254(1) 60093773228.264 -> 3.871e-03 6.976e-01
255(1) 93581518278.006 -> 7.838e-03 9.899e-01
256(1) 83161621243.563 -> 7.308e-03 9.282e-01
257(1) 75113904550.029 -> 2.169e-03 3.936e-01
258(1) 73180324400.807 -> 1.000e-02 9.818e-01
259(1) 185753392338.177 -> 1.065e-02 8.386e-01
260(1) 84345754969.562 -> 3.396e-03 6.730e-01
261(1) 108738856142.136 -> 7.922e-03 9.981e-01
262(1) 79497053164.072 -> 4.671e-03 8.599e-01
263(1) 56420350440.727 -> 5.318e-03 7.768e-01
264(1) 38805846761.385 -> 5.359e-03 8.789e-01
265(1) 142539189213.537 -> 1.372e-03 4.374e-01
266(1) 110490243713.262 -> 9.858e-03 9.979e-01
267(1) 171679837388.430 -> 1.901e-02 9.991e-01
268(1) 133178714522.724 -> 8.806e-03 9.814e-01
269(1) 78287553475.995 -> 1.279e-03 4.939e-01
270(1) 116101174587.231 -> 3.841e-03 7.501e-01
271(1) 90088587980.220 -> 9.013e-03 9.972e-01
272(1) 158925578013.921 -> 1.305e-02 9.497e-01
273(1) 56028440705.953 -> 3.538e-03 6.596e-01
274(1) 82512124090.549 -> 1.081e-02 9.982e-01
275(1) 100619617163.277 -> 1.042e-03 4.002e-01
276(1) 83939686522.834 -> 7.032e-03 8.026e-01
277(1) 135192050276.903 -> 1.018e-02 9.968e-01
278(1) 178100963332.448 -> 2.306e-04 4.357e-01
279(1) 62356090916.142 -> 3.291e-03 6.375e-01
280(1) 49104555574.748 -> 1.271e-03 4.033e-01
281(1) 157704902613.818 -> 5.282e-03 8.270e-01
282(1) 84678698329.115 -> 1.062e-02 9.908e-01
283(1) 106329915803.889 -> 8.862e-03 9.940e-01
284(1) 53432254032.926 -> 3.860e-03 6.338e-01
285(1) 131102822072.999 -> 4.801e-03 7.849e-01
286(1) 85260484388.091 -> 1.053e-02 7.595e-01
287(1) 87072330469.984 -> 1.121e-03 3.458e-01
288(1) 57117919100.088 -> 1.032e-02 7.864e-01
289(1) 81996484912.110 -> 7.354e-03 9.840e-01
290(1) 65140314935.947 -> 8.070e-03 9.965e-01
291(1) 133726648386.778 -> 7.334e-03 9.966e-01
292(1) 63113085145.511 -> 1.482e-03 4.000e-01
293(1) 67602634781.226 -> 1.557e-02 9.935e-01
294(1) 238900919191.547 -> 1.585e-02 7.843e-01
295(1) 138352674619.336 -> 2.418e-03 4.448e-01
296(1) 51086938690.786 -> 7.967e-03 9.980e-01
297(1) 173946965294.784 -> 8.341e-03 9.909e-01
298(1) 185172920525.210 -> 6.305e-03 8.277e-01
299(1) 101611137379.937 -> 8.372e-03 9.527e-01
300(1) 67409938931.268 -> 3.736e-03 9.990e-01
301(1) 103452960029.471 -> 7.628e-03 9.989e-01
302(1) 166388298997.754 -> 2.966e-03 6.739e-01
303(1) 138694973876.790 -> 5.800e-03 9.735e-01
304(1) 169734913133.319 -> 8.326e-03 9.860e-01
305(1) 90352071548.258 -> 7.718e-03 9.319e-01
306(1) 100213308580.393 -> 8.030e-03 9.978e-01
307(1) 78551883350.077 -> 3.585e-03 6.033e-01
308(1) 132032498230.418 -> 2.552e-03 6.748e-01
309(1) 144027636304.950 -> 4.614e-03 7.645e-01
310(1) 48677961647.554 -> 1.103e-02 9.972e-01
311(1) 36846513329.770 -> 4.528e-03 6.783e-01
312(1) 145585657240.930 -> 3.328e-03 4.828e-01
313(1) 94049008687.677 -> 5.698e-03 8.497e-01
314(1) 74698520556.636 -> 3.186e-03 6.907e-01
315(1) 53724374935.965 -> 7.495e-03 9.980e-01
316(1) 119358062614.260 -> 1.176e-02 9.996e-01
317(1) 111576949234.233 -> 5.983e-03 8.755e-01
318(1) 62563323827.201 -> 8.591e-03 9.960e-01
319(1) 56810847795.293 -> 5.793e-03 9.740e-01
320(1) 51451673695.008 -> 1.109e-03 5.539e-01
321(1) 100329069803.864 -> 5.454e-03 8.437e-01
322(1) 52079657214.147 -> 2.640e-03 6.311e-01
323(1) 69174216802.572 -> 1.034e-02 9.248e-01
324(1) 30780337337.363 -> 7.282e-03 9.913e-01
325(1) 100260639839.110 -> 1.094e-02 8.078e-01
326(1) 161484056817.539 -> 1.101e-02 9.985e-01
327(1) 123844976929.231 -> 6.469e-03 6.213e-01
328(1) 28677911813.615 -> 3.153e-03 6.016e-01
329(1) 125087727572.404 -> 1.864e-02 1.000e+00
330(1) 89149626960.604 -> 9.542e-03 7.372e-01
331(1) 127630666721.422 -> 1.917e-03 4.913e-01
332(1) 70487698899.150 -> 8.431e-03 9.967e-01
333(1) 122316517144.582 -> 8.434e-03 9.953e-01
334(1) 91235907804.481 -> 4.544e-03 6.480e-01
335(1) 36747052301.652 -> 8.562e-03 9.987e-01
336(1) 89456655818.219 -> 2.478e-03 5.156e-01
337(1) 67380320686.002 -> 5.730e-03 8.055e-01
338(1) 89997523899.778 -> 5.201e-03 6.891e-01
339(1) 53733846358.355 -> 6.434e-03 9.563e-01
340(1) 30185708581.001 -> 2.862e-03 6.722e-01
341(1) 118461258635.041 -> 4.979e-03 8.318e-01
342(1) 183121037532.073 -> 3.324e-03 5.239e-01
343(1) 116331004137.894 -> 5.226e-03 7.594e-01
344(1) 211316739332.686 -> 6.277e-03 8.579e-01
345(1) 186512608898.249 -> 7.204e-03 9.972e-01
346(1) 92347586788.043 -> 9.109e-03 9.969e-01
347(1) 68171665610.083 -> 6.992e-03 9.151e-01
348(1) 241626461563.778 -> 3.928e-03 5.551e-01
349(1) 87982920243.416 -> 1.516e-02 8.435e-01
350(1) 95676550248.319 -> 5.212e-03 7.794e-01
351(1) 106375763825.877 -> 5.029e-03 7.355e-01
352(1) 71777331262.752 -> 8.448e-03 9.992e-01
353(1) 250342982296.699 -> 7.627e-03 9.893e-01
354(1) 64301844604.201 -> 1.149e-02 9.961e-01
355(1) 116666659063.796 -> 2.542e-03 6.659e-01
356(1) 59766075472.111 -> 2.153e-02 9.987e-01
357(1) 160462431957.947 -> 7.889e-03 9.885e-01
358(1) 182377427719.603 -> 6.473e-03 6.876e-01
359(1) 137138574331.652 -> 9.791e-04 5.236e-01
360(1) 21126246738.110 -> 4.271e-03 7.958e-01
361(1) 147998898213.664 -> 3.660e-03 6.119e-01
362(1) 90066985899.030 -> 1.175e-03 5.218e-01
363(1) 161062921754.784 -> 1.456e-02 8.809e-01
364(1) 101398729588.294 -> 2.453e-02 1.000e+00
365(1) 33612581348.924 -> 3.171e-03 5.870e-01
366(1) 173807904188.883 -> 7.119e-03 9.860e-01
367(1) 39677111688.439 -> 1.956e-03 6.157e-01
368(1) 41205139623.568 -> 4.285e-03 8.982e-01
369(1) 61690814636.904 -> 3.206e-03 5.979e-01
370(1) 98115817042.239 -> 1.422e-02 9.461e-01
371(1) 131489508890.397 -> 1.261e-03 4.544e-01
372(1) 112930326986.338 -> 6.970e-03 9.793e-01
373(1) 45103669846.613 -> 4.664e-04 4.910e-01
374(1) 98805441183.521 -> 1.648e-03 7.918e-01
375(1) 178882660587.114 -> 3.996e-03 4.031e-01
376(1) 58607952743.302 -> 6.037e-03 9.983e-01
377(1) 94585847160.816 -> 8.749e-03 9.966e-01
378(1) 39057020570.969 -> 3.835e-03 6.197e-01
379(1) 175286057785.172 -> 2.103e-03 6.265e-01
380(1) 55893000131.778 -> 3.525e-03 6.817e-01
381(1) 80096137107.548 -> 1.096e-02 8.948e-01
382(1) 51735012226.708 -> 5.277e-03 7.510e-01
383(1) 92164351610.730 -> 7.309e-03 9.934e-01
384(1) 149739525704.306 -> 1.335e-03 4.732e-01
385(1) 37171859622.861 -> 2.773e-03 7.085e-01
386(1) 91053379883.800 -> 7.362e-03 9.662e-01
387(1) 127721304472.738 -> 5.476e-03 7.832e-01
388(1) 95116256528.184 -> 8.519e-03 9.614e-01
389(1) 57847191527.444 -> 2.151e-03 6.007e-01
390(1) 61141985907.237 -> 1.272e-03 1.001e+00
391(1) 21650376778.857 -> 5.450e-03 9.167e-01
392(1) 106412099880.385 -> 3.940e-03 9.995e-01
393(1) 93362579581.345 -> 7.346e-03 8.531e-01
394(1) 134056649247.439 -> 1.438e-02 8.733e-01
395(1) 90107009199.726 -> 3.268e-03 6.900e-01
396(1) 158403312916.796 -> 9.224e-03 8.762e-01
397(1) 170378155411.944 -> 9.545e-03 9.948e-01
398(1) 29040672308.318 -> 6.278e-04 3.590e-01
399(1) 170274432187.370 -> 2.251e-03 5.207e-01
400(1) 82773681552.230 -> 9.343e-03 9.918e-01
401(1) 54364783874.022 -> 4.774e-03 7.659e-01
402(1) 83559598769.363 -> 8.699e-03 9.962e-01
403(1) 70693349497.000 -> 8.390e-03 9.990e-01
404(1) 108021562462.684 -> 8.659e-03 9.937e-01
405(1) 93504158481.615 -> 8.420e-03 7.233e-01
406(1) 144323245811.893 -> 7.774e-03 9.931e-01
407(1) 26214717072.955 -> 9.593e-03 9.986e-01
408(1) 112935308553.043 -> 5.593e-03 8.573e-01
409(1) 112256015862.593 -> 9.425e-03 9.792e-01
410(1) 28365810983.752 -> 5.388e-03 7.991e-01
411(1) 93780017618.613 -> 3.832e-03 6.683e-01
412(1) 79420878182.111 -> 3.050e-03 5.982e-01
413(1) 171184040313.461 -> 8.399e-03 9.735e-01
414(1) 20553275252.091 -> 7.674e-03 9.979e-01
415(1) 46229463692.708 -> 7.649e-03 7.559e-01
416(1) 139672402987.737 -> 3.619e-03 6.045e-01
417(1) 81585014198.499 -> 5.113e-03 7.814e-01
418(1) 190488930374.641 -> 7.973e-03 9.968e-01
419(1) 132121269354.082 -> 2.804e-03 6.129e-01
420(1) 80347238371.082 -> 9.732e-03 9.512e-01
421(1) 151421335533.762 -> 5.965e-03 7.563e-01
422(1) 91493390229.710 -> 3.144e-03 6.528e-01
423(1) 102415224402.552 -> 2.629e-03 4.896e-01
424(0) 131422389022.784 -> 1.284e-03 5.350e-01
425(1) 229768636182.031 -> 5.235e-02 8.895e-01
426(1) 72064143207.731 -> 2.497e-03 6.249e-01
427(1) 106871268143.424 -> 7.978e-03 9.912e-01
428(1) 122593240927.311 -> 5.682e-03 7.107e-01
429(1) 141489641745.119 -> 7.562e-03 9.619e-01
430(1) 48401755689.874 -> 1.034e-02 9.992e-01
431(1) 120906752547.617 -> 5.248e-03 8.233e-01
432(1) 109135103400.262 -> 8.936e-03 9.903e-01
433(1) 91555903068.094 -> 1.260e-02 9.799e-01
434(1) 111126052433.247 -> 5.569e-03 9.748e-01
435(1) 183646717183.960 -> 1.464e-02 9.984e-01
436(1) 228200070516.732 -> 1.487e-03 4.944e-01
437(1) 74830909912.362 -> 1.569e-02 9.463e-01
438(1) 169252130815.436 -> 9.174e-03 9.954e-01
439(1) 155852935261.875 -> 6.098e-03 7.947e-01
440(1) 79979753013.246 -> 4.850e-03 7.514e-01
441(1) 224903115214.966 -> 3.193e-04 3.798e-01
442(1) 90039144161.914 -> 2.663e-03 6.467e-01
443(1) 132469655620.586 -> 3.179e-03 6.267e-01
444(1) 93031819566.359 -> 2.010e-03 5.062e-01
445(1) 95966092039.681 -> 9.045e-03 9.976e-01
446(1) 154211543013.627 -> 7.237e-03 9.765e-01
447(1) 93050613627.575 -> 2.211e-03 5.149e-01
448(1) 129014227452.711 -> 6.975e-03 9.482e-01
449(1) 211405890843.990 -> 8.955e-03 9.947e-01
450(1) 97904584483.692 -> 3.733e-03 6.274e-01
451(1) 64867533113.546 -> 1.200e-03 5.390e-01
452(1) 74636095087.006 -> 1.702e-02 9.984e-01
453(1) 123522807602.783 -> 1.265e-02 9.993e-01
454(1) 38319617518.211 -> 8.907e-03 9.943e-01
455(1) 163079521778.605 -> 1.956e-02 9.503e-01
456(1) 83531583274.067 -> 3.916e-03 6.192e-01
457(1) 269820149761.993 -> 1.821e-03 4.930e-01
458(1) 61087658005.944 -> 1.498e-02 8.536e-01
459(1) 31819891155.413 -> 3.941e-03 6.820e-01
460(1) 90690975114.745 -> 4.081e-03 5.599e-01
461(1) 52081662495.527 -> 4.820e-03 7.559e-01
462(1) 71886083247.352 -> 4.098e-03 7.079e-01
463(1) 74827031604.975 -> 7.417e-04 5.329e-01
464(1) 179922629285.647 -> 1.633e-03 3.810e-01
465(1) 73263963996.533 -> 9.971e-03 8.592e-01
466(1) 87811117700.891 -> 6.867e-03 9.978e-01
467(1) 60605681354.370 -> 1.020e-02 7.663e-01
468(1) 90329104725.729 -> 1.977e-02 8.467e-01
469(1) 103464174676.803 -> 6.019e-03 4.747e-01
470(1) 193955588317.903 -> 4.642e-03 5.971e-01
471(1) 98126678496.892 -> 3.844e-03 6.003e-01
472(1) 55547073427.662 -> 9.429e-03 8.260e-01
473(1) 105161662651.137 -> 7.230e-03 9.970e-01
474(1) 93171080666.564 -> 8.747e-03 9.985e-01
475(1) 47971392420.392 -> 3.384e-03 7.279e-01
476(1) 104230746937.659 -> 9.621e-03 9.975e-01
477(1) 83476305653.214 -> 8.243e-03 9.799e-01
478(1) 212311551513.824 -> 1.172e-02 9.922e-01
479(1) 47057930941.675 -> 1.373e-03 4.762e-01
480(1) 104171740647.758 -> 7.446e-03 9.972e-01
481(1) 128324061450.361 -> 5.646e-03 9.995e-01
482(1) 209627397904.502 -> 3.613e-03 5.642e-01
483(1) 142570759107.141 -> 5.960e-03 7.178e-01
484(1) 84882047765.585 -> 1.475e-02 9.992e-01
485(1) 148005375517.624 -> 3.034e-03 6.017e-01
486(1) 52385269856.792 -> 6.869e-03 8.334e-01
487(1) 55055021868.369 -> 6.465e-03 8.683e-01
488(1) 195660351860.351 -> 8.724e-03 9.950e-01
489(1) 51664214387.027 -> 7.450e-03 9.999e-01
490(1) 162252158966.897 -> 5.294e-03 9.939e-01
491(1) 117897850960.809 -> 1.116e-02 6.940e-01
492(1) 83697858034.055 -> 2.057e-03 5.043e-01
493(1) 17337796469.296 -> 4.396e-03 7.545e-01
494(1) 54113481138.023 -> 6.556e-03 8.660e-01
495(1) 95746210008.899 -> 4.942e-03 7.123e-01
496(1) 97520990191.158 -> 1.664e-03 7.547e-01
497(1) 63185464042.404 -> 7.480e-03 9.861e-01
498(1) 162675735991.282 -> 7.958e-03 9.988e-01
499(1) 119417508649.893 -> 2.976e-03 5.913e-01
500(1) 45464314341.004 -> 3.893e-03 6.539e-01
501(1) 38260552933.543 -> 5.585e-03 7.872e-01
502(1) 78643534316.458 -> 7.349e-03 9.922e-01
503(1) 96560168036.765 -> 8.093e-03 9.993e-01
504(1) 163028337044.632 -> 2.283e-03 5.642e-01
505(1) 44006463651.775 -> 8.318e-03 9.968e-01
506(1) 74432158957.653 -> 2.708e-03 6.738e-01
507(1) 142946433939.273 -> 2.167e-03 5.885e-01
508(1) 93650524527.339 -> 1.105e-02 9.991e-01
509(1) 94564450609.158 -> 4.440e-03 7.435e-01
510(1) 76402244238.190 -> 9.074e-03 9.983e-01
511(1) 111393552044.043 -> 8.434e-03 9.970e-01
512(1) 83455475346.784 -> 4.164e-03 6.505e-01
513(1) 97099872950.526 -> 1.147e-03 3.765e-01
514(1) 65189971575.150 -> 8.970e-03 9.980e-01
515(1) 110396394901.244 -> 7.071e-03 9.996e-01
516(1) 66922198751.887 -> 2.010e-02 9.942e-01
517(1) 180233125854.914 -> 1.860e-03 2.823e-01
518(1) 66618034413.583 -> 9.808e-03 9.992e-01
519(1) 72861603803.465 -> 9.701e-03 7.775e-01
520(1) 50253820721.026 -> 7.113e-03 8.794e-01
521(1) 58020936061.270 -> 6.333e-03 8.648e-01
522(1) 112247981572.330 -> 1.031e-03 4.189e-01
523(1) 54975202148.160 -> 4.924e-03 7.627e-01
524(1) 113986169457.901 -> 5.419e-03 6.128e-01
525(1) 37409193207.376 -> 2.056e-03 6.120e-01
526(1) 167267777431.936 -> 2.244e-02 9.969e-01
527(1) 155411303972.033 -> 9.589e-03 9.951e-01
528(1) 90739733969.446 -> 8.471e-03 9.927e-01
529(1) 69032566995.644 -> 6.580e-03 5.878e-01
530(1) 55066013890.807 -> 1.063e-02 9.967e-01
531(1) 84311887979.523 -> 8.517e-03 9.903e-01
532(1) 186381671839.569 -> 9.061e-03 9.698e-01
533(1) 68887495430.587 -> 1.924e-03 5.630e-01
534(1) 180605326461.208 -> 1.366e-02 7.112e-01
535(1) 58049238927.399 -> 2.014e-03 6.158e-01
536(1) 141399859920.421 -> 1.348e-02 1.000e+00
537(1) 59899096708.146 -> 2.780e-03 5.940e-01
538(1) 52180996608.560 -> 7.635e-03 9.720e-01
539(1) 107864340177.258 -> 6.650e-03 1.000e+00
540(1) 188483540153.002 -> 8.070e-03 8.615e-01
541(1) 121462398123.990 -> 9.128e-03 9.968e-01
542(1) 171654953270.008 -> 2.155e-02 1.000e+00
543(1) 114230588036.414 -> 6.079e-03 9.944e-01
544(1) 49332490365.066 -> 2.118e-03 6.223e-01
545(1) 35775075328.406 -> 1.084e-02 9.957e-01
546(1) 128455576025.109 -> 3.341e-03 3.655e-01
547(1) 80137083827.639 -> 1.970e-02 9.209e-01
548(1) 41799136326.274 -> 1.535e-02 9.976e-01
549(1) 133320138726.775 -> 1.037e-02 8.250e-01
550(1) 198502601980.796 -> 9.394e-03 9.472e-01
551(1) 158407912298.103 -> 8.793e-03 9.931e-01
552(1) 52838413505.887 -> 1.075e-02 9.474e-01
553(1) 118834142848.427 -> 2.330e-03 7.441e-01
554(1) 13617455873.823 -> 4.039e-03 7.643e-01
555(1) 76871370965.547 -> 8.456e-03 9.897e-01
556(1) 59657512296.076 -> 2.028e-03 4.929e-01
557(1) 145341674669.473 -> 8.880e-03 9.950e-01
558(1) 86951807391.639 -> 1.859e-02 1.000e+00
559(1) 118477062072.348 -> 1.186e-03 4.454e-01
560(1) 45848398636.087 -> 8.352e-03 9.960e-01
561(1) 60630465143.569 -> 6.307e-03 8.152e-01
562(1) 86918292568.620 -> 1.512e-03 5.533e-01
563(1) 165798679311.481 -> 1.802e-03 6.236e-01
564(1) 110526937373.561 -> 1.958e-02 9.314e-01
565(1) 199251435576.341 -> 9.912e-03 9.957e-01
566(1) 85634889602.589 -> 2.890e-03 6.358e-01
567(1) 28452916202.299 -> 5.898e-03 7.798e-01
568(1) 58645953772.570 -> 8.125e-03 9.977e-01
569(1) 53467611431.310 -> 4.892e-03 7.697e-01
570(1) 107633802608.006 -> 7.823e-03 9.795e-01
571(1) 110909321217.009 -> 2.261e-02 9.984e-01
572(1) 84378312185.151 -> 4.923e-04 5.208e-01
573(1) 11938597566.447 -> 4.145e-03 6.951e-01
574(1) 101873309500.531 -> 1.242e-02 9.985e-01
575(1) 83935932909.417 -> 2.027e-03 4.854e-01
576(1) 123433312212.851 -> 5.306e-03 8.036e-01
577(1) 193086310569.608 -> 3.908e-03 7.388e-01
578(1) 93489335517.897 -> 3.169e-03 6.516e-01
579(1) 155675652748.786 -> 9.411e-03 7.727e-01
580(1) 118602237343.430 -> 3.268e-03 7.135e-01
581(1) 154841634097.707 -> 7.965e-03 9.864e-01
582(1) 110440896112.083 -> 1.873e-03 4.179e-01
583(1) 118737902606.268 -> 2.334e-03 4.838e-01
584(1) 118952936241.033 -> 3.692e-03 6.457e-01
585(1) 105672782546.853 -> 8.002e-03 9.929e-01
586(1) 87194462637.417 -> 5.341e-03 9.956e-01
587(1) 87980779102.564 -> 1.648e-03 5.853e-01
588(1) 109431733597.154 -> 8.847e-03 9.905e-01
589(1) 106565119837.414 -> 8.297e-03 9.972e-01
590(1) 59187620182.529 -> 1.469e-02 9.970e-01
591(1) 124201058583.844 -> 1.691e-03 4.850e-01
592(1) 102256773641.990 -> 7.839e-03 9.914e-01
593(1) 94280832521.357 -> 3.508e-04 3.918e-01
594(1) 66002607259.545 -> 1.609e-03 4.264e-01
595(1) 55827264516.101 -> 3.473e-03 6.548e-01
596(1) 91590941193.100 -> 2.373e-03 4.973e-01
597(1) 66262643347.969 -> 2.645e-03 7.580e-01
598(1) 140047187934.973 -> 7.045e-03 8.847e-01
599(1) 62458523901.285 -> 2.929e-03 6.541e-01
600(1) 82275710523.885 -> 1.519e-03 4.621e-01
601(1) 121351677166.280 -> 1.159e-03 3.997e-01
602(1) 35615182565.279 -> 6.732e-03 9.995e-01
603(1) 37802660625.950 -> 5.275e-03 7.924e-01
604(1) 69368395786.960 -> 1.929e-02 9.893e-01
605(1) 120179126064.463 -> 1.179e-02 9.933e-01
606(1) 70008310303.484 -> 8.097e-03 9.764e-01
607(1) 84630204585.627 -> 2.090e-03 4.592e-01
608(1) 58737253527.576 -> 2.229e-03 5.977e-01
609(1) 78335426834.441 -> 1.018e-02 8.466e-01
610(1) 126130197803.722 -> 1.024e-02 9.920e-01
611(1) 141239239548.424 -> 2.281e-02 9.999e-01
612(1) 109940575473.519 -> 4.702e-03 9.990e-01
613(1) 119360452838.958 -> 1.161e-02 9.942e-01
614(1) 83301591549.227 -> 7.414e-03 8.885e-01
615(1) 107554458052.611 -> 1.602e-02 9.971e-01
616(1) 94737320558.470 -> 7.700e-03 9.947e-01
617(1) 154204998670.675 -> 1.983e-03 5.208e-01
618(1) 107404038774.711 -> 7.752e-03 9.626e-01
619(1) 123956906666.958 -> 2.033e-03 5.749e-01
620(1) 79902571646.351 -> 1.027e-02 9.867e-01
621(1) 85157306747.539 -> 2.473e-03 6.239e-01
622(1) 64812111336.531 -> 7.574e-03 9.991e-01
623(1) 82939682133.168 -> 7.264e-04 5.308e-01
624(1) 98883405726.048 -> 9.699e-03 9.980e-01
625(1) 48490618025.360 -> 1.282e-03 4.691e-01
626(1) 137079643639.087 -> 5.550e-03 7.267e-01
627(1) 120380981693.540 -> 7.824e-03 8.771e-01
628(1) 52402685272.564 -> 1.135e-03 7.013e-01
629(1) 75488480886.677 -> 3.087e-03 6.943e-01
630(1) 123348127656.975 -> 8.169e-03 9.971e-01
631(1) 18136500996.442 -> 4.474e-03 7.723e-01
632(1) 161389170839.379 -> 8.195e-03 7.307e-01
633(1) 209480607277.539 -> 5.025e-03 9.270e-01
634(1) 63708484817.203 -> 3.783e-03 6.804e-01
635(1) 138586742226.459 -> 6.515e-03 7.166e-01
636(1) 113649645577.559 -> 6.043e-03 8.363e-01
637(1) 83370795576.122 -> 3.009e-03 5.958e-01
638(1) 79444106286.317 -> 7.747e-03 9.795e-01
639(1) 91573079791.165 -> 4.382e-03 8.330e-01
640(1) 103701458106.415 -> 7.892e-03 9.883e-01
641(1) 88852356743.159 -> 3.587e-03 7.323e-01
642(1) 37984643401.018 -> 7.420e-03 9.991e-01
643(1) 145734489411.578 -> 3.983e-03 6.095e-01
644(1) 124905308857.609 -> 3.963e-03 9.980e-01
645(1) 118938443147.225 -> 7.975e-04 7.424e-01
646(1) 63086247319.454 -> 1.770e-03 5.141e-01
647(1) 99562246394.016 -> 3.834e-03 7.921e-01
648(1) 72500982616.439 -> 7.681e-03 9.952e-01
649(1) 106650143643.707 -> 3.922e-03 7.313e-01
650(1) 63215467525.352 -> 1.652e-03 4.938e-01
651(1) 87303925732.851 -> 3.914e-03 6.345e-01
652(1) 123494671872.561 -> 2.855e-03 6.457e-01
653(1) 124893397531.282 -> 8.065e-03 9.890e-01
654(1) 57189204375.021 -> 4.492e-04 5.189e-01
655(1) 112405777800.796 -> 5.157e-03 9.972e-01
656(1) 58914800401.440 -> 4.935e-03 7.571e-01
657(1) 58319980281.121 -> 6.583e-03 7.517e-01
658(1) 76132997118.278 -> 1.964e-02 1.000e+00
659(1) 83017274660.254 -> 7.101e-03 7.790e-01
660(1) 78137848350.408 -> 7.994e-03 9.889e-01
661(1) 145411821596.464 -> 4.278e-03 6.487e-01
662(1) 170721025149.009 -> 4.064e-03 6.368e-01
663(1) 157642533439.323 -> 8.068e-03 9.323e-01
664(1) 133234280647.369 -> 1.832e-02 1.000e+00
665(1) 50498543628.554 -> 4.568e-03 7.691e-01
666(1) 160091146813.167 -> 1.478e-02 9.958e-01
667(1) 79104926204.298 -> 5.268e-03 7.859e-01
668(1) 130852616051.640 -> 2.455e-03 6.574e-01
669(1) 98523750373.618 -> 2.973e-03 8.684e-01
670(1) 68045494289.845 -> 1.511e-03 5.863e-01
671(1) 128710106137.063 -> 8.477e-03 9.577e-01
672(1) 128301503250.858 -> 7.833e-03 9.661e-01
673(1) 88374776628.850 -> 7.499e-04 2.975e-01
674(1) 49844091002.063 -> 4.794e-03 7.492e-01
675(1) 112955690934.902 -> 1.395e-03 6.137e-01
676(1) 111231306596.346 -> 8.730e-03 6.087e-01
677(1) 127247687738.882 -> 6.388e-03 6.940e-01
678(1) 95589982045.523 -> 1.781e-03 4.113e-01
679(1) 62250114733.934 -> 8.215e-03 9.720e-01
680(1) 99739118044.866 -> 1.122e-02 9.977e-01
681(1) 136969202953.126 -> 7.509e-03 7.678e-01
682(1) 41625656929.318 -> 4.875e-03 9.878e-01
683(1) 38960427848.177 -> 8.370e-03 9.949e-01
684(1) 126317051916.229 -> 4.184e-03 7.447e-01
685(1) 131279956469.298 -> 3.255e-03 6.688e-01
686(1) 120131836903.700 -> 1.990e-03 5.034e-01
687(1) 55737526071.450 -> 6.303e-03 9.082e-01
688(1) 35034105027.317 -> 7.620e-03 9.947e-01
689(1) 72426461757.382 -> 7.286e-03 9.948e-01
690(1) 94532986081.833 -> 8.238e-03 9.944e-01
691(1) 72224696504.630 -> 1.686e-03 3.970e-01
692(1) 171626273302.655 -> 3.668e-03 6.838e-01
693(1) 101291043416.551 -> 1.631e-02 9.985e-01
694(1) 61345495587.568 -> 8.962e-03 9.878e-01
695(1) 136247527975.038 -> 4.170e-03 9.993e-01
696(1) 170918109590.157 -> 2.588e-03 5.006e-01
697(1) 138093619003.721 -> 1.277e-02 9.972e-01
698(1) 126038011658.926 -> 8.628e-03 9.961e-01
699(1) 69758608409.309 -> 1.080e-02 9.963e-01
700(1) 107314175463.586 -> 7.675e-03 9.755e-01
701(1) 107792630146.265 -> 2.381e-03 5.763e-01
702(1) 107157239022.534 -> 4.581e-03 7.718e-01
703(1) 77738433639.181 -> 1.720e-03 4.945e-01
704(1) 104198965698.338 -> 2.724e-02 1.000e+00
705(1) 46217542638.411 -> 2.754e-03 6.204e-01
706(1) 146048428665.686 -> 4.053e-03 6.760e-01
707(1) 102323754384.327 -> 4.229e-03 6.995e-01
708(1) 92288644147.025 -> 6.649e-04 2.513e-01
709(1) 41404139874.500 -> 3.135e-03 7.270e-01
710(1) 85928312158.691 -> 7.482e-03 7.632e-01
711(1) 88589774876.361 -> 1.148e-02 9.925e-01
712(1) 130065037155.189 -> 5.008e-03 9.987e-01
713(1) 83252410426.211 -> 2.632e-03 3.224e-01
714(1) 70787995783.844 -> 7.615e-03 9.924e-01
715(1) 57771050649.906 -> 2.587e-03 5.970e-01
716(1) 66852720162.693 -> 1.094e-02 9.917e-01
717(1) 73777330464.831 -> 7.902e-03 9.972e-01
718(1) 26686273018.279 -> 2.796e-03 6.565e-01
719(1) 103598930753.679 -> 1.399e-02 7.505e-01
720(1) 92394092269.769 -> 8.948e-03 9.948e-01
721(1) 85271105770.740 -> 2.445e-02 9.942e-01
722(1) 195343140463.784 -> 1.303e-02 9.955e-01
723(1) 90721415310.547 -> 7.144e-03 9.907e-01
724(1) 74006104441.906 -> 3.187e-03 6.919e-01
725(1) 221209933836.323 -> 7.868e-03 9.995e-01
726(1) 74344006819.006 -> 2.235e-03 7.556e-01
727(1) 73547889651.248 -> 4.444e-03 6.606e-01
728(1) 120586955667.245 -> 4.096e-02 9.997e-01
729(1) 90935690208.362 -> 4.860e-03 9.808e-01
730(1) 71755315196.799 -> 2.570e-03 6.226e-01
731(1) 132519735596.270 -> 1.237e-02 9.753e-01
732(1) 83037065636.391 -> 7.533e-03 9.922e-01
733(1) 122883154101.193 -> 8.885e-03 6.894e-01
734(1) 87602496851.142 -> 3.966e-03 7.046e-01
735(1) 141503386330.636 -> 8.682e-03 9.951e-01
736(1) 105303211020.024 -> 1.211e-02 8.225e-01
737(1) 108073469946.518 -> 2.953e-03 7.972e-01
738(1) 108861129761.786 -> 9.207e-03 9.945e-01
739(1) 169949511059.077 -> 1.003e-03 4.820e-01
740(1) 116435577442.613 -> 9.562e-03 9.986e-01
741(1) 156586910742.045 -> 3.677e-03 8.944e-01
742(1) 149642928614.931 -> 8.836e-03 8.573e-01
743(1) 85243029408.324 -> 7.002e-03 9.991e-01
744(1) 180923351665.841 -> 5.126e-03 7.856e-01
745(1) 52563300343.123 -> 1.680e-03 7.700e-01
746(1) 140927457859.864 -> 4.565e-03 9.998e-01
747(1) 108906162985.765 -> 6.804e-03 9.994e-01
748(1) 30421706863.289 -> 4.972e-03 7.796e-01
749(1) 34141733533.158 -> 9.760e-04 5.280e-01
750(1) 93840134580.300 -> 7.098e-03 7.211e-01
751(1) 111389682839.368 -> 3.228e-03 6.402e-01
752(1) 73318307495.646 -> 9.486e-03 8.330e-01
753(1) 21498135175.082 -> 8.911e-03 9.861e-01
754(1) 150133536589.556 -> 1.287e-03 5.841e-01
755(1) 190248216624.895 -> 9.852e-03 9.979e-01
756(1) 110985333099.412 -> 8.573e-03 9.986e-01
757(1) 89521686660.468 -> 1.189e-02 9.954e-01
758(1) 97598151952.210 -> 7.268e-03 9.959e-01
759(1) 161299283407.401 -> 4.249e-03 9.907e-01
760(1) 28400581408.955 -> 8.052e-03 8.374e-01
761(1) 109572253379.746 -> 1.623e-03 4.504e-01
762(1) 106715843381.433 -> 1.210e-02 9.819e-01
763(1) 46163908937.275 -> 8.107e-03 9.948e-01
764(1) 102024035287.709 -> 7.138e-03 9.991e-01
765(1) 27416111195.248 -> 5.057e-03 7.559e-01
766(1) 60280798220.591 -> 9.182e-03 9.988e-01
767(1) 47156470755.877 -> 7.451e-03 9.883e-01
768(1) 128956107815.447 -> 8.388e-03 8.769e-01
769(1) 69574678675.709 -> 1.010e-02 9.963e-01
770(1) 142498711054.272 -> 1.836e-03 5.102e-01
771(1) 55900100131.509 -> 9.199e-03 9.922e-01
772(1) 118724342844.907 -> 4.498e-03 7.490e-01
773(1) 57949810508.736 -> 4.825e-03 7.844e-01
774(1) 160191961407.153 -> 5.210e-03 7.590e-01
775(1) 40386861624.674 -> 8.368e-03 9.952e-01
776(1) 102627824295.790 -> 1.239e-02 9.958e-01
777(1) 14735293260.404 -> 6.185e-03 7.995e-01
778(1) 92321364167.021 -> 7.957e-03 9.537e-01
779(1) 134425687484.700 -> 7.930e-03 5.406e-01
780(1) 59261819040.381 -> 6.000e-03 9.741e-01
781(1) 168705130690.730 -> 6.407e-03 6.235e-01
782(1) 97855997400.318 -> 1.452e-03 6.032e-01
783(1) 70703931259.446 -> 4.972e-03 7.350e-01
784(1) 214804428159.806 -> 2.329e-02 1.000e+00
785(1) 128419406529.626 -> 2.819e-03 8.165e-01
786(1) 134585329418.822 -> 6.444e-03 8.826e-01
787(1) 146812389848.423 -> 7.989e-03 9.958e-01
788(1) 106603342598.835 -> 5.638e-02 9.679e-01
789(1) 87593813728.676 -> 1.014e-02 8.467e-01
790(1) 118148925038.877 -> 1.333e-03 4.753e-01
791(1) 254025118308.283 -> 8.626e-03 9.969e-01
792(1) 35386942036.813 -> 9.037e-03 9.835e-01
793(1) 36895790973.288 -> 6.224e-03 8.861e-01
794(1) 90649058890.221 -> 2.925e-03 6.381e-01
795(1) 175268834618.735 -> 8.062e-03 9.923e-01
796(1) 131862285573.738 -> 1.544e-02 9.985e-01
797(1) 85938439341.823 -> 4.720e-03 6.615e-01
798(1) 134024941568.688 -> 6.770e-03 8.344e-01
799(1) 169961093580.635 -> 1.373e-03 4.847e-01
800(1) 47038315684.837 -> 3.919e-03 6.763e-01
801(1) 67274100014.859 -> 4.992e-03 7.979e-01
802(1) 73906408819.213 -> 9.307e-03 6.956e-01
803(1) 117796759754.750 -> 4.497e-03 7.306e-01
804(1) 131302361003.531 -> 3.890e-02 1.000e+00
805(1) 143202023287.784 -> 1.672e-03 5.764e-01
806(1) 37250914632.161 -> 8.380e-03 9.981e-01
807(1) 43710775617.561 -> 6.843e-03 7.817e-01
808(1) 133551287568.968 -> 2.090e-02 9.998e-01
809(1) 47051454816.621 -> 5.878e-03 9.996e-01
810(1) 34167053748.711 -> 6.001e-03 7.614e-01
811(1) 47358420199.994 -> 1.626e-02 9.844e-01
812(1) 37975166330.926 -> 2.167e-03 6.278e-01
813(1) 110006925601.905 -> 4.681e-03 6.954e-01
814(1) 95663897472.465 -> 8.188e-03 9.970e-01
815(1) 158786375165.297 -> 6.438e-03 8.599e-01
816(1) 103737770420.112 -> 2.296e-03 4.601e-01
817(1) 140770950261.649 -> 8.300e-03 9.969e-01
818(1) 62899281214.000 -> 2.937e-04 5.349e-01
819(1) 72670550616.692 -> 7.885e-03 9.956e-01
820(1) 19500949480.448 -> 2.876e-03 6.341e-01
821(1) 188908801540.956 -> 6.002e-03 8.965e-01
822(1) 176834906078.753 -> 1.677e-02 1.000e+00
823(1) 115675361907.975 -> 9.777e-04 4.143e-01
824(1) 117106904213.609 -> 8.123e-03 9.976e-01
825(1) 20559155156.154 -> 5.706e-03 7.822e-01
826(1) 89558220363.038 -> 1.795e-03 9.827e-01
827(1) 43382178372.471 -> 1.309e-02 9.974e-01
828(1) 80762669072.801 -> 7.426e-03 9.991e-01
829(1) 108505969435.662 -> 2.411e-03 4.773e-01
830(1) 33573669278.625 -> 3.667e-03 6.333e-01
831(1) 75188438008.516 -> 3.831e-03 6.731e-01
832(1) 38103583784.910 -> 3.887e-03 6.886e-01
833(1) 69511679640.245 -> 2.602e-03 6.652e-01
834(1) 57565674732.911 -> 2.090e-02 1.000e+00
835(1) 106571189403.334 -> 4.391e-03 7.786e-01
836(1) 93079569516.618 -> 4.453e-03 7.189e-01
837(1) 98732718122.919 -> 4.822e-03 7.250e-01
838(1) 93675833561.204 -> 3.341e-03 6.359e-01
839(1) 99763007561.180 -> 3.974e-03 8.190e-01
840(1) 96484860323.191 -> 5.003e-03 9.980e-01
841(1) 97042734703.816 -> 6.469e-03 9.999e-01
842(1) 89556225351.025 -> 4.239e-03 5.921e-01
843(1) 104923357180.544 -> 2.180e-03 6.723e-01
844(1) 152995268169.875 -> 4.527e-04 2.570e-01
845(1) 84467745988.786 -> 5.441e-03 8.830e-01
846(1) 38704260275.455 -> 9.131e-03 9.971e-01
847(1) 172524423380.676 -> 3.172e-03 5.373e-01
848(1) 184672063852.344 -> 2.273e-03 6.088e-01
849(1) 51782298865.331 -> 2.144e-02 1.000e+00
850(1) 48595503417.126 -> 7.240e-03 9.485e-01
851(1) 45646379306.567 -> 2.205e-03 5.367e-01
852(1) 120644471423.322 -> 7.385e-03 9.988e-01
853(1) 63413478416.221 -> 3.100e-03 6.373e-01
854(1) 59400076872.158 -> 2.617e-03 6.207e-01
855(1) 113661311652.742 -> 1.981e-02 9.999e-01
856(1) 87356348497.071 -> 1.664e-02 9.234e-01
857(1) 82952468828.627 -> 2.944e-03 7.552e-01
858(1) 160082914577.160 -> 5.822e-03 7.421e-01
859(1) 102633219905.907 -> 8.680e-03 9.976e-01
860(1) 58950189659.048 -> 3.920e-03 6.121e-01
861(1) 84566313880.468 -> 6.766e-03 9.034e-01
862(1) 87089413619.870 -> 9.045e-03 9.970e-01
863(1) 14965883569.879 -> 4.431e-03 7.504e-01
864(1) 25599345623.164 -> 7.349e-03 8.360e-01
865(1) 85382173023.188 -> 2.169e-03 4.711e-01
866(1) 109043029145.878 -> 9.980e-03 9.965e-01
867(1) 29839055213.962 -> 7.654e-03 9.571e-01
868(1) 145422007061.603 -> 5.150e-03 7.413e-01
869(1) 162416704150.892 -> 1.640e-03 5.558e-01
870(1) 186913791936.948 -> 1.311e-02 1.000e+00
871(1) 112462740151.055 -> 9.571e-03 7.071e-01
872(1) 95514498506.678 -> 1.136e-02 9.985e-01
873(1) 35420199955.719 -> 6.347e-03 9.999e-01
874(1) 109421921013.140 -> 1.262e-03 5.937e-01
875(1) 70379967626.315 -> 5.519e-03 7.985e-01
876(1) 27762055141.985 -> 9.708e-03 9.800e-01
877(1) 34226251146.870 -> 3.487e-03 6.577e-01
878(1) 129323105418.810 -> 7.938e-03 9.942e-01
879(1) 79509196962.343 -> 2.357e-03 6.831e-01
880(1) 99343411731.570 -> 5.116e-03 7.389e-01
881(1) 32598689065.152 -> 1.235e-03 5.868e-01
882(1) 49575092081.443 -> 4.238e-03 8.526e-01
883(1) 31399568778.232 -> 8.450e-03 9.985e-01
884(1) 84099120028.802 -> 5.303e-03 6.093e-01
885(1) 81532604169.258 -> 8.597e-03 9.912e-01
886(1) 61773912562.577 -> 6.228e-03 8.125e-01
887(1) 45445400642.840 -> 2.093e-03 6.005e-01
888(1) 94060830141.189 -> 1.095e-03 4.551e-01
889(1) 183753911305.367 -> 9.504e-03 9.979e-01
890(1) 32022668756.244 -> 1.112e-03 5.057e-01
891(1) 85918190664.282 -> 1.639e-03 5.596e-01
892(1) 98995610103.652 -> 8.493e-03 9.945e-01
893(1) 173724894433.248 -> 4.920e-03 9.957e-01
894(1) 35339887214.880 -> 4.139e-03 7.997e-01
895(1) 132376476015.814 -> 9.379e-03 9.968e-01
896(1) 41302546054.333 -> 1.456e-03 5.994e-01
897(1) 58246716839.548 -> 1.029e-03 4.492e-01
898(1) 79855415759.852 -> 6.573e-03 8.953e-01
899(1) 101033029505.863 -> 8.810e-03 9.967e-01
900(1) 87298258632.777 -> 2.794e-03 6.926e-01
901(1) 92292053415.521 -> 6.854e-03 9.963e-01
902(1) 69244706383.904 -> 1.582e-02 9.986e-01
903(1) 96654841068.784 -> 1.050e-02 9.977e-01
904(1) 157185745929.040 -> 8.784e-03 9.558e-01
905(1) 74675013222.800 -> 8.688e-03 8.121e-01
906(1) 57819080323.216 -> 3.433e-03 6.556e-01
907(1) 121423304966.665 -> 9.904e-03 7.684e-01
908(1) 90050923006.949 -> 7.844e-03 9.963e-01
909(1) 135756967593.741 -> 3.881e-03 7.043e-01
910(1) 87932295601.721 -> 9.511e-03 9.979e-01
911(1) 72240218377.474 -> 8.938e-03 9.801e-01
912(1) 134171604176.312 -> 1.558e-02 9.990e-01
913(1) 216682588060.821 -> 5.236e-03 7.274e-01
914(1) 65591842912.227 -> 6.731e-03 7.957e-01
915(1) 196406674691.232 -> 1.564e-02 9.908e-01
916(1) 86927688867.594 -> 8.553e-03 6.841e-01
917(1) 119259311797.261 -> 3.656e-03 7.078e-01
918(1) 90484129967.840 -> 2.334e-03 5.531e-01
919(1) 35148565974.546 -> 9.796e-04 4.227e-01
920(1) 126093088539.795 -> 2.783e-02 1.000e+00
921(1) 72526451924.155 -> 2.523e-03 7.064e-01
922(1) 54255513621.690 -> 5.140e-03 7.022e-01
923(1) 72334084114.489 -> 4.545e-03 9.999e-01
924(1) 28008326303.645 -> 7.448e-03 9.989e-01
925(1) 41441399866.051 -> 8.763e-03 9.986e-01
926(1) 73279451933.421 -> 5.497e-03 9.988e-01
927(1) 130066118793.592 -> 5.784e-03 9.988e-01
928(1) 106538755015.155 -> 6.734e-03 8.834e-01
929(1) 139041085893.417 -> 8.898e-03 9.965e-01
930(1) 99367477324.103 -> 3.529e-02 9.966e-01
931(1) 49107824992.145 -> 2.199e-03 6.134e-01
932(1) 204794722293.801 -> 8.265e-03 9.895e-01
933(1) 95600910737.423 -> 8.554e-03 9.916e-01
934(1) 68621927679.399 -> 7.888e-03 9.962e-01
935(1) 47557842480.683 -> 7.808e-03 9.974e-01
936(1) 69134296080.873 -> 6.821e-04 5.531e-01
937(1) 158657305877.912 -> 1.185e-02 7.900e-01
938(1) 217707830035.178 -> 7.987e-03 9.971e-01
939(1) 116516410439.467 -> 8.181e-02 9.777e-01
940(1) 174651185251.986 -> 1.169e-02 9.916e-01
941(1) 52716184942.241 -> 8.611e-03 7.486e-01
942(1) 144046252461.371 -> 4.988e-03 9.998e-01
943(1) 105262132155.483 -> 1.027e-03 4.644e-01
944(1) 81132841218.575 -> 1.842e-02 9.999e-01
945(1) 20622931497.965 -> 8.500e-03 9.992e-01
946(1) 116558077425.602 -> 2.228e-02 1.000e+00
947(1) 132824553608.887 -> 7.493e-03 9.988e-01
948(1) 89631041120.370 -> 2.992e-03 6.833e-01
949(1) 125212358594.070 -> 6.911e-03 8.746e-01
950(1) 103684709036.186 -> 7.249e-03 9.977e-01
951(1) 137452417206.528 -> 7.764e-03 9.994e-01
952(1) 88176758714.329 -> 2.693e-02 1.000e+00
953(1) 162025858237.360 -> 1.001e-02 9.778e-01
954(1) 169780881358.626 -> 6.741e-03 9.787e-01
955(1) 42982990697.169 -> 5.073e-03 7.579e-01
956(1) 54464175032.584 -> 9.432e-03 9.974e-01
957(1) 109539364913.770 -> 4.788e-03 9.383e-01
958(1) 151764162955.913 -> 6.971e-03 9.994e-01
959(1) 132395104071.190 -> 4.564e-03 8.475e-01
960(1) 84051685377.942 -> 6.967e-03 9.916e-01
961(1) 125118245048.739 -> 1.743e-03 4.695e-01
962(1) 182629065068.695 -> 1.874e-02 7.255e-01
963(1) 97583826938.151 -> 9.880e-04 5.845e-01
964(1) 95586173924.540 -> 5.472e-03 8.578e-01
965(1) 40869479139.098 -> 6.825e-03 9.993e-01
966(1) 175276079767.906 -> 1.514e-03 5.345e-01
967(1) 138724109391.957 -> 4.159e-03 6.684e-01
968(1) 62198018121.324 -> 6.159e-03 7.030e-01
969(1) 58438428369.694 -> 2.424e-03 6.550e-01
970(1) 108061353481.510 -> 7.164e-03 9.124e-01
971(1) 140649750812.718 -> 5.714e-03 7.026e-01
972(1) 187352283599.470 -> 3.903e-03 6.790e-01
973(1) 77034310235.939 -> 3.861e-02 9.998e-01
974(1) 181812483172.952 -> 7.393e-03 9.937e-01
975(1) 119774336590.017 -> 7.631e-03 9.988e-01
976(1) 90864206562.481 -> 1.148e-03 5.050e-01
977(1) 107037081021.148 -> 1.301e-02 9.987e-01
978(1) 94755282923.647 -> 5.345e-03 8.181e-01
979(1) 83677970640.162 -> 5.685e-03 8.414e-01
980(1) 80628789280.388 -> 5.730e-03 9.990e-01
981(1) 3983534420.504 -> 8.047e-03 9.998e-01
982(1) 116679464654.163 -> 1.435e-02 9.988e-01
983(1) 36823226366.575 -> 7.424e-03 9.958e-01
984(1) 96703015927.421 -> 3.238e-03 6.891e-01
985(1) 22300840037.367 -> 4.894e-03 8.562e-01
986(1) 97620401819.373 -> 7.608e-03 9.986e-01
987(1) 130191549016.881 -> 1.633e-03 7.372e-01
988(1) 170215078037.959 -> 7.239e-03 9.902e-01
989(1) 98430437320.133 -> 9.759e-03 8.814e-01
990(1) 113925584456.012 -> 6.605e-03 9.996e-01
991(1) 103594188892.671 -> 1.012e-03 4.515e-01
992(1) 29928414705.395 -> 4.912e-03 6.308e-01
993(1) 117845867709.853 -> 3.592e-03 6.677e-01
994(1) 99508440012.050 -> 8.222e-03 7.855e-01
995(1) 92727345545.847 -> 8.581e-03 9.965e-01
996(1) 98162098301.199 -> 1.585e-02 8.358e-01
997(1) 73803260318.597 -> 2.433e-03 5.326e-01
998(1) 60219470851.515 -> 3.643e-03 6.045e-01
999(1) 112925406329.518 -> 4.628e-03 8.555e-01
1000(1) 167765009850.086 -> 7.660e-03 9.605e-01

# Non-parametric (median = 500th, lower=25th, upper=975th)
median = [ 0.00607906 0.828816]
Lower  = [ 0.000976016 0.400003]
Upper  = [ 0.0209035 0.999962]
Bootstrap trials: trial(converged?) ssr -> params
1(1) 27165406584.35 -> 8.5800e-03 9.5225e-01
2(1) 88948905938.41 -> 2.9730e-03 5.9760e-01
3(1) 137493830049.79 -> 6.0791e-03 9.9644e-01
4(1) 231320031970.73 -> 4.7283e-03 7.1603e-01
5(1) 61294343165.59 -> 1.2981e-03 5.6812e-01
6(1) 103159277463.45 -> 5.2677e-03 7.9519e-01
7(1) 130222667292.33 -> 3.6250e-03 6.4933e-01
8(1) 166685943118.87 -> 4.4762e-03 6.8050e-01
9(1) 114158794092.91 -> 8.8689e-03 8.5782e-01
10(1) 114863205738.72 -> 2.8305e-03 5.4226e-01
11(1) 44192233993.28 -> 5.2363e-03 7.9208e-01
12(1) 33930962271.97 -> 9.0015e-03 8.2747e-01
13(1) 83824829848.72 -> 7.8086e-03 7.0431e-01
14(1) 155070535881.01 -> 1.3817e-03 5.7520e-01
15(1) 146106710480.98 -> 5.8238e-03 7.6216e-01
16(1) 125372849795.80 -> 8.0693e-03 9.8590e-01
17(1) 52249063814.07 -> 6.8727e-03 8.4062e-01
18(1) 248306315100.50 -> 3.6447e-03 7.1377e-01
19(1) 135551288834.87 -> 7.6155e-03 9.9805e-01
20(1) 76793577916.10 -> 1.0043e-03 3.7729e-01
21(1) 211746197499.60 -> 4.0401e-03 9.9770e-01
22(1) 78888166226.18 -> 2.6599e-03 5.5761e-01
23(1) 102877670906.61 -> 3.6868e-03 6.9918e-01
24(1) 55702980693.42 -> 5.7967e-03 6.3569e-01
25(1) 42302568744.46 -> 6.2860e-03 9.7551e-01
26(1) 75790992410.26 -> 6.2546e-03 9.9021e-01
27(1) 116628246946.61 -> 1.4120e-03 4.7251e-01
28(1) 116215732983.23 -> 7.4408e-03 8.8827e-01
29(1) 136454441998.34 -> 5.7287e-03 9.9822e-01
30(1) 204864628511.94 -> 5.0348e-03 8.1359e-01
31(1) 157100229748.73 -> 4.2530e-03 6.5892e-01
32(1) 46785855256.62 -> 3.5876e-03 6.6574e-01
33(1) 51770536380.13 -> 4.1825e-03 7.1979e-01
34(1) 69983769564.86 -> 7.9638e-03 9.9066e-01
35(1) 163784464024.77 -> 7.6382e-03 9.7717e-01
36(1) 87481715841.27 -> 7.2498e-03 9.0532e-01
37(1) 286725279001.21 -> 8.7227e-03 9.9139e-01
38(1) 115307249537.09 -> 2.7118e-03 6.9029e-01
39(1) 163990730791.27 -> 2.8071e-03 5.9805e-01
40(1) 141980508818.77 -> 2.2696e-03 8.2110e-01
41(1) 31700795484.46 -> 3.3578e-03 8.4141e-01
42(1) 144653067664.85 -> 1.2789e-03 5.4832e-01
43(1) 93957639470.88 -> 1.8062e-03 6.7968e-01
44(1) 144292761658.03 -> 7.5491e-03 9.8761e-01
45(1) 200432049934.34 -> 1.9092e-03 4.1010e-01
46(1) 75287333382.49 -> 6.7384e-03 9.9998e-01
47(1) 39569003871.83 -> 4.0806e-03 9.9998e-01
48(1) 105045571243.94 -> 2.1084e-03 6.6438e-01
49(1) 202466919725.25 -> 8.9107e-03 9.9545e-01
50(1) 77691975013.53 -> 3.6554e-03 6.4363e-01
51(1) 230683229991.17 -> 7.9473e-03 9.9338e-01
52(1) 112744065572.53 -> 1.0157e-02 9.9843e-01
53(1) 106694908684.11 -> 8.0452e-04 4.1430e-01
54(1) 80255957032.91 -> 4.6424e-03 7.0565e-01
55(1) 178916115645.35 -> 2.1164e-03 5.4449e-01
56(1) 119891197948.82 -> 5.6668e-04 4.1378e-01
57(1) 85132605039.71 -> 1.6089e-02 9.9650e-01
58(1) 90903661433.44 -> 8.4084e-03 7.8306e-01
59(1) 37759485555.80 -> 4.4291e-03 7.1293e-01
60(1) 119682075406.72 -> 1.8937e-03 7.0439e-01
61(1) 111561289078.17 -> 1.5866e-02 9.0912e-01
62(1) 161370221264.49 -> 2.1145e-03 5.5712e-01
63(1) 45293107449.46 -> 1.2230e-03 4.6662e-01
64(1) 86997247657.67 -> 4.8445e-03 8.3553e-01
65(1) 129374428377.78 -> 2.9630e-03 5.9723e-01
66(1) 49717144632.18 -> 1.6765e-03 4.0511e-01
67(1) 65615632014.43 -> 8.0804e-03 9.9802e-01
68(1) 66043191553.75 -> 4.3874e-03 5.4373e-01
69(1) 46615716818.92 -> 1.6303e-03 6.1319e-01
70(1) 65630861289.73 -> 5.6109e-03 6.4615e-01
71(1) 104874876978.84 -> 3.1132e-03 6.3346e-01
72(1) 34322343844.24 -> 8.0039e-03 9.9487e-01
73(1) 52840115660.39 -> 1.0550e-03 3.8895e-01
74(1) 44353571420.68 -> 3.8759e-04 3.4321e-01
75(1) 147174943649.47 -> 2.1355e-03 5.2302e-01
76(1) 91641883964.73 -> 6.2611e-03 7.1438e-01
77(1) 125899975591.88 -> 1.0021e-02 9.9872e-01
78(1) 50218828388.82 -> 7.7624e-03 9.9814e-01
79(1) 96335967971.89 -> 6.2909e-03 8.2882e-01
80(1) 140916282901.74 -> 9.6950e-04 4.6754e-01
81(1) 60746705388.31 -> 7.9750e-04 4.0637e-01
82(1) 85308847916.38 -> 2.9817e-03 7.3832e-01
83(1) 68542463261.46 -> 1.0874e-02 1.0000e+00
84(1) 182530441001.27 -> 9.3800e-03 9.9346e-01
85(1) 132875964271.98 -> 3.3821e-03 6.9793e-01
86(1) 154136304777.23 -> 3.7140e-03 5.0048e-01
87(1) 81424109493.93 -> 5.1644e-03 9.3885e-01
88(1) 130400087268.20 -> 3.9264e-03 6.6023e-01
89(1) 108571133655.75 -> 9.0937e-03 9.7219e-01
90(1) 60533280113.23 -> 9.4041e-03 9.9801e-01
91(1) 60876067077.40 -> 8.8328e-03 9.9917e-01
92(1) 31240263099.45 -> 5.8143e-03 9.9904e-01
93(1) 96489034505.75 -> 3.3886e-03 6.0652e-01
94(1) 171983276096.05 -> 8.8834e-03 8.0867e-01
95(1) 138313707811.61 -> 1.6690e-02 9.9987e-01
96(1) 123993438159.80 -> 7.6496e-03 9.8931e-01
97(1) 70360970412.39 -> 2.4925e-03 6.5427e-01
98(1) 35714224390.08 -> 2.1041e-02 9.9987e-01
99(1) 126444931316.42 -> 9.9983e-04 4.2901e-01
100(1) 42676145680.36 -> 1.9025e-03 4.8661e-01
101(1) 76004018713.79 -> 5.0142e-03 9.9680e-01
102(1) 122158971649.09 -> 2.1677e-03 6.7455e-01
103(1) 128240430316.16 -> 4.5817e-03 1.0000e+00
104(1) 83445000682.57 -> 1.0163e-02 9.9921e-01
105(1) 59259329510.58 -> 3.7708e-03 6.6349e-01
106(1) 128181263134.79 -> 5.0094e-04 3.5704e-01
107(1) 88849518339.17 -> 2.5452e-03 5.7297e-01
108(1) 173226017024.04 -> 7.7189e-03 9.8588e-01
109(1) 71260526110.35 -> 7.2094e-03 9.1476e-01
110(1) 15167870245.80 -> 7.7817e-03 9.9710e-01
111(1) 38109656955.44 -> 7.0167e-03 8.1217e-01
112(1) 36179088736.50 -> 9.3608e-03 9.1736e-01
113(1) 77879549000.04 -> 3.7300e-03 7.3231e-01
114(1) 113265848597.95 -> 1.6052e-02 8.7425e-01
115(1) 97420384143.73 -> 3.1508e-02 1.0000e+00
116(1) 49091963383.65 -> 6.5385e-03 8.7866e-01
117(1) 79743004586.54 -> 2.5286e-03 5.7295e-01
118(1) 134817833745.23 -> 7.4091e-03 7.2907e-01
119(0) 185465547933.62 -> 1.0741e-03 3.7066e-01
120(1) 82190158075.59 -> 6.5088e-04 4.1910e-01
121(1) 142760553429.07 -> 1.7755e-03 6.0759e-01
122(1) 112251998268.49 -> 1.3839e-03 5.0347e-01
123(1) 72069534650.03 -> 9.0128e-03 8.4706e-01
124(1) 121123920204.04 -> 5.9392e-03 7.6027e-01
125(1) 137882723257.76 -> 6.3086e-03 9.8170e-01
126(1) 130677074909.66 -> 2.3670e-03 5.7634e-01
127(1) 127842604547.68 -> 6.3930e-03 8.6028e-01
128(1) 71944291279.14 -> 9.0527e-03 9.9670e-01
129(1) 154101161606.33 -> 8.1517e-03 9.7806e-01
130(1) 81587853392.11 -> 1.3429e-03 4.0131e-01
131(1) 68135890523.07 -> 4.2051e-03 7.2088e-01
132(1) 79047671608.92 -> 5.1473e-03 7.5521e-01
133(1) 145432919287.78 -> 2.6746e-02 9.9904e-01
134(1) 132640535555.74 -> 1.7595e-02 9.9977e-01
135(1) 147876215934.34 -> 3.9391e-03 6.3738e-01
136(1) 157882499118.09 -> 4.7376e-03 7.8534e-01
137(1) 88256272223.73 -> 6.2267e-03 7.2788e-01
138(1) 207390004024.69 -> 1.5874e-02 7.5912e-01
139(1) 148685047546.80 -> 2.0166e-03 3.8574e-01
140(1) 87066478859.66 -> 7.1632e-04 5.6345e-01
141(1) 23616206713.81 -> 5.6538e-03 9.9811e-01
142(1) 124749166141.52 -> 1.2286e-02 9.9989e-01
143(1) 37487854142.03 -> 6.9901e-03 9.9908e-01
144(1) 47223577097.64 -> 4.5869e-03 7.3865e-01
145(1) 130388782867.40 -> 6.5023e-03 7.7889e-01
146(1) 60078589513.82 -> 2.9939e-03 6.2933e-01
147(1) 15194848873.61 -> 8.6929e-03 8.2606e-01
148(1) 103381645603.76 -> 2.8687e-03 6.2606e-01
149(1) 101021469234.41 -> 8.1919e-03 9.7184e-01
150(1) 37890636838.76 -> 6.5617e-03 9.9771e-01
151(1) 67519418139.34 -> 3.8530e-03 6.5227e-01
152(1) 14817768379.23 -> 8.7005e-03 9.9762e-01
153(1) 196256152786.46 -> 6.1497e-03 5.4739e-01
154(1) 84092463666.85 -> 3.1118e-02 9.9780e-01
155(1) 90793904735.21 -> 4.3930e-03 7.1595e-01
156(1) 97055461157.05 -> 6.9191e-03 9.8724e-01
157(1) 91301418079.11 -> 4.0238e-03 4.0112e-01
158(1) 34772028151.10 -> 6.0043e-03 7.5343e-01
159(1) 76013607683.59 -> 9.7893e-03 9.9897e-01
160(1) 104305586083.21 -> 7.8254e-03 9.9726e-01
161(1) 145107865606.20 -> 7.6283e-03 8.4915e-01
162(1) 129537601180.53 -> 1.9870e-03 5.0482e-01
163(1) 100957832811.33 -> 1.3226e-02 9.9853e-01
164(1) 97375770021.11 -> 1.7963e-02 1.0000e+00
165(1) 116228531526.47 -> 1.1201e-03 3.6030e-01
166(1) 85581217230.16 -> 8.1299e-03 9.9717e-01
167(1) 174205615798.14 -> 3.1714e-02 9.9935e-01
168(1) 126291050469.46 -> 8.5479e-03 9.9673e-01
169(1) 102087843849.46 -> 3.2265e-03 5.9909e-01
170(1) 130158532753.49 -> 7.0300e-03 8.8308e-01
171(1) 69948407192.12 -> 2.8934e-03 5.0906e-01
172(1) 108269359053.05 -> 8.0600e-03 9.9055e-01
173(1) 114196753654.16 -> 2.2630e-03 6.0155e-01
174(1) 86784373932.15 -> 9.2616e-03 9.8234e-01
175(1) 113003664744.11 -> 9.6014e-03 9.9206e-01
176(1) 93814717414.34 -> 4.7418e-03 7.5300e-01
177(1) 110829204875.16 -> 1.1350e-02 8.2119e-01
178(1) 135971727713.85 -> 9.6195e-03 9.8756e-01
179(1) 71417623698.98 -> 4.4240e-03 7.1380e-01
180(1) 108309645516.12 -> 7.3373e-03 9.1382e-01
181(1) 84498106429.72 -> 1.2078e-03 4.1734e-01
182(1) 129117390226.06 -> 4.2829e-03 6.9306e-01
183(1) 67428542842.84 -> 4.8525e-03 4.9504e-01
184(1) 81189911693.29 -> 1.8868e-03 6.0334e-01
185(1) 84665191120.47 -> 1.1240e-02 9.5360e-01
186(1) 165225717095.96 -> 1.0596e-02 9.9915e-01
187(1) 127654114262.31 -> 5.7715e-03 9.6303e-01
188(1) 101440678760.81 -> 5.6384e-03 7.6968e-01
189(1) 108880693241.05 -> 1.2927e-02 9.9461e-01
190(1) 115861424453.68 -> 8.6022e-03 9.9700e-01
191(1) 116025904960.44 -> 1.1437e-02 9.8889e-01
192(1) 30718491796.46 -> 4.3140e-03 7.7460e-01
193(1) 105443127554.27 -> 3.1804e-03 5.4312e-01
194(1) 98853842866.69 -> 6.2098e-03 8.8441e-01
195(1) 217774892423.63 -> 9.5670e-03 8.8381e-01
196(1) 48876771577.42 -> 1.9675e-03 4.3861e-01
197(1) 61927137439.23 -> 9.3833e-03 8.1502e-01
198(1) 178556015441.96 -> 1.1874e-02 6.7521e-01
199(1) 22182631550.16 -> 6.4575e-03 9.2062e-01
200(1) 127604172698.88 -> 3.6623e-03 6.6474e-01
201(1) 83095977156.70 -> 2.2947e-03 5.3434e-01
202(1) 117627253473.11 -> 1.1711e-02 8.4022e-01
203(1) 61685677323.41 -> 7.7317e-03 9.9775e-01
204(1) 86554440405.11 -> 5.4741e-03 7.5455e-01
205(1) 94976702566.69 -> 7.0393e-03 9.9870e-01
206(1) 157804082484.92 -> 1.8311e-03 6.0885e-01
207(1) 65090323462.05 -> 4.9530e-03 7.4931e-01
208(1) 96500341238.17 -> 2.6896e-04 3.4961e-01
209(1) 48271189737.46 -> 7.4891e-03 8.1186e-01
210(1) 96859371167.89 -> 3.5098e-03 6.1883e-01
211(1) 125360146881.48 -> 3.1728e-03 5.1331e-01
212(1) 40935549066.20 -> 6.9512e-03 9.9928e-01
213(1) 139111314977.34 -> 8.0862e-03 8.4000e-01
214(1) 56857924181.07 -> 1.1874e-03 6.0437e-01
215(1) 109705333144.85 -> 5.8889e-03 8.9032e-01
216(1) 53603822436.86 -> 1.1015e-03 4.0643e-01
217(1) 20979556090.34 -> 5.3636e-03 9.9813e-01
218(1) 66764362279.50 -> 2.9973e-03 5.6401e-01
219(1) 60739225708.44 -> 9.1285e-03 9.9582e-01
220(1) 47218564440.53 -> 7.8689e-03 9.9343e-01
221(1) 141677205595.27 -> 7.1226e-03 7.4226e-01
222(1) 48548899041.15 -> 3.1703e-03 6.9322e-01
223(1) 165729365212.92 -> 4.9618e-03 9.9100e-01
224(1) 66829678063.51 -> 2.5217e-03 6.0920e-01
225(1) 62867915087.62 -> 2.0301e-02 9.4208e-01
226(1) 199564805131.53 -> 1.7136e-02 1.0000e+00
227(1) 74748802529.92 -> 5.8840e-03 8.1986e-01
228(1) 82535497409.20 -> 8.6284e-03 9.9504e-01
229(1) 27620776277.20 -> 7.9548e-03 9.9894e-01
230(1) 44908850526.75 -> 6.6296e-03 8.6798e-01
231(1) 137105022149.18 -> 3.6918e-03 6.2586e-01
232(1) 155194882813.18 -> 7.3748e-03 9.9637e-01
233(1) 142923722505.04 -> 2.0847e-02 9.9961e-01
234(1) 79584682911.20 -> 1.1074e-02 9.2845e-01
235(1) 184984968201.01 -> 7.9720e-03 8.7205e-01
236(1) 84054862574.01 -> 4.3408e-03 8.0993e-01
237(1) 102816779563.22 -> 1.6743e-02 9.9968e-01
238(1) 77250692784.94 -> 8.7264e-03 9.9222e-01
239(1) 53395412839.31 -> 7.8899e-03 9.9803e-01
240(1) 75062681856.63 -> 1.3958e-03 3.7563e-01
241(1) 122218849831.55 -> 8.5537e-03 9.9309e-01
242(1) 65684718165.28 -> 3.7397e-03 6.6705e-01
243(1) 140860708802.88 -> 9.8430e-03 9.9940e-01
244(1) 114824337027.75 -> 1.0781e-02 9.9526e-01
245(1) 175111457841.49 -> 3.2796e-03 6.6021e-01
246(1) 103376323530.55 -> 3.0757e-03 5.3056e-01
247(1) 53418718232.77 -> 6.0142e-03 6.7719e-01
248(1) 87943886581.96 -> 6.1654e-03 7.8967e-01
249(1) 119303313428.34 -> 7.3084e-03 8.2728e-01
250(1) 40017221388.33 -> 7.2706e-03 9.9957e-01
251(1) 93321757136.00 -> 3.1669e-03 7.8294e-01
252(1) 54495482971.80 -> 1.6029e-03 4.1606e-01
253(1) 24392926634.63 -> 6.0027e-03 9.9440e-01
254(1) 60093773228.26 -> 3.8711e-03 6.9762e-01
255(1) 93581518278.01 -> 7.8385e-03 9.8992e-01
256(1) 83161621243.56 -> 7.3075e-03 9.2821e-01
257(1) 75113904550.03 -> 2.1687e-03 3.9363e-01
258(1) 73180324400.81 -> 1.0002e-02 9.8182e-01
259(1) 185753392338.18 -> 1.0654e-02 8.3861e-01
260(1) 84345754969.56 -> 3.3963e-03 6.7299e-01
261(1) 108738856142.14 -> 7.9223e-03 9.9811e-01
262(1) 79497053164.07 -> 4.6710e-03 8.5994e-01
263(1) 56420350440.73 -> 5.3182e-03 7.7684e-01
264(1) 38805846761.39 -> 5.3594e-03 8.7886e-01
265(1) 142539189213.54 -> 1.3721e-03 4.3742e-01
266(1) 110490243713.26 -> 9.8579e-03 9.9787e-01
267(1) 171679837388.43 -> 1.9010e-02 9.9909e-01
268(1) 133178714522.72 -> 8.8064e-03 9.8135e-01
269(1) 78287553476.00 -> 1.2789e-03 4.9394e-01
270(1) 116101174587.23 -> 3.8414e-03 7.5007e-01
271(1) 90088587980.22 -> 9.0126e-03 9.9721e-01
272(1) 158925578013.92 -> 1.3052e-02 9.4973e-01
273(1) 56028440705.95 -> 3.5381e-03 6.5960e-01
274(1) 82512124090.55 -> 1.0811e-02 9.9816e-01
275(1) 100619617163.28 -> 1.0424e-03 4.0024e-01
276(1) 83939686522.83 -> 7.0319e-03 8.0264e-01
277(1) 135192050276.90 -> 1.0182e-02 9.9676e-01
278(1) 178100963332.45 -> 2.3056e-04 4.3574e-01
279(1) 62356090916.14 -> 3.2913e-03 6.3750e-01
280(1) 49104555574.75 -> 1.2714e-03 4.0333e-01
281(1) 157704902613.82 -> 5.2823e-03 8.2698e-01
282(1) 84678698329.12 -> 1.0616e-02 9.9081e-01
283(1) 106329915803.89 -> 8.8618e-03 9.9401e-01
284(1) 53432254032.93 -> 3.8602e-03 6.3379e-01
285(1) 131102822073.00 -> 4.8013e-03 7.8491e-01
286(1) 85260484388.09 -> 1.0533e-02 7.5954e-01
287(1) 87072330469.98 -> 1.1212e-03 3.4576e-01
288(1) 57117919100.09 -> 1.0323e-02 7.8643e-01
289(1) 81996484912.11 -> 7.3540e-03 9.8398e-01
290(1) 65140314935.95 -> 8.0699e-03 9.9645e-01
291(1) 133726648386.78 -> 7.3340e-03 9.9660e-01
292(1) 63113085145.51 -> 1.4820e-03 4.0000e-01
293(1) 67602634781.23 -> 1.5572e-02 9.9352e-01
294(1) 238900919191.55 -> 1.5850e-02 7.8427e-01
295(1) 138352674619.34 -> 2.4175e-03 4.4481e-01
296(1) 51086938690.79 -> 7.9671e-03 9.9803e-01
297(1) 173946965294.78 -> 8.3414e-03 9.9091e-01
298(1) 185172920525.21 -> 6.3052e-03 8.2773e-01
299(1) 101611137379.94 -> 8.3724e-03 9.5274e-01
300(1) 67409938931.27 -> 3.7361e-03 9.9905e-01
301(1) 103452960029.47 -> 7.6280e-03 9.9891e-01
302(1) 166388298997.75 -> 2.9665e-03 6.7393e-01
303(1) 138694973876.79 -> 5.7998e-03 9.7352e-01
304(1) 169734913133.32 -> 8.3257e-03 9.8603e-01
305(1) 90352071548.26 -> 7.7185e-03 9.3194e-01
306(1) 100213308580.39 -> 8.0301e-03 9.9780e-01
307(1) 78551883350.08 -> 3.5850e-03 6.0329e-01
308(1) 132032498230.42 -> 2.5524e-03 6.7481e-01
309(1) 144027636304.95 -> 4.6143e-03 7.6446e-01
310(1) 48677961647.55 -> 1.1032e-02 9.9717e-01
311(1) 36846513329.77 -> 4.5284e-03 6.7831e-01
312(1) 145585657240.93 -> 3.3279e-03 4.8284e-01
313(1) 94049008687.68 -> 5.6979e-03 8.4973e-01
314(1) 74698520556.64 -> 3.1857e-03 6.9073e-01
315(1) 53724374935.97 -> 7.4952e-03 9.9803e-01
316(1) 119358062614.26 -> 1.1762e-02 9.9965e-01
317(1) 111576949234.23 -> 5.9829e-03 8.7550e-01
318(1) 62563323827.20 -> 8.5912e-03 9.9602e-01
319(1) 56810847795.29 -> 5.7932e-03 9.7396e-01
320(1) 51451673695.01 -> 1.1087e-03 5.5393e-01
321(1) 100329069803.86 -> 5.4541e-03 8.4367e-01
322(1) 52079657214.15 -> 2.6401e-03 6.3112e-01
323(1) 69174216802.57 -> 1.0338e-02 9.2484e-01
324(1) 30780337337.36 -> 7.2821e-03 9.9132e-01
325(1) 100260639839.11 -> 1.0936e-02 8.0778e-01
326(1) 161484056817.54 -> 1.1005e-02 9.9854e-01
327(1) 123844976929.23 -> 6.4688e-03 6.2132e-01
328(1) 28677911813.62 -> 3.1527e-03 6.0160e-01
329(1) 125087727572.40 -> 1.8641e-02 9.9998e-01
330(1) 89149626960.60 -> 9.5419e-03 7.3716e-01
331(1) 127630666721.42 -> 1.9170e-03 4.9129e-01
332(1) 70487698899.15 -> 8.4310e-03 9.9666e-01
333(1) 122316517144.58 -> 8.4337e-03 9.9535e-01
334(1) 91235907804.48 -> 4.5437e-03 6.4804e-01
335(1) 36747052301.65 -> 8.5624e-03 9.9873e-01
336(1) 89456655818.22 -> 2.4776e-03 5.1556e-01
337(1) 67380320686.00 -> 5.7297e-03 8.0548e-01
338(1) 89997523899.78 -> 5.2008e-03 6.8915e-01
339(1) 53733846358.36 -> 6.4344e-03 9.5628e-01
340(1) 30185708581.00 -> 2.8616e-03 6.7224e-01
341(1) 118461258635.04 -> 4.9788e-03 8.3182e-01
342(1) 183121037532.07 -> 3.3238e-03 5.2385e-01
343(1) 116331004137.89 -> 5.2264e-03 7.5938e-01
344(1) 211316739332.69 -> 6.2766e-03 8.5786e-01
345(1) 186512608898.25 -> 7.2038e-03 9.9723e-01
346(1) 92347586788.04 -> 9.1092e-03 9.9686e-01
347(1) 68171665610.08 -> 6.9921e-03 9.1506e-01
348(1) 241626461563.78 -> 3.9284e-03 5.5515e-01
349(1) 87982920243.42 -> 1.5159e-02 8.4353e-01
350(1) 95676550248.32 -> 5.2116e-03 7.7938e-01
351(1) 106375763825.88 -> 5.0293e-03 7.3545e-01
352(1) 71777331262.75 -> 8.4484e-03 9.9915e-01
353(1) 250342982296.70 -> 7.6275e-03 9.8927e-01
354(1) 64301844604.20 -> 1.1489e-02 9.9611e-01
355(1) 116666659063.80 -> 2.5423e-03 6.6586e-01
356(1) 59766075472.11 -> 2.1525e-02 9.9867e-01
357(1) 160462431957.95 -> 7.8887e-03 9.8845e-01
358(1) 182377427719.60 -> 6.4733e-03 6.8760e-01
359(1) 137138574331.65 -> 9.7913e-04 5.2362e-01
360(1) 21126246738.11 -> 4.2715e-03 7.9578e-01
361(1) 147998898213.66 -> 3.6603e-03 6.1188e-01
362(1) 90066985899.03 -> 1.1747e-03 5.2179e-01
363(1) 161062921754.78 -> 1.4563e-02 8.8095e-01
364(1) 101398729588.29 -> 2.4527e-02 1.0000e+00
365(1) 33612581348.92 -> 3.1710e-03 5.8704e-01
366(1) 173807904188.88 -> 7.1188e-03 9.8600e-01
367(1) 39677111688.44 -> 1.9564e-03 6.1573e-01
368(1) 41205139623.57 -> 4.2853e-03 8.9817e-01
369(1) 61690814636.90 -> 3.2055e-03 5.9789e-01
370(1) 98115817042.24 -> 1.4218e-02 9.4606e-01
371(1) 131489508890.40 -> 1.2607e-03 4.5435e-01
372(1) 112930326986.34 -> 6.9695e-03 9.7932e-01
373(1) 45103669846.61 -> 4.6635e-04 4.9105e-01
374(1) 98805441183.52 -> 1.6485e-03 7.9178e-01
375(1) 178882660587.11 -> 3.9958e-03 4.0310e-01
376(1) 58607952743.30 -> 6.0374e-03 9.9830e-01
377(1) 94585847160.82 -> 8.7489e-03 9.9663e-01
378(1) 39057020570.97 -> 3.8348e-03 6.1971e-01
379(1) 175286057785.17 -> 2.1031e-03 6.2654e-01
380(1) 55893000131.78 -> 3.5255e-03 6.8169e-01
381(1) 80096137107.55 -> 1.0963e-02 8.9475e-01
382(1) 51735012226.71 -> 5.2774e-03 7.5103e-01
383(1) 92164351610.73 -> 7.3093e-03 9.9345e-01
384(1) 149739525704.31 -> 1.3350e-03 4.7322e-01
385(1) 37171859622.86 -> 2.7727e-03 7.0850e-01
386(1) 91053379883.80 -> 7.3619e-03 9.6615e-01
387(1) 127721304472.74 -> 5.4757e-03 7.8317e-01
388(1) 95116256528.18 -> 8.5194e-03 9.6141e-01
389(1) 57847191527.44 -> 2.1510e-03 6.0071e-01
390(1) 61141985907.24 -> 1.2719e-03 1.0005e+00
391(1) 21650376778.86 -> 5.4496e-03 9.1669e-01
392(1) 106412099880.38 -> 3.9401e-03 9.9949e-01
393(1) 93362579581.34 -> 7.3462e-03 8.5313e-01
394(1) 134056649247.44 -> 1.4381e-02 8.7327e-01
395(1) 90107009199.73 -> 3.2683e-03 6.8996e-01
396(1) 158403312916.80 -> 9.2243e-03 8.7624e-01
397(1) 170378155411.94 -> 9.5445e-03 9.9476e-01
398(1) 29040672308.32 -> 6.2782e-04 3.5905e-01
399(1) 170274432187.37 -> 2.2511e-03 5.2074e-01
400(1) 82773681552.23 -> 9.3434e-03 9.9184e-01
401(1) 54364783874.02 -> 4.7737e-03 7.6592e-01
402(1) 83559598769.36 -> 8.6994e-03 9.9623e-01
403(1) 70693349497.00 -> 8.3896e-03 9.9904e-01
404(1) 108021562462.68 -> 8.6593e-03 9.9371e-01
405(1) 93504158481.62 -> 8.4200e-03 7.2332e-01
406(1) 144323245811.89 -> 7.7735e-03 9.9307e-01
407(1) 26214717072.95 -> 9.5931e-03 9.9863e-01
408(1) 112935308553.04 -> 5.5926e-03 8.5733e-01
409(1) 112256015862.59 -> 9.4255e-03 9.7919e-01
410(1) 28365810983.75 -> 5.3885e-03 7.9913e-01
411(1) 93780017618.61 -> 3.8324e-03 6.6827e-01
412(1) 79420878182.11 -> 3.0504e-03 5.9824e-01
413(1) 171184040313.46 -> 8.3995e-03 9.7353e-01
414(1) 20553275252.09 -> 7.6736e-03 9.9785e-01
415(1) 46229463692.71 -> 7.6485e-03 7.5590e-01
416(1) 139672402987.74 -> 3.6192e-03 6.0447e-01
417(1) 81585014198.50 -> 5.1134e-03 7.8137e-01
418(1) 190488930374.64 -> 7.9733e-03 9.9678e-01
419(1) 132121269354.08 -> 2.8044e-03 6.1288e-01
420(1) 80347238371.08 -> 9.7318e-03 9.5121e-01
421(1) 151421335533.76 -> 5.9650e-03 7.5625e-01
422(1) 91493390229.71 -> 3.1443e-03 6.5280e-01
423(1) 102415224402.55 -> 2.6289e-03 4.8958e-01
424(0) 131422389022.78 -> 1.2841e-03 5.3504e-01
425(1) 229768636182.03 -> 5.2350e-02 8.8952e-01
426(1) 72064143207.73 -> 2.4968e-03 6.2495e-01
427(1) 106871268143.42 -> 7.9781e-03 9.9124e-01
428(1) 122593240927.31 -> 5.6821e-03 7.1070e-01
429(1) 141489641745.12 -> 7.5615e-03 9.6189e-01
430(1) 48401755689.87 -> 1.0335e-02 9.9916e-01
431(1) 120906752547.62 -> 5.2479e-03 8.2334e-01
432(1) 109135103400.26 -> 8.9359e-03 9.9031e-01
433(1) 91555903068.09 -> 1.2601e-02 9.7986e-01
434(1) 111126052433.25 -> 5.5690e-03 9.7477e-01
435(1) 183646717183.96 -> 1.4640e-02 9.9844e-01
436(1) 228200070516.73 -> 1.4872e-03 4.9441e-01
437(1) 74830909912.36 -> 1.5690e-02 9.4628e-01
438(1) 169252130815.44 -> 9.1736e-03 9.9541e-01
439(1) 155852935261.87 -> 6.0978e-03 7.9467e-01
440(1) 79979753013.25 -> 4.8505e-03 7.5140e-01
441(1) 224903115214.97 -> 3.1929e-04 3.7983e-01
442(1) 90039144161.91 -> 2.6633e-03 6.4672e-01
443(1) 132469655620.59 -> 3.1792e-03 6.2674e-01
444(1) 93031819566.36 -> 2.0096e-03 5.0623e-01
445(1) 95966092039.68 -> 9.0447e-03 9.9765e-01
446(1) 154211543013.63 -> 7.2371e-03 9.7648e-01
447(1) 93050613627.57 -> 2.2112e-03 5.1487e-01
448(1) 129014227452.71 -> 6.9747e-03 9.4823e-01
449(1) 211405890843.99 -> 8.9549e-03 9.9471e-01
450(1) 97904584483.69 -> 3.7332e-03 6.2736e-01
451(1) 64867533113.55 -> 1.1996e-03 5.3898e-01
452(1) 74636095087.01 -> 1.7024e-02 9.9841e-01
453(1) 123522807602.78 -> 1.2647e-02 9.9926e-01
454(1) 38319617518.21 -> 8.9067e-03 9.9430e-01
455(1) 163079521778.60 -> 1.9563e-02 9.5028e-01
456(1) 83531583274.07 -> 3.9157e-03 6.1921e-01
457(1) 269820149761.99 -> 1.8212e-03 4.9300e-01
458(1) 61087658005.94 -> 1.4979e-02 8.5359e-01
459(1) 31819891155.41 -> 3.9409e-03 6.8200e-01
460(1) 90690975114.74 -> 4.0810e-03 5.5992e-01
461(1) 52081662495.53 -> 4.8202e-03 7.5594e-01
462(1) 71886083247.35 -> 4.0983e-03 7.0788e-01
463(1) 74827031604.98 -> 7.4165e-04 5.3294e-01
464(1) 179922629285.65 -> 1.6329e-03 3.8102e-01
465(1) 73263963996.53 -> 9.9706e-03 8.5923e-01
466(1) 87811117700.89 -> 6.8668e-03 9.9777e-01
467(1) 60605681354.37 -> 1.0197e-02 7.6626e-01
468(1) 90329104725.73 -> 1.9771e-02 8.4674e-01
469(1) 103464174676.80 -> 6.0186e-03 4.7475e-01
470(1) 193955588317.90 -> 4.6423e-03 5.9706e-01
471(1) 98126678496.89 -> 3.8445e-03 6.0031e-01
472(1) 55547073427.66 -> 9.4288e-03 8.2602e-01
473(1) 105161662651.14 -> 7.2301e-03 9.9697e-01
474(1) 93171080666.56 -> 8.7471e-03 9.9852e-01
475(1) 47971392420.39 -> 3.3838e-03 7.2785e-01
476(1) 104230746937.66 -> 9.6214e-03 9.9747e-01
477(1) 83476305653.21 -> 8.2433e-03 9.7987e-01
478(1) 212311551513.82 -> 1.1718e-02 9.9225e-01
479(1) 47057930941.67 -> 1.3729e-03 4.7619e-01
480(1) 104171740647.76 -> 7.4457e-03 9.9716e-01
481(1) 128324061450.36 -> 5.6458e-03 9.9947e-01
482(1) 209627397904.50 -> 3.6134e-03 5.6422e-01
483(1) 142570759107.14 -> 5.9602e-03 7.1777e-01
484(1) 84882047765.58 -> 1.4750e-02 9.9916e-01
485(1) 148005375517.62 -> 3.0342e-03 6.0167e-01
486(1) 52385269856.79 -> 6.8693e-03 8.3340e-01
487(1) 55055021868.37 -> 6.4651e-03 8.6830e-01
488(1) 195660351860.35 -> 8.7238e-03 9.9503e-01
489(1) 51664214387.03 -> 7.4498e-03 9.9993e-01
490(1) 162252158966.90 -> 5.2936e-03 9.9390e-01
491(1) 117897850960.81 -> 1.1163e-02 6.9405e-01
492(1) 83697858034.06 -> 2.0571e-03 5.0431e-01
493(1) 17337796469.30 -> 4.3961e-03 7.5454e-01
494(1) 54113481138.02 -> 6.5556e-03 8.6602e-01
495(1) 95746210008.90 -> 4.9424e-03 7.1230e-01
496(1) 97520990191.16 -> 1.6639e-03 7.5468e-01
497(1) 63185464042.40 -> 7.4796e-03 9.8615e-01
498(1) 162675735991.28 -> 7.9583e-03 9.9881e-01
499(1) 119417508649.89 -> 2.9758e-03 5.9133e-01
500(1) 45464314341.00 -> 3.8930e-03 6.5388e-01
501(1) 38260552933.54 -> 5.5848e-03 7.8720e-01
502(1) 78643534316.46 -> 7.3486e-03 9.9221e-01
503(1) 96560168036.76 -> 8.0932e-03 9.9932e-01
504(1) 163028337044.63 -> 2.2831e-03 5.6419e-01
505(1) 44006463651.77 -> 8.3177e-03 9.9685e-01
506(1) 74432158957.65 -> 2.7076e-03 6.7380e-01
507(1) 142946433939.27 -> 2.1671e-03 5.8847e-01
508(1) 93650524527.34 -> 1.1047e-02 9.9909e-01
509(1) 94564450609.16 -> 4.4404e-03 7.4350e-01
510(1) 76402244238.19 -> 9.0737e-03 9.9834e-01
511(1) 111393552044.04 -> 8.4336e-03 9.9698e-01
512(1) 83455475346.78 -> 4.1639e-03 6.5054e-01
513(1) 97099872950.53 -> 1.1472e-03 3.7653e-01
514(1) 65189971575.15 -> 8.9700e-03 9.9803e-01
515(1) 110396394901.24 -> 7.0708e-03 9.9958e-01
516(1) 66922198751.89 -> 2.0101e-02 9.9418e-01
517(1) 180233125854.91 -> 1.8600e-03 2.8235e-01
518(1) 66618034413.58 -> 9.8076e-03 9.9923e-01
519(1) 72861603803.47 -> 9.7011e-03 7.7745e-01
520(1) 50253820721.03 -> 7.1127e-03 8.7941e-01
521(1) 58020936061.27 -> 6.3335e-03 8.6484e-01
522(1) 112247981572.33 -> 1.0309e-03 4.1886e-01
523(1) 54975202148.16 -> 4.9244e-03 7.6266e-01
524(1) 113986169457.90 -> 5.4188e-03 6.1278e-01
525(1) 37409193207.38 -> 2.0561e-03 6.1199e-01
526(1) 167267777431.94 -> 2.2440e-02 9.9690e-01
527(1) 155411303972.03 -> 9.5894e-03 9.9513e-01
528(1) 90739733969.45 -> 8.4713e-03 9.9267e-01
529(1) 69032566995.64 -> 6.5797e-03 5.8778e-01
530(1) 55066013890.81 -> 1.0626e-02 9.9668e-01
531(1) 84311887979.52 -> 8.5173e-03 9.9030e-01
532(1) 186381671839.57 -> 9.0607e-03 9.6977e-01
533(1) 68887495430.59 -> 1.9238e-03 5.6305e-01
534(1) 180605326461.21 -> 1.3661e-02 7.1120e-01
535(1) 58049238927.40 -> 2.0139e-03 6.1579e-01
536(1) 141399859920.42 -> 1.3482e-02 1.0000e+00
537(1) 59899096708.15 -> 2.7796e-03 5.9397e-01
538(1) 52180996608.56 -> 7.6346e-03 9.7203e-01
539(1) 107864340177.26 -> 6.6499e-03 9.9996e-01
540(1) 188483540153.00 -> 8.0700e-03 8.6153e-01
541(1) 121462398123.99 -> 9.1280e-03 9.9682e-01
542(1) 171654953270.01 -> 2.1553e-02 1.0000e+00
543(1) 114230588036.41 -> 6.0786e-03 9.9443e-01
544(1) 49332490365.07 -> 2.1181e-03 6.2227e-01
545(1) 35775075328.41 -> 1.0836e-02 9.9574e-01
546(1) 128455576025.11 -> 3.3413e-03 3.6547e-01
547(1) 80137083827.64 -> 1.9700e-02 9.2093e-01
548(1) 41799136326.27 -> 1.5353e-02 9.9758e-01
549(1) 133320138726.78 -> 1.0372e-02 8.2498e-01
550(1) 198502601980.80 -> 9.3941e-03 9.4721e-01
551(1) 158407912298.10 -> 8.7933e-03 9.9312e-01
552(1) 52838413505.89 -> 1.0747e-02 9.4743e-01
553(1) 118834142848.43 -> 2.3302e-03 7.4411e-01
554(1) 13617455873.82 -> 4.0390e-03 7.6425e-01
555(1) 76871370965.55 -> 8.4565e-03 9.8968e-01
556(1) 59657512296.08 -> 2.0282e-03 4.9295e-01
557(1) 145341674669.47 -> 8.8801e-03 9.9498e-01
558(1) 86951807391.64 -> 1.8594e-02 1.0000e+00
559(1) 118477062072.35 -> 1.1865e-03 4.4542e-01
560(1) 45848398636.09 -> 8.3523e-03 9.9601e-01
561(1) 60630465143.57 -> 6.3068e-03 8.1516e-01
562(1) 86918292568.62 -> 1.5116e-03 5.5331e-01
563(1) 165798679311.48 -> 1.8025e-03 6.2355e-01
564(1) 110526937373.56 -> 1.9582e-02 9.3145e-01
565(1) 199251435576.34 -> 9.9118e-03 9.9565e-01
566(1) 85634889602.59 -> 2.8899e-03 6.3575e-01
567(1) 28452916202.30 -> 5.8982e-03 7.7982e-01
568(1) 58645953772.57 -> 8.1250e-03 9.9769e-01
569(1) 53467611431.31 -> 4.8916e-03 7.6975e-01
570(1) 107633802608.01 -> 7.8232e-03 9.7952e-01
571(1) 110909321217.01 -> 2.2605e-02 9.9842e-01
572(1) 84378312185.15 -> 4.9230e-04 5.2080e-01
573(1) 11938597566.45 -> 4.1445e-03 6.9507e-01
574(1) 101873309500.53 -> 1.2422e-02 9.9855e-01
575(1) 83935932909.42 -> 2.0270e-03 4.8544e-01
576(1) 123433312212.85 -> 5.3060e-03 8.0360e-01
577(1) 193086310569.61 -> 3.9077e-03 7.3883e-01
578(1) 93489335517.90 -> 3.1686e-03 6.5158e-01
579(1) 155675652748.79 -> 9.4108e-03 7.7266e-01
580(1) 118602237343.43 -> 3.2683e-03 7.1354e-01
581(1) 154841634097.71 -> 7.9646e-03 9.8645e-01
582(1) 110440896112.08 -> 1.8734e-03 4.1787e-01
583(1) 118737902606.27 -> 2.3337e-03 4.8381e-01
584(1) 118952936241.03 -> 3.6920e-03 6.4567e-01
585(1) 105672782546.85 -> 8.0016e-03 9.9294e-01
586(1) 87194462637.42 -> 5.3414e-03 9.9561e-01
587(1) 87980779102.56 -> 1.6480e-03 5.8527e-01
588(1) 109431733597.15 -> 8.8471e-03 9.9050e-01
589(1) 106565119837.41 -> 8.2968e-03 9.9717e-01
590(1) 59187620182.53 -> 1.4691e-02 9.9704e-01
591(1) 124201058583.84 -> 1.6914e-03 4.8497e-01
592(1) 102256773641.99 -> 7.8386e-03 9.9145e-01
593(1) 94280832521.36 -> 3.5082e-04 3.9180e-01
594(1) 66002607259.54 -> 1.6089e-03 4.2636e-01
595(1) 55827264516.10 -> 3.4731e-03 6.5485e-01
596(1) 91590941193.10 -> 2.3731e-03 4.9726e-01
597(1) 66262643347.97 -> 2.6450e-03 7.5797e-01
598(1) 140047187934.97 -> 7.0452e-03 8.8475e-01
599(1) 62458523901.29 -> 2.9287e-03 6.5410e-01
600(1) 82275710523.88 -> 1.5190e-03 4.6207e-01
601(1) 121351677166.28 -> 1.1587e-03 3.9971e-01
602(1) 35615182565.28 -> 6.7323e-03 9.9946e-01
603(1) 37802660625.95 -> 5.2755e-03 7.9236e-01
604(1) 69368395786.96 -> 1.9292e-02 9.8926e-01
605(1) 120179126064.46 -> 1.1795e-02 9.9333e-01
606(1) 70008310303.48 -> 8.0974e-03 9.7640e-01
607(1) 84630204585.63 -> 2.0897e-03 4.5922e-01
608(1) 58737253527.58 -> 2.2294e-03 5.9770e-01
609(1) 78335426834.44 -> 1.0182e-02 8.4658e-01
610(1) 126130197803.72 -> 1.0235e-02 9.9199e-01
611(1) 141239239548.42 -> 2.2808e-02 9.9987e-01
612(1) 109940575473.52 -> 4.7019e-03 9.9895e-01
613(1) 119360452838.96 -> 1.1606e-02 9.9422e-01
614(1) 83301591549.23 -> 7.4136e-03 8.8854e-01
615(1) 107554458052.61 -> 1.6015e-02 9.9711e-01
616(1) 94737320558.47 -> 7.7001e-03 9.9472e-01
617(1) 154204998670.68 -> 1.9826e-03 5.2084e-01
618(1) 107404038774.71 -> 7.7524e-03 9.6264e-01
619(1) 123956906666.96 -> 2.0330e-03 5.7485e-01
620(1) 79902571646.35 -> 1.0269e-02 9.8675e-01
621(1) 85157306747.54 -> 2.4732e-03 6.2386e-01
622(1) 64812111336.53 -> 7.5743e-03 9.9914e-01
623(1) 82939682133.17 -> 7.2639e-04 5.3079e-01
624(1) 98883405726.05 -> 9.6985e-03 9.9801e-01
625(1) 48490618025.36 -> 1.2822e-03 4.6906e-01
626(1) 137079643639.09 -> 5.5495e-03 7.2669e-01
627(1) 120380981693.54 -> 7.8237e-03 8.7710e-01
628(1) 52402685272.56 -> 1.1350e-03 7.0133e-01
629(1) 75488480886.68 -> 3.0869e-03 6.9429e-01
630(1) 123348127656.98 -> 8.1686e-03 9.9711e-01
631(1) 18136500996.44 -> 4.4741e-03 7.7230e-01
632(1) 161389170839.38 -> 8.1953e-03 7.3074e-01
633(1) 209480607277.54 -> 5.0254e-03 9.2704e-01
634(1) 63708484817.20 -> 3.7828e-03 6.8043e-01
635(1) 138586742226.46 -> 6.5152e-03 7.1665e-01
636(1) 113649645577.56 -> 6.0431e-03 8.3629e-01
637(1) 83370795576.12 -> 3.0092e-03 5.9583e-01
638(1) 79444106286.32 -> 7.7469e-03 9.7949e-01
639(1) 91573079791.17 -> 4.3818e-03 8.3303e-01
640(1) 103701458106.42 -> 7.8919e-03 9.8833e-01
641(1) 88852356743.16 -> 3.5871e-03 7.3226e-01
642(1) 37984643401.02 -> 7.4197e-03 9.9911e-01
643(1) 145734489411.58 -> 3.9830e-03 6.0948e-01
644(1) 124905308857.61 -> 3.9631e-03 9.9801e-01
645(1) 118938443147.22 -> 7.9751e-04 7.4239e-01
646(1) 63086247319.45 -> 1.7701e-03 5.1411e-01
647(1) 99562246394.02 -> 3.8340e-03 7.9206e-01
648(1) 72500982616.44 -> 7.6810e-03 9.9524e-01
649(1) 106650143643.71 -> 3.9217e-03 7.3127e-01
650(1) 63215467525.35 -> 1.6521e-03 4.9383e-01
651(1) 87303925732.85 -> 3.9141e-03 6.3449e-01
652(1) 123494671872.56 -> 2.8545e-03 6.4571e-01
653(1) 124893397531.28 -> 8.0655e-03 9.8901e-01
654(1) 57189204375.02 -> 4.4918e-04 5.1887e-01
655(1) 112405777800.80 -> 5.1566e-03 9.9718e-01
656(1) 58914800401.44 -> 4.9352e-03 7.5710e-01
657(1) 58319980281.12 -> 6.5833e-03 7.5170e-01
658(1) 76132997118.28 -> 1.9640e-02 1.0000e+00
659(1) 83017274660.25 -> 7.1013e-03 7.7897e-01
660(1) 78137848350.41 -> 7.9937e-03 9.8887e-01
661(1) 145411821596.46 -> 4.2778e-03 6.4869e-01
662(1) 170721025149.01 -> 4.0639e-03 6.3678e-01
663(1) 157642533439.32 -> 8.0676e-03 9.3232e-01
664(1) 133234280647.37 -> 1.8315e-02 1.0000e+00
665(1) 50498543628.55 -> 4.5680e-03 7.6911e-01
666(1) 160091146813.17 -> 1.4779e-02 9.9580e-01
667(1) 79104926204.30 -> 5.2678e-03 7.8589e-01
668(1) 130852616051.64 -> 2.4554e-03 6.5741e-01
669(1) 98523750373.62 -> 2.9729e-03 8.6836e-01
670(1) 68045494289.85 -> 1.5105e-03 5.8630e-01
671(1) 128710106137.06 -> 8.4774e-03 9.5767e-01
672(1) 128301503250.86 -> 7.8328e-03 9.6609e-01
673(1) 88374776628.85 -> 7.4989e-04 2.9750e-01
674(1) 49844091002.06 -> 4.7939e-03 7.4924e-01
675(1) 112955690934.90 -> 1.3953e-03 6.1368e-01
676(1) 111231306596.35 -> 8.7304e-03 6.0872e-01
677(1) 127247687738.88 -> 6.3877e-03 6.9397e-01
678(1) 95589982045.52 -> 1.7812e-03 4.1134e-01
679(1) 62250114733.93 -> 8.2150e-03 9.7205e-01
680(1) 99739118044.87 -> 1.1219e-02 9.9767e-01
681(1) 136969202953.13 -> 7.5088e-03 7.6776e-01
682(1) 41625656929.32 -> 4.8749e-03 9.8776e-01
683(1) 38960427848.18 -> 8.3696e-03 9.9492e-01
684(1) 126317051916.23 -> 4.1843e-03 7.4467e-01
685(1) 131279956469.30 -> 3.2548e-03 6.6875e-01
686(1) 120131836903.70 -> 1.9899e-03 5.0343e-01
687(1) 55737526071.45 -> 6.3028e-03 9.0825e-01
688(1) 35034105027.32 -> 7.6204e-03 9.9469e-01
689(1) 72426461757.38 -> 7.2863e-03 9.9479e-01
690(1) 94532986081.83 -> 8.2384e-03 9.9436e-01
691(1) 72224696504.63 -> 1.6858e-03 3.9700e-01
692(1) 171626273302.66 -> 3.6680e-03 6.8378e-01
693(1) 101291043416.55 -> 1.6306e-02 9.9852e-01
694(1) 61345495587.57 -> 8.9616e-03 9.8778e-01
695(1) 136247527975.04 -> 4.1696e-03 9.9926e-01
696(1) 170918109590.16 -> 2.5881e-03 5.0065e-01
697(1) 138093619003.72 -> 1.2775e-02 9.9716e-01
698(1) 126038011658.93 -> 8.6275e-03 9.9605e-01
699(1) 69758608409.31 -> 1.0805e-02 9.9634e-01
700(1) 107314175463.59 -> 7.6747e-03 9.7549e-01
701(1) 107792630146.27 -> 2.3814e-03 5.7634e-01
702(1) 107157239022.53 -> 4.5811e-03 7.7179e-01
703(1) 77738433639.18 -> 1.7200e-03 4.9449e-01
704(1) 104198965698.34 -> 2.7243e-02 1.0000e+00
705(1) 46217542638.41 -> 2.7536e-03 6.2042e-01
706(1) 146048428665.69 -> 4.0531e-03 6.7598e-01
707(1) 102323754384.33 -> 4.2291e-03 6.9945e-01
708(1) 92288644147.03 -> 6.6492e-04 2.5125e-01
709(1) 41404139874.50 -> 3.1346e-03 7.2701e-01
710(1) 85928312158.69 -> 7.4822e-03 7.6320e-01
711(1) 88589774876.36 -> 1.1485e-02 9.9247e-01
712(1) 130065037155.19 -> 5.0082e-03 9.9875e-01
713(1) 83252410426.21 -> 2.6320e-03 3.2238e-01
714(1) 70787995783.84 -> 7.6151e-03 9.9238e-01
715(1) 57771050649.91 -> 2.5867e-03 5.9700e-01
716(1) 66852720162.69 -> 1.0941e-02 9.9168e-01
717(1) 73777330464.83 -> 7.9023e-03 9.9718e-01
718(1) 26686273018.28 -> 2.7959e-03 6.5647e-01
719(1) 103598930753.68 -> 1.3987e-02 7.5052e-01
720(1) 92394092269.77 -> 8.9480e-03 9.9476e-01
721(1) 85271105770.74 -> 2.4446e-02 9.9424e-01
722(1) 195343140463.78 -> 1.3030e-02 9.9552e-01
723(1) 90721415310.55 -> 7.1435e-03 9.9070e-01
724(1) 74006104441.91 -> 3.1874e-03 6.9186e-01
725(1) 221209933836.32 -> 7.8683e-03 9.9946e-01
726(1) 74344006819.01 -> 2.2352e-03 7.5555e-01
727(1) 73547889651.25 -> 4.4439e-03 6.6060e-01
728(1) 120586955667.25 -> 4.0961e-02 9.9972e-01
729(1) 90935690208.36 -> 4.8595e-03 9.8080e-01
730(1) 71755315196.80 -> 2.5695e-03 6.2257e-01
731(1) 132519735596.27 -> 1.2368e-02 9.7530e-01
732(1) 83037065636.39 -> 7.5329e-03 9.9221e-01
733(1) 122883154101.19 -> 8.8852e-03 6.8939e-01
734(1) 87602496851.14 -> 3.9664e-03 7.0460e-01
735(1) 141503386330.64 -> 8.6816e-03 9.9510e-01
736(1) 105303211020.02 -> 1.2115e-02 8.2253e-01
737(1) 108073469946.52 -> 2.9533e-03 7.9725e-01
738(1) 108861129761.79 -> 9.2073e-03 9.9455e-01
739(1) 169949511059.08 -> 1.0033e-03 4.8204e-01
740(1) 116435577442.61 -> 9.5625e-03 9.9859e-01
741(1) 156586910742.05 -> 3.6774e-03 8.9437e-01
742(1) 149642928614.93 -> 8.8355e-03 8.5732e-01
743(1) 85243029408.32 -> 7.0022e-03 9.9912e-01
744(1) 180923351665.84 -> 5.1255e-03 7.8564e-01
745(1) 52563300343.12 -> 1.6798e-03 7.6998e-01
746(1) 140927457859.86 -> 4.5650e-03 9.9975e-01
747(1) 108906162985.76 -> 6.8036e-03 9.9939e-01
748(1) 30421706863.29 -> 4.9716e-03 7.7960e-01
749(1) 34141733533.16 -> 9.7602e-04 5.2795e-01
750(1) 93840134580.30 -> 7.0980e-03 7.2111e-01
751(1) 111389682839.37 -> 3.2284e-03 6.4024e-01
752(1) 73318307495.65 -> 9.4862e-03 8.3299e-01
753(1) 21498135175.08 -> 8.9107e-03 9.8606e-01
754(1) 150133536589.56 -> 1.2872e-03 5.8414e-01
755(1) 190248216624.89 -> 9.8518e-03 9.9793e-01
756(1) 110985333099.41 -> 8.5734e-03 9.9859e-01
757(1) 89521686660.47 -> 1.1889e-02 9.9540e-01
758(1) 97598151952.21 -> 7.2680e-03 9.9593e-01
759(1) 161299283407.40 -> 4.2488e-03 9.9066e-01
760(1) 28400581408.95 -> 8.0521e-03 8.3745e-01
761(1) 109572253379.75 -> 1.6228e-03 4.5040e-01
762(1) 106715843381.43 -> 1.2103e-02 9.8186e-01
763(1) 46163908937.27 -> 8.1072e-03 9.9480e-01
764(1) 102024035287.71 -> 7.1384e-03 9.9907e-01
765(1) 27416111195.25 -> 5.0571e-03 7.5589e-01
766(1) 60280798220.59 -> 9.1820e-03 9.9882e-01
767(1) 47156470755.88 -> 7.4508e-03 9.8834e-01
768(1) 128956107815.45 -> 8.3883e-03 8.7690e-01
769(1) 69574678675.71 -> 1.0096e-02 9.9626e-01
770(1) 142498711054.27 -> 1.8361e-03 5.1021e-01
771(1) 55900100131.51 -> 9.1986e-03 9.9217e-01
772(1) 118724342844.91 -> 4.4976e-03 7.4902e-01
773(1) 57949810508.74 -> 4.8251e-03 7.8444e-01
774(1) 160191961407.15 -> 5.2097e-03 7.5895e-01
775(1) 40386861624.67 -> 8.3678e-03 9.9523e-01
776(1) 102627824295.79 -> 1.2391e-02 9.9581e-01
777(1) 14735293260.40 -> 6.1851e-03 7.9951e-01
778(1) 92321364167.02 -> 7.9570e-03 9.5366e-01
779(1) 134425687484.70 -> 7.9300e-03 5.4059e-01
780(1) 59261819040.38 -> 6.0001e-03 9.7407e-01
781(1) 168705130690.73 -> 6.4067e-03 6.2355e-01
782(1) 97855997400.32 -> 1.4517e-03 6.0316e-01
783(1) 70703931259.45 -> 4.9722e-03 7.3501e-01
784(1) 214804428159.81 -> 2.3291e-02 9.9998e-01
785(1) 128419406529.63 -> 2.8193e-03 8.1653e-01
786(1) 134585329418.82 -> 6.4441e-03 8.8256e-01
787(1) 146812389848.42 -> 7.9889e-03 9.9582e-01
788(1) 106603342598.83 -> 5.6378e-02 9.6787e-01
789(1) 87593813728.68 -> 1.0141e-02 8.4669e-01
790(1) 118148925038.88 -> 1.3326e-03 4.7530e-01
791(1) 254025118308.28 -> 8.6258e-03 9.9688e-01
792(1) 35386942036.81 -> 9.0366e-03 9.8350e-01
793(1) 36895790973.29 -> 6.2236e-03 8.8605e-01
794(1) 90649058890.22 -> 2.9246e-03 6.3814e-01
795(1) 175268834618.74 -> 8.0623e-03 9.9232e-01
796(1) 131862285573.74 -> 1.5442e-02 9.9852e-01
797(1) 85938439341.82 -> 4.7199e-03 6.6151e-01
798(1) 134024941568.69 -> 6.7703e-03 8.3435e-01
799(1) 169961093580.64 -> 1.3732e-03 4.8472e-01
800(1) 47038315684.84 -> 3.9191e-03 6.7631e-01
801(1) 67274100014.86 -> 4.9922e-03 7.9789e-01
802(1) 73906408819.21 -> 9.3073e-03 6.9562e-01
803(1) 117796759754.75 -> 4.4973e-03 7.3063e-01
804(1) 131302361003.53 -> 3.8899e-02 1.0000e+00
805(1) 143202023287.78 -> 1.6723e-03 5.7636e-01
806(1) 37250914632.16 -> 8.3800e-03 9.9806e-01
807(1) 43710775617.56 -> 6.8430e-03 7.8167e-01
808(1) 133551287568.97 -> 2.0903e-02 9.9978e-01
809(1) 47051454816.62 -> 5.8785e-03 9.9956e-01
810(1) 34167053748.71 -> 6.0012e-03 7.6138e-01
811(1) 47358420199.99 -> 1.6264e-02 9.8435e-01
812(1) 37975166330.93 -> 2.1666e-03 6.2782e-01
813(1) 110006925601.90 -> 4.6810e-03 6.9538e-01
814(1) 95663897472.47 -> 8.1879e-03 9.9702e-01
815(1) 158786375165.30 -> 6.4385e-03 8.5987e-01
816(1) 103737770420.11 -> 2.2959e-03 4.6014e-01
817(1) 140770950261.65 -> 8.3001e-03 9.9690e-01
818(1) 62899281214.00 -> 2.9368e-04 5.3493e-01
819(1) 72670550616.69 -> 7.8850e-03 9.9557e-01
820(1) 19500949480.45 -> 2.8755e-03 6.3411e-01
821(1) 188908801540.96 -> 6.0018e-03 8.9647e-01
822(1) 176834906078.75 -> 1.6773e-02 9.9999e-01
823(1) 115675361907.97 -> 9.7773e-04 4.1427e-01
824(1) 117106904213.61 -> 8.1232e-03 9.9760e-01
825(1) 20559155156.15 -> 5.7060e-03 7.8220e-01
826(1) 89558220363.04 -> 1.7945e-03 9.8275e-01
827(1) 43382178372.47 -> 1.3089e-02 9.9740e-01
828(1) 80762669072.80 -> 7.4258e-03 9.9907e-01
829(1) 108505969435.66 -> 2.4109e-03 4.7727e-01
830(1) 33573669278.62 -> 3.6666e-03 6.3333e-01
831(1) 75188438008.52 -> 3.8308e-03 6.7306e-01
832(1) 38103583784.91 -> 3.8868e-03 6.8861e-01
833(1) 69511679640.24 -> 2.6018e-03 6.6519e-01
834(1) 57565674732.91 -> 2.0897e-02 1.0000e+00
835(1) 106571189403.33 -> 4.3913e-03 7.7860e-01
836(1) 93079569516.62 -> 4.4527e-03 7.1886e-01
837(1) 98732718122.92 -> 4.8216e-03 7.2503e-01
838(1) 93675833561.20 -> 3.3407e-03 6.3588e-01
839(1) 99763007561.18 -> 3.9744e-03 8.1898e-01
840(1) 96484860323.19 -> 5.0025e-03 9.9798e-01
841(1) 97042734703.82 -> 6.4690e-03 9.9994e-01
842(1) 89556225351.02 -> 4.2390e-03 5.9214e-01
843(1) 104923357180.54 -> 2.1799e-03 6.7227e-01
844(1) 152995268169.88 -> 4.5269e-04 2.5703e-01
845(1) 84467745988.79 -> 5.4410e-03 8.8300e-01
846(1) 38704260275.46 -> 9.1307e-03 9.9711e-01
847(1) 172524423380.68 -> 3.1724e-03 5.3727e-01
848(1) 184672063852.34 -> 2.2732e-03 6.0879e-01
849(1) 51782298865.33 -> 2.1440e-02 1.0000e+00
850(1) 48595503417.13 -> 7.2395e-03 9.4851e-01
851(1) 45646379306.57 -> 2.2047e-03 5.3674e-01
852(1) 120644471423.32 -> 7.3846e-03 9.9882e-01
853(1) 63413478416.22 -> 3.0998e-03 6.3734e-01
854(1) 59400076872.16 -> 2.6174e-03 6.2069e-01
855(1) 113661311652.74 -> 1.9815e-02 9.9992e-01
856(1) 87356348497.07 -> 1.6636e-02 9.2337e-01
857(1) 82952468828.63 -> 2.9444e-03 7.5522e-01
858(1) 160082914577.16 -> 5.8222e-03 7.4215e-01
859(1) 102633219905.91 -> 8.6801e-03 9.9756e-01
860(1) 58950189659.05 -> 3.9204e-03 6.1212e-01
861(1) 84566313880.47 -> 6.7656e-03 9.0335e-01
862(1) 87089413619.87 -> 9.0449e-03 9.9702e-01
863(1) 14965883569.88 -> 4.4308e-03 7.5035e-01
864(1) 25599345623.16 -> 7.3490e-03 8.3600e-01
865(1) 85382173023.19 -> 2.1687e-03 4.7112e-01
866(1) 109043029145.88 -> 9.9799e-03 9.9647e-01
867(1) 29839055213.96 -> 7.6543e-03 9.5713e-01
868(1) 145422007061.60 -> 5.1503e-03 7.4127e-01
869(1) 162416704150.89 -> 1.6404e-03 5.5578e-01
870(1) 186913791936.95 -> 1.3113e-02 1.0000e+00
871(1) 112462740151.06 -> 9.5705e-03 7.0709e-01
872(1) 95514498506.68 -> 1.1361e-02 9.9848e-01
873(1) 35420199955.72 -> 6.3466e-03 9.9989e-01
874(1) 109421921013.14 -> 1.2618e-03 5.9373e-01
875(1) 70379967626.31 -> 5.5186e-03 7.9855e-01
876(1) 27762055141.99 -> 9.7077e-03 9.7997e-01
877(1) 34226251146.87 -> 3.4869e-03 6.5770e-01
878(1) 129323105418.81 -> 7.9375e-03 9.9422e-01
879(1) 79509196962.34 -> 2.3570e-03 6.8311e-01
880(1) 99343411731.57 -> 5.1163e-03 7.3891e-01
881(1) 32598689065.15 -> 1.2346e-03 5.8684e-01
882(1) 49575092081.44 -> 4.2381e-03 8.5257e-01
883(1) 31399568778.23 -> 8.4499e-03 9.9849e-01
884(1) 84099120028.80 -> 5.3033e-03 6.0930e-01
885(1) 81532604169.26 -> 8.5972e-03 9.9124e-01
886(1) 61773912562.58 -> 6.2276e-03 8.1250e-01
887(1) 45445400642.84 -> 2.0929e-03 6.0045e-01
888(1) 94060830141.19 -> 1.0954e-03 4.5514e-01
889(1) 183753911305.37 -> 9.5037e-03 9.9791e-01
890(1) 32022668756.24 -> 1.1117e-03 5.0569e-01
891(1) 85918190664.28 -> 1.6390e-03 5.5963e-01
892(1) 98995610103.65 -> 8.4931e-03 9.9452e-01
893(1) 173724894433.25 -> 4.9201e-03 9.9574e-01
894(1) 35339887214.88 -> 4.1391e-03 7.9970e-01
895(1) 132376476015.81 -> 9.3789e-03 9.9679e-01
896(1) 41302546054.33 -> 1.4558e-03 5.9936e-01
897(1) 58246716839.55 -> 1.0288e-03 4.4918e-01
898(1) 79855415759.85 -> 6.5728e-03 8.9531e-01
899(1) 101033029505.86 -> 8.8103e-03 9.9673e-01
900(1) 87298258632.78 -> 2.7942e-03 6.9259e-01
901(1) 92292053415.52 -> 6.8545e-03 9.9630e-01
902(1) 69244706383.90 -> 1.5816e-02 9.9863e-01
903(1) 96654841068.78 -> 1.0504e-02 9.9775e-01
904(1) 157185745929.04 -> 8.7844e-03 9.5580e-01
905(1) 74675013222.80 -> 8.6876e-03 8.1214e-01
906(1) 57819080323.22 -> 3.4328e-03 6.5565e-01
907(1) 121423304966.66 -> 9.9039e-03 7.6838e-01
908(1) 90050923006.95 -> 7.8440e-03 9.9628e-01
909(1) 135756967593.74 -> 3.8814e-03 7.0425e-01
910(1) 87932295601.72 -> 9.5113e-03 9.9788e-01
911(1) 72240218377.47 -> 8.9385e-03 9.8014e-01
912(1) 134171604176.31 -> 1.5576e-02 9.9898e-01
913(1) 216682588060.82 -> 5.2360e-03 7.2744e-01
914(1) 65591842912.23 -> 6.7313e-03 7.9567e-01
915(1) 196406674691.23 -> 1.5644e-02 9.9077e-01
916(1) 86927688867.59 -> 8.5534e-03 6.8407e-01
917(1) 119259311797.26 -> 3.6558e-03 7.0779e-01
918(1) 90484129967.84 -> 2.3343e-03 5.5306e-01
919(1) 35148565974.55 -> 9.7957e-04 4.2266e-01
920(1) 126093088539.79 -> 2.7832e-02 1.0000e+00
921(1) 72526451924.16 -> 2.5234e-03 7.0638e-01
922(1) 54255513621.69 -> 5.1399e-03 7.0222e-01
923(1) 72334084114.49 -> 4.5447e-03 9.9992e-01
924(1) 28008326303.65 -> 7.4479e-03 9.9892e-01
925(1) 41441399866.05 -> 8.7632e-03 9.9864e-01
926(1) 73279451933.42 -> 5.4968e-03 9.9877e-01
927(1) 130066118793.59 -> 5.7842e-03 9.9879e-01
928(1) 106538755015.16 -> 6.7340e-03 8.8344e-01
929(1) 139041085893.42 -> 8.8985e-03 9.9654e-01
930(1) 99367477324.10 -> 3.5293e-02 9.9656e-01
931(1) 49107824992.15 -> 2.1989e-03 6.1343e-01
932(1) 204794722293.80 -> 8.2652e-03 9.8947e-01
933(1) 95600910737.42 -> 8.5537e-03 9.9156e-01
934(1) 68621927679.40 -> 7.8879e-03 9.9619e-01
935(1) 47557842480.68 -> 7.8077e-03 9.9736e-01
936(1) 69134296080.87 -> 6.8208e-04 5.5306e-01
937(1) 158657305877.91 -> 1.1848e-02 7.9002e-01
938(1) 217707830035.18 -> 7.9871e-03 9.9713e-01
939(1) 116516410439.47 -> 8.1815e-02 9.7768e-01
940(1) 174651185251.99 -> 1.1685e-02 9.9160e-01
941(1) 52716184942.24 -> 8.6112e-03 7.4856e-01
942(1) 144046252461.37 -> 4.9877e-03 9.9981e-01
943(1) 105262132155.48 -> 1.0273e-03 4.6441e-01
944(1) 81132841218.58 -> 1.8419e-02 9.9991e-01
945(1) 20622931497.96 -> 8.5005e-03 9.9925e-01
946(1) 116558077425.60 -> 2.2285e-02 1.0000e+00
947(1) 132824553608.89 -> 7.4926e-03 9.9876e-01
948(1) 89631041120.37 -> 2.9921e-03 6.8333e-01
949(1) 125212358594.07 -> 6.9114e-03 8.7464e-01
950(1) 103684709036.19 -> 7.2493e-03 9.9773e-01
951(1) 137452417206.53 -> 7.7640e-03 9.9938e-01
952(1) 88176758714.33 -> 2.6928e-02 9.9999e-01
953(1) 162025858237.36 -> 1.0009e-02 9.7781e-01
954(1) 169780881358.63 -> 6.7406e-03 9.7874e-01
955(1) 42982990697.17 -> 5.0726e-03 7.5790e-01
956(1) 54464175032.58 -> 9.4323e-03 9.9736e-01
957(1) 109539364913.77 -> 4.7884e-03 9.3827e-01
958(1) 151764162955.91 -> 6.9715e-03 9.9941e-01
959(1) 132395104071.19 -> 4.5636e-03 8.4746e-01
960(1) 84051685377.94 -> 6.9668e-03 9.9157e-01
961(1) 125118245048.74 -> 1.7428e-03 4.6945e-01
962(1) 182629065068.69 -> 1.8745e-02 7.2548e-01
963(1) 97583826938.15 -> 9.8803e-04 5.8449e-01
964(1) 95586173924.54 -> 5.4723e-03 8.5783e-01
965(1) 40869479139.10 -> 6.8252e-03 9.9928e-01
966(1) 175276079767.91 -> 1.5136e-03 5.3447e-01
967(1) 138724109391.96 -> 4.1591e-03 6.6838e-01
968(1) 62198018121.32 -> 6.1593e-03 7.0305e-01
969(1) 58438428369.69 -> 2.4235e-03 6.5496e-01
970(1) 108061353481.51 -> 7.1643e-03 9.1236e-01
971(1) 140649750812.72 -> 5.7140e-03 7.0256e-01
972(1) 187352283599.47 -> 3.9030e-03 6.7901e-01
973(1) 77034310235.94 -> 3.8608e-02 9.9981e-01
974(1) 181812483172.95 -> 7.3927e-03 9.9369e-01
975(1) 119774336590.02 -> 7.6308e-03 9.9877e-01
976(1) 90864206562.48 -> 1.1477e-03 5.0497e-01
977(1) 107037081021.15 -> 1.3010e-02 9.9872e-01
978(1) 94755282923.65 -> 5.3447e-03 8.1812e-01
979(1) 83677970640.16 -> 5.6850e-03 8.4143e-01
980(1) 80628789280.39 -> 5.7305e-03 9.9899e-01
981(1) 3983534420.50 -> 8.0469e-03 9.9982e-01
982(1) 116679464654.16 -> 1.4353e-02 9.9875e-01
983(1) 36823226366.57 -> 7.4241e-03 9.9580e-01
984(1) 96703015927.42 -> 3.2376e-03 6.8912e-01
985(1) 22300840037.37 -> 4.8941e-03 8.5619e-01
986(1) 97620401819.37 -> 7.6083e-03 9.9865e-01
987(1) 130191549016.88 -> 1.6333e-03 7.3719e-01
988(1) 170215078037.96 -> 7.2393e-03 9.9021e-01
989(1) 98430437320.13 -> 9.7588e-03 8.8139e-01
990(1) 113925584456.01 -> 6.6047e-03 9.9957e-01
991(1) 103594188892.67 -> 1.0118e-03 4.5145e-01
992(1) 29928414705.39 -> 4.9115e-03 6.3082e-01
993(1) 117845867709.85 -> 3.5919e-03 6.6772e-01
994(1) 99508440012.05 -> 8.2218e-03 7.8553e-01
995(1) 92727345545.85 -> 8.5806e-03 9.9652e-01
996(1) 98162098301.20 -> 1.5848e-02 8.3581e-01
997(1) 73803260318.60 -> 2.4333e-03 5.3264e-01
998(1) 60219470851.52 -> 3.6433e-03 6.0449e-01
999(1) 112925406329.52 -> 4.6281e-03 8.5546e-01
1000(1) 167765009850.09 -> 7.6601e-03 9.6046e-01
