1(1) 53290112761.937 -> 2.437e-03 8.668e-01
2(1) 108960463602.870 -> 5.970e-03 9.543e-01
3(1) 127201653566.110 -> 3.606e-03 9.575e-01
4(1) 112093113891.657 -> 1.592e-03 6.845e-01
5(1) 110771338557.169 -> 2.660e-03 8.354e-01
6(1) 35020219998.236 -> 1.576e-03 7.877e-01
7(1) 39665550967.569 -> 1.812e-03 7.705e-01
8(1) 126224893016.077 -> 1.619e-03 6.853e-01
9(1) 100232841181.096 -> 3.730e-03 9.225e-01
10(1) 139849857266.323 -> 1.684e-03 8.838e-01
11(1) 96248337191.491 -> 3.002e-03 9.907e-01
12(1) 74683781463.865 -> 3.023e-03 9.458e-01
13(1) 147360903768.328 -> 4.429e-03 1.000e+00
14(1) 48354342350.335 -> 3.117e-03 9.562e-01
15(1) 123010967892.040 -> 2.645e-03 8.697e-01
16(1) 85207986083.517 -> 3.594e-03 8.551e-01
17(1) 109510500525.641 -> 2.835e-03 8.799e-01
18(1) 67731930486.090 -> 6.683e-03 1.000e+00
19(1) 63731571896.946 -> 5.632e-03 9.863e-01
20(1) 143429613458.002 -> 1.953e-03 7.032e-01
21(1) 132058755714.651 -> 1.491e-03 7.947e-01
22(1) 84380744346.584 -> 3.482e-03 9.905e-01
23(1) 65872253260.128 -> 1.698e-03 8.870e-01
24(1) 102329700739.390 -> 2.614e-03 8.831e-01
25(1) 117426730426.913 -> 1.432e-03 8.098e-01
26(1) 66904469170.390 -> 6.717e-03 9.697e-01
27(1) 85092160692.394 -> 2.124e-03 7.162e-01
28(1) 91518805329.340 -> 2.642e-03 8.057e-01
29(1) 166954045985.029 -> 3.288e-03 7.867e-01
30(1) 62763926956.631 -> 2.748e-03 8.722e-01
31(1) 104554221820.596 -> 2.441e-03 8.849e-01
32(1) 110688079823.532 -> 3.791e-03 8.433e-01
33(1) 152991187753.426 -> 2.030e-03 8.084e-01
34(1) 111651448448.829 -> 3.225e-03 8.991e-01
35(1) 97486440430.295 -> 2.702e-03 1.000e+00
36(1) 55531888964.143 -> 1.474e-03 8.445e-01
37(1) 87885824045.386 -> 2.670e-03 8.278e-01
38(1) 119301350588.385 -> 1.669e-03 8.007e-01
39(1) 83052151944.550 -> 3.577e-03 7.666e-01
40(1) 87961684097.335 -> 7.659e-04 6.974e-01
41(1) 83979712601.696 -> 7.514e-03 9.436e-01
42(1) 80111262381.612 -> 3.412e-03 9.305e-01
43(1) 123230054191.599 -> 1.903e-03 7.191e-01
44(1) 81732479889.386 -> 1.602e-03 9.216e-01
45(1) 92206963258.764 -> 3.484e-03 8.686e-01
46(1) 57034138747.935 -> 1.989e-03 8.929e-01
47(1) 107340504939.782 -> 1.317e-03 8.058e-01
48(1) 55452219918.944 -> 2.161e-03 9.125e-01
49(1) 93049921461.633 -> 2.938e-03 1.000e+00
50(1) 121332343590.136 -> 6.683e-03 9.542e-01
51(1) 92354093302.427 -> 6.105e-03 9.144e-01
52(1) 37601665164.459 -> 1.709e-03 7.883e-01
53(1) 102894036435.708 -> 2.601e-03 9.028e-01
54(1) 146451554283.489 -> 1.941e-03 8.292e-01
55(1) 74616459085.315 -> 2.205e-03 8.667e-01
56(1) 101248190346.896 -> 3.018e-03 8.761e-01
57(1) 98814514855.272 -> 2.911e-03 1.000e+00
58(1) 106097818949.210 -> 1.486e-03 6.603e-01
59(1) 103065287001.291 -> 2.759e-03 8.416e-01
60(1) 85323102138.744 -> 2.241e-03 8.309e-01
61(1) 115463576908.020 -> 3.271e-03 9.168e-01
62(1) 87793292847.311 -> 4.863e-03 9.647e-01
63(1) 108957798360.063 -> 2.405e-03 6.850e-01
64(1) 46341343564.667 -> 2.304e-03 8.691e-01
65(1) 103349930872.752 -> 4.409e-03 9.301e-01
66(1) 79720394778.757 -> 2.702e-03 9.230e-01
67(1) 92033716209.740 -> 4.331e-03 8.698e-01
68(1) 49927677139.631 -> 6.154e-03 9.286e-01
69(1) 87843091940.104 -> 1.808e-03 7.398e-01
70(1) 163436748398.835 -> 3.157e-03 8.141e-01
71(1) 103594465549.311 -> 4.180e-03 9.191e-01
72(1) 120718257022.612 -> 1.590e-03 7.331e-01
73(1) 82932223545.318 -> 6.087e-04 6.432e-01
74(1) 109046896207.082 -> 1.679e-02 1.842e+00
75(1) 73085599867.259 -> 1.930e-03 8.085e-01
76(1) 68792820535.420 -> 2.107e-03 6.901e-01
77(1) 70667468646.849 -> 1.715e-03 8.114e-01
78(1) 107320354377.876 -> 2.368e-03 8.770e-01
79(1) 82312634606.567 -> 2.523e-03 8.554e-01
80(1) 99911436158.327 -> 2.455e-03 8.240e-01
81(1) 126088037309.554 -> 4.244e-03 1.000e+00
82(1) 121041105606.693 -> 1.428e-03 7.504e-01
83(1) 140618243610.337 -> 2.904e-03 8.607e-01
84(1) 77166018172.599 -> 2.097e-03 8.449e-01
85(1) 120517650045.774 -> 4.255e-03 8.096e-01
86(1) 61216318323.401 -> 4.046e-03 9.135e-01
87(1) 130525540513.752 -> 3.471e-03 8.898e-01
88(1) 72489977506.078 -> 1.892e-03 9.115e-01
89(1) 71223697616.228 -> 2.908e-03 8.376e-01
90(1) 62432254312.659 -> 3.312e-03 8.744e-01
91(1) 69966193582.330 -> 1.160e-03 7.769e-01
92(1) 130480272385.161 -> 3.196e-03 8.838e-01
93(1) 128446598584.683 -> 3.568e-03 9.531e-01
94(1) 127129075276.494 -> 4.854e-03 9.410e-01
95(1) 90441058709.355 -> 3.152e-03 9.805e-01
96(1) 101206974752.523 -> 1.105e-03 6.770e-01
97(1) 78466423777.458 -> 6.437e-04 7.450e-01
98(1) 138970550615.424 -> 2.860e-03 8.505e-01
99(1) 70192214407.757 -> 3.538e-03 9.530e-01
100(1) 45121416768.554 -> 2.356e-03 8.841e-01
101(1) 112335013566.638 -> 8.066e-03 9.338e-01
102(1) 57543316387.649 -> 3.598e-03 8.654e-01
103(1) 94731543826.062 -> 1.773e-03 9.333e-01
104(1) 84889043007.767 -> 2.253e-03 8.365e-01
105(1) 115336023309.614 -> 7.097e-03 8.857e-01
106(1) 110531200838.097 -> 2.335e-03 8.112e-01
107(1) 87330318205.724 -> 3.147e-03 9.763e-01
108(1) 45457926372.560 -> 2.798e-03 9.255e-01
109(1) 162513399752.462 -> 3.834e-03 9.234e-01
110(1) 103622374098.927 -> 4.190e-03 8.930e-01
111(1) 130067423378.158 -> 2.966e-03 7.729e-01
112(1) 60631485670.477 -> 7.105e-04 7.697e-01
113(1) 60240734485.532 -> 4.181e-03 9.253e-01
114(1) 77006310593.081 -> 2.956e-03 8.259e-01
115(1) 97184172285.604 -> 2.520e-03 8.914e-01
116(1) 89779274637.295 -> 3.492e-03 9.734e-01
117(1) 53772701686.825 -> 1.200e-03 7.231e-01
118(1) 99675403142.666 -> 9.669e-04 6.630e-01
119(1) 96747909267.471 -> 2.603e-03 8.636e-01
120(1) 102235635268.904 -> 2.339e-03 8.314e-01
121(1) 117498994009.530 -> 2.036e-03 8.487e-01
122(1) 94769351551.835 -> 2.988e-03 9.234e-01
123(1) 139910201020.686 -> 3.329e-03 1.000e+00
124(1) 136502301590.279 -> 8.133e-04 7.904e-01
125(1) 77799120000.965 -> 2.140e-03 8.301e-01
126(1) 86471386316.263 -> 2.995e-03 9.096e-01
127(1) 108049353497.420 -> 1.752e-03 8.577e-01
128(1) 68191892600.533 -> 3.724e-03 8.490e-01
129(1) 100335636785.302 -> 2.618e-03 8.676e-01
130(1) 76968468054.100 -> 1.415e-03 7.652e-01
131(1) 79275172864.780 -> 2.606e-03 9.160e-01
132(1) 69990786938.455 -> 2.719e-03 8.815e-01
133(1) 92432258999.678 -> 1.701e-03 7.848e-01
134(1) 100800706651.452 -> 3.968e-03 9.045e-01
135(1) 67006679940.655 -> 5.977e-03 9.232e-01
136(1) 116402601159.113 -> 3.310e-03 1.000e+00
137(1) 73122787467.772 -> 2.192e-03 8.488e-01
138(1) 70337809020.496 -> 2.142e-03 8.470e-01
139(1) 103279536393.137 -> 2.682e-03 9.062e-01
140(1) 117998969466.117 -> 4.029e-03 8.681e-01
141(1) 55999448482.446 -> 5.853e-03 1.000e+00
142(1) 106163420770.862 -> 2.191e-03 9.150e-01
143(1) 79798913905.483 -> 1.804e-03 8.287e-01
144(1) 80660539782.858 -> 1.969e-03 8.490e-01
145(1) 89215292227.388 -> 2.042e-03 8.700e-01
146(1) 73031697591.274 -> 4.830e-03 9.238e-01
147(1) 96853793682.576 -> 2.393e-03 8.609e-01
148(1) 87110248711.438 -> 3.188e-03 8.647e-01
149(1) 65201210451.606 -> 3.766e-03 9.497e-01
150(1) 128793777693.097 -> 2.281e-03 8.791e-01
151(1) 73307928482.663 -> 3.074e-03 9.689e-01
152(1) 154914152804.108 -> 1.234e-03 7.580e-01
153(1) 64348053859.798 -> 8.635e-03 9.298e-01
154(1) 81104535855.771 -> 2.544e-03 8.134e-01
155(1) 63837454912.691 -> 2.119e-03 8.624e-01
156(1) 159451028927.584 -> 4.021e-03 9.262e-01
157(1) 116455264331.370 -> 2.112e-03 6.725e-01
158(1) 74420278374.681 -> 2.574e-03 8.732e-01
159(1) 43796449897.545 -> 1.918e-03 8.613e-01
160(1) 127500104193.181 -> 3.696e-03 8.346e-01
161(1) 84064552534.139 -> 1.781e-03 9.494e-01
162(1) 128531373549.695 -> 2.986e-03 8.422e-01
163(1) 68162151857.895 -> 3.294e-03 9.275e-01
164(1) 128521203224.246 -> 2.203e-03 8.387e-01
165(1) 60814728997.684 -> 3.765e-03 8.119e-01
166(1) 129396634164.831 -> 2.146e-03 9.054e-01
167(1) 180645119024.037 -> 4.182e-03 9.647e-01
168(1) 66671241333.143 -> 1.068e-03 7.616e-01
169(1) 44819023088.823 -> 2.900e-03 8.668e-01
170(1) 64277607129.828 -> 1.439e-03 8.152e-01
171(1) 135433844425.418 -> 4.812e-03 8.629e-01
172(1) 167652454392.603 -> 2.165e-03 8.408e-01
173(1) 129633846458.571 -> 2.164e-03 8.837e-01
174(1) 75459935896.459 -> 2.583e-03 8.671e-01
175(1) 173472760424.788 -> 3.454e-03 8.228e-01
176(1) 103442099572.683 -> 3.247e-03 8.363e-01
177(1) 76753556346.139 -> 2.166e-03 8.444e-01
178(1) 110789534028.141 -> 2.453e-03 8.481e-01
179(1) 72037563722.722 -> 4.100e-03 9.269e-01
180(1) 62515426566.210 -> 1.235e-03 8.191e-01
181(1) 67138116947.770 -> 1.657e-03 8.760e-01
182(1) 165426950756.812 -> 3.267e-03 9.942e-01
183(1) 140435704557.607 -> 1.872e-03 7.942e-01
184(1) 140391661541.313 -> 1.182e-03 8.097e-01
185(1) 36569578595.405 -> 2.553e-03 9.274e-01
186(1) 26207871950.420 -> 2.991e-03 8.847e-01
187(1) 121055210078.054 -> 7.702e-03 9.609e-01
188(1) 170580698461.512 -> 1.501e-03 8.215e-01
189(1) 114788359384.028 -> 3.166e-03 9.426e-01
190(1) 81562229575.624 -> 2.185e-03 8.804e-01
191(1) 49311998870.518 -> 1.300e-03 8.243e-01
192(1) 95048529952.071 -> 1.612e-03 8.357e-01
193(1) 70428470634.023 -> 5.812e-03 8.968e-01
194(1) 139331977764.043 -> 1.152e-03 7.347e-01
195(1) 73046393281.551 -> 1.962e-03 8.500e-01
196(1) 61954464999.955 -> 2.107e-03 8.813e-01
197(1) 59116571943.512 -> 3.017e-03 9.935e-01
198(1) 101522120039.599 -> 1.753e-03 7.971e-01
199(1) 133613429821.831 -> 1.999e-03 7.308e-01
200(1) 120073791267.397 -> 1.623e-03 8.278e-01
201(1) 105685025952.565 -> 1.677e-03 7.718e-01
202(1) 102876533818.842 -> 3.082e-03 8.055e-01
203(1) 107675651638.102 -> 5.679e-03 9.941e-01
204(1) 49683531606.593 -> 2.908e-03 8.685e-01
205(1) 139056935609.612 -> 2.325e-03 8.215e-01
206(1) 92998627919.649 -> 1.654e-03 8.196e-01
207(1) 119989182846.657 -> 2.331e-03 8.861e-01
208(1) 107435210582.933 -> 2.123e-03 8.040e-01
209(1) 114860449146.649 -> 2.771e-03 8.023e-01
210(1) 59825199720.347 -> 2.014e-03 7.748e-01
211(1) 78049535052.229 -> 3.739e-03 9.375e-01
212(1) 105747048540.351 -> 4.458e-03 9.982e-01
213(1) 119084077737.216 -> 2.077e-03 8.696e-01
214(1) 73506879525.158 -> 2.999e-03 8.597e-01
215(1) 122049135585.976 -> 1.938e-03 8.482e-01
216(1) 49108597933.185 -> 1.440e-03 8.329e-01
217(1) 118852940147.147 -> 1.627e-03 7.224e-01
218(1) 70033637026.573 -> 2.499e-03 8.571e-01
219(1) 111969964350.780 -> 5.058e-03 9.334e-01
220(1) 43962403904.295 -> 2.787e-03 8.619e-01
221(1) 73623564378.527 -> 2.553e-03 8.752e-01
222(1) 93866673295.827 -> 2.478e-03 9.128e-01
223(1) 127602997669.818 -> 2.645e-03 9.051e-01
224(1) 132862459396.116 -> 1.140e-03 7.724e-01
225(1) 86718541312.174 -> 2.913e-03 9.344e-01
226(1) 76946723747.477 -> 2.417e-03 8.574e-01
227(1) 96654834026.451 -> 1.853e-03 8.023e-01
228(1) 50014174243.376 -> 1.687e-03 7.747e-01
229(1) 66538492307.401 -> 2.802e-03 8.752e-01
230(1) 110605027766.290 -> 3.186e-03 8.255e-01
231(1) 81420121952.121 -> 2.000e-03 8.631e-01
232(1) 75028279058.154 -> 2.697e-03 8.714e-01
233(1) 66434627188.571 -> 3.182e-03 9.467e-01
234(1) 85683480583.414 -> 1.332e-03 7.273e-01
235(1) 94149636404.725 -> 2.703e-03 9.286e-01
236(1) 93695341677.572 -> 1.108e-03 8.535e-01
237(1) 154373397017.883 -> 4.350e-03 8.832e-01
238(1) 98760935176.588 -> 3.160e-03 9.312e-01
239(1) 144300745483.390 -> 2.379e-03 8.376e-01
240(1) 89770643376.160 -> 1.796e-03 8.306e-01
241(1) 90943093098.605 -> 2.059e-03 8.446e-01
242(1) 70227505920.810 -> 1.972e-03 8.032e-01
243(1) 99387947259.560 -> 3.572e-03 9.232e-01
244(1) 98698588406.694 -> 3.294e-03 9.062e-01
245(1) 154860522551.183 -> 3.855e-03 9.669e-01
246(1) 68926608953.045 -> 4.558e-03 9.370e-01
247(1) 102612931307.059 -> 2.411e-03 9.334e-01
248(1) 47182487696.139 -> 1.231e-03 7.656e-01
249(1) 63464826348.589 -> 4.321e-03 8.127e-01
250(1) 95677669043.898 -> 2.184e-03 9.319e-01
251(1) 64242821618.117 -> 2.930e-03 8.883e-01
252(1) 64930319676.259 -> 2.283e-03 8.970e-01
253(1) 99405399323.151 -> 3.832e-03 8.047e-01
254(1) 80654033786.418 -> 2.775e-03 9.057e-01
255(1) 94129537805.460 -> 2.232e-03 8.730e-01
256(1) 77000293755.606 -> 2.438e-03 8.598e-01
257(1) 117812899847.033 -> 2.112e-03 8.852e-01
258(1) 67135510791.427 -> 1.401e-03 7.340e-01
259(1) 67012954118.412 -> 4.157e-03 8.897e-01
260(1) 90343946287.922 -> 3.157e-03 9.012e-01
261(1) 135576217658.137 -> 1.089e-03 7.571e-01
262(1) 107985041272.834 -> 5.421e-03 8.724e-01
263(1) 67785011455.162 -> 4.553e-03 9.354e-01
264(1) 96254582292.904 -> 8.311e-04 7.008e-01
265(1) 111988057032.181 -> 3.858e-03 9.204e-01
266(1) 80183829153.623 -> 1.972e-03 8.585e-01
267(1) 129354943801.179 -> 1.968e-03 8.797e-01
268(1) 158258455728.474 -> 3.908e-03 9.649e-01
269(1) 134920186343.531 -> 3.474e-03 9.288e-01
270(1) 143805365005.832 -> 2.003e-03 8.489e-01
271(1) 67195548028.803 -> 2.974e-03 8.806e-01
272(1) 121498351296.374 -> 2.415e-03 8.082e-01
273(1) 97614247757.255 -> 2.009e-03 7.885e-01
274(1) 94654473665.800 -> 2.124e-03 7.704e-01
275(1) 55631448951.967 -> 2.170e-03 8.967e-01
276(1) 93761022698.270 -> 2.046e-03 8.429e-01
277(1) 98004903690.586 -> 2.394e-03 7.765e-01
278(1) 60627971207.529 -> 2.375e-03 8.810e-01
279(1) 92852136760.445 -> 5.210e-03 9.123e-01
280(1) 140582235618.940 -> 1.999e-03 8.266e-01
281(1) 92845500838.783 -> 4.349e-03 8.946e-01
282(1) 45644996385.549 -> 3.131e-03 8.312e-01
283(1) 58233054521.516 -> 2.869e-03 8.842e-01
284(1) 70241236228.069 -> 2.140e-03 8.413e-01
285(1) 111047965907.774 -> 3.397e-03 8.870e-01
286(1) 86340693030.207 -> 3.144e-03 8.956e-01
287(1) 122481427664.471 -> 3.921e-03 9.534e-01
288(1) 185832213094.854 -> 3.065e-03 8.928e-01
289(1) 128886389790.386 -> 2.909e-03 8.682e-01
290(1) 49597238049.749 -> 3.043e-03 9.079e-01
291(1) 50105225186.328 -> 1.635e-03 7.984e-01
292(1) 76166466190.568 -> 1.628e-03 8.678e-01
293(1) 82033538264.325 -> 3.394e-03 8.411e-01
294(1) 84263864510.372 -> 3.506e-03 8.534e-01
295(1) 95940404324.199 -> 2.727e-03 8.483e-01
296(1) 115464056741.534 -> 2.516e-03 8.576e-01
297(1) 62815960332.563 -> 2.878e-03 9.277e-01
298(1) 112391904783.834 -> 1.583e-03 7.982e-01
299(1) 133296986157.602 -> 1.563e-03 7.314e-01
300(1) 72430369468.181 -> 2.468e-03 8.844e-01
301(1) 80886590697.726 -> 3.093e-03 8.880e-01
302(1) 99155045693.260 -> 4.377e-03 8.869e-01
303(1) 56119558227.178 -> 4.520e-03 8.087e-01
304(1) 66579762844.971 -> 3.389e-03 8.884e-01
305(1) 159235278132.781 -> 1.607e-03 9.265e-01
306(1) 80354953464.425 -> 2.460e-03 7.107e-01
307(1) 127403706038.110 -> 2.648e-03 7.581e-01
308(1) 84854560175.300 -> 1.774e-03 8.726e-01
309(1) 86243850762.654 -> 2.757e-03 8.984e-01
310(1) 156193830157.964 -> 7.208e-03 1.000e+00
311(1) 75597243355.335 -> 7.078e-03 9.818e-01
312(1) 110177318718.109 -> 2.056e-03 8.094e-01
313(1) 89329380620.588 -> 1.676e-03 7.745e-01
314(1) 47850642302.280 -> 1.968e-03 8.530e-01
315(1) 135918294633.865 -> 1.663e-03 8.115e-01
316(1) 97313524982.517 -> 4.664e-03 1.000e+00
317(1) 61065685456.580 -> 1.441e-03 7.556e-01
318(1) 66194069438.428 -> 2.605e-03 7.243e-01
319(1) 107585033457.436 -> 2.868e-03 9.022e-01
320(1) 121934835364.552 -> 2.592e-03 9.320e-01
321(1) 105140765190.092 -> 1.380e-03 7.480e-01
322(1) 138700005366.513 -> 3.185e-03 9.556e-01
323(1) 167670404589.557 -> 2.446e-03 8.481e-01
324(1) 111424165060.655 -> 2.423e-03 8.034e-01
325(1) 154239523303.934 -> 3.831e-03 8.556e-01
326(1) 125917110810.902 -> 1.759e-03 8.875e-01
327(1) 141805558087.641 -> 1.045e-03 8.063e-01
328(1) 133867795040.043 -> 4.586e-03 1.000e+00
329(1) 121793440616.970 -> 2.220e-03 8.387e-01
330(1) 65203254456.872 -> 2.340e-03 9.085e-01
331(1) 162182571997.036 -> 3.309e-03 9.410e-01
332(1) 68699770484.683 -> 7.742e-03 1.000e+00
333(1) 77619188629.900 -> 3.060e-03 8.588e-01
334(1) 78457036774.376 -> 1.178e-03 8.708e-01
335(1) 106017544928.423 -> 2.658e-03 9.069e-01
336(1) 147588199974.576 -> 2.402e-03 8.315e-01
337(1) 186817182840.743 -> 7.663e-04 6.434e-01
338(1) 207878795106.108 -> 1.904e-03 7.813e-01
339(1) 132546312663.231 -> 2.540e-03 8.469e-01
340(1) 71461908674.453 -> 1.814e-03 7.625e-01
341(1) 128646829771.641 -> 2.559e-03 7.941e-01
342(1) 113018851251.297 -> 1.850e-03 8.457e-01
343(1) 98447131819.066 -> 4.706e-03 9.211e-01
344(1) 105799882817.524 -> 1.177e-03 8.109e-01
345(1) 125842636517.341 -> 2.220e-03 7.550e-01
346(1) 100177915197.697 -> 2.417e-03 8.557e-01
347(1) 67252147680.326 -> 8.771e-04 6.963e-01
348(1) 79017011346.653 -> 2.026e-03 9.633e-01
349(1) 103003366292.954 -> 1.861e-03 7.908e-01
350(1) 86971399266.593 -> 2.046e-03 9.113e-01
351(1) 122001268654.332 -> 3.153e-03 8.569e-01
352(1) 82511127646.205 -> 1.646e-03 8.101e-01
353(1) 88622850590.296 -> 4.549e-03 8.815e-01
354(1) 102695224247.742 -> 2.241e-03 8.502e-01
355(1) 100227188149.341 -> 2.656e-03 8.651e-01
356(1) 68008090542.691 -> 2.052e-03 9.064e-01
357(1) 89096501225.871 -> 1.588e-03 8.537e-01
358(1) 94709360561.947 -> 1.437e-03 8.061e-01
359(1) 132568087585.307 -> 2.846e-03 7.973e-01
360(1) 130309493842.728 -> 1.501e-03 7.588e-01
361(1) 31267335728.273 -> 2.827e-03 7.378e-01
362(1) 39540236816.167 -> 2.050e-03 8.922e-01
363(1) 72391113760.144 -> 4.892e-03 8.911e-01
364(1) 135780339942.349 -> 2.909e-03 8.748e-01
365(1) 49372940976.280 -> 2.762e-03 9.874e-01
366(1) 67007487534.759 -> 1.327e-03 7.746e-01
367(1) 153089841722.742 -> 6.784e-03 9.176e-01
368(1) 83780942823.899 -> 3.168e-03 9.219e-01
369(1) 108887423415.274 -> 2.309e-03 9.006e-01
370(1) 106676690188.587 -> 2.359e-03 7.731e-01
371(1) 124532411305.194 -> 1.760e-03 7.647e-01
372(1) 126954286150.266 -> 2.832e-03 9.316e-01
373(1) 102463468432.008 -> 2.954e-03 9.191e-01
374(1) 90232727994.273 -> 1.190e-03 7.510e-01
375(1) 85327785479.832 -> 1.824e-03 8.340e-01
376(1) 109460915447.663 -> 1.111e-03 7.884e-01
377(1) 44485695328.753 -> 1.614e-03 9.606e-01
378(1) 123622441858.725 -> 1.800e-03 9.067e-01
379(1) 139470295996.138 -> 3.429e-03 8.444e-01
380(1) 116221598908.548 -> 3.480e-03 8.155e-01
381(1) 53994154447.229 -> 2.506e-03 9.051e-01
382(1) 55819702091.082 -> 2.513e-03 8.622e-01
383(1) 70612050644.948 -> 3.956e-03 8.999e-01
384(1) 91936893901.555 -> 2.877e-03 8.966e-01
385(1) 64573515143.744 -> 1.797e-03 8.495e-01
386(1) 96254418422.259 -> 5.203e-03 9.751e-01
387(1) 34564474953.109 -> 3.452e-03 8.850e-01
388(1) 101816961839.443 -> 1.224e-03 7.923e-01
389(1) 52863176172.713 -> 2.131e-03 8.931e-01
390(1) 59227530136.968 -> 6.377e-03 9.874e-01
391(1) 137363808584.082 -> 2.925e-03 8.017e-01
392(1) 87576662962.477 -> 1.058e-03 7.352e-01
393(1) 57249295633.537 -> 2.673e-03 9.087e-01
394(1) 127976827378.237 -> 2.221e-03 8.593e-01
395(1) 92023184804.296 -> 1.988e-03 8.395e-01
396(1) 107694731360.997 -> 2.891e-03 8.825e-01
397(1) 99555892141.890 -> 1.032e-03 9.327e-01
398(1) 109364881740.646 -> 1.503e-03 7.398e-01
399(1) 71323157262.179 -> 1.529e-03 8.085e-01
400(1) 69694465757.700 -> 4.092e-03 7.693e-01
401(1) 107008487100.195 -> 2.766e-03 8.635e-01
402(1) 92262621245.620 -> 5.353e-03 9.357e-01
403(1) 96559896066.151 -> 1.435e-03 8.140e-01
404(1) 88767188691.901 -> 2.342e-03 8.219e-01
405(1) 132625146367.238 -> 1.971e-03 8.680e-01
406(1) 70676600097.284 -> 2.478e-03 8.632e-01
407(1) 50073985716.389 -> 1.355e-03 8.135e-01
408(1) 82803683856.113 -> 2.447e-03 8.210e-01
409(1) 29732201998.170 -> 1.380e-03 7.050e-01
410(1) 89090461123.473 -> 5.144e-03 7.861e-01
411(1) 62487206323.628 -> 2.708e-03 9.070e-01
412(1) 96540610720.301 -> 5.199e-03 9.387e-01
413(1) 107074773887.386 -> 2.526e-03 8.149e-01
414(1) 75804880013.369 -> 3.536e-03 9.237e-01
415(1) 114834892975.436 -> 1.882e-03 8.678e-01
416(1) 64246436037.310 -> 2.539e-03 9.167e-01
417(1) 107391692160.737 -> 1.744e-03 7.384e-01
418(1) 143382516565.112 -> 3.574e-03 9.999e-01
419(1) 63857922590.315 -> 7.823e-03 9.486e-01
420(1) 113532755191.215 -> 2.069e-03 7.906e-01
421(1) 138043082900.077 -> 1.984e-03 8.838e-01
422(1) 61690226640.542 -> 1.100e-03 6.722e-01
423(1) 93693210600.365 -> 1.055e-03 7.735e-01
424(1) 99781723657.800 -> 2.466e-03 9.051e-01
425(1) 122745744549.833 -> 1.046e-03 7.479e-01
426(1) 88629273630.462 -> 2.078e-03 6.524e-01
427(1) 113027742543.186 -> 3.205e-03 8.398e-01
428(1) 140799359677.361 -> 3.785e-03 9.522e-01
429(1) 85544979009.647 -> 3.286e-03 9.393e-01
430(1) 72103908844.942 -> 2.429e-03 8.894e-01
431(1) 94496769867.330 -> 3.823e-03 1.000e+00
432(1) 36214405851.266 -> 5.606e-03 9.628e-01
433(1) 196311640656.166 -> 2.470e-03 8.776e-01
434(1) 141056124748.867 -> 3.971e-03 9.436e-01
435(1) 126484818066.265 -> 1.083e-03 7.535e-01
436(1) 47629593255.348 -> 3.143e-03 9.265e-01
437(1) 88877271584.435 -> 3.371e-03 9.180e-01
438(1) 50392151753.465 -> 3.974e-03 9.077e-01
439(1) 68032906552.152 -> 2.880e-03 9.047e-01
440(1) 115826437852.649 -> 4.639e-03 8.689e-01
441(1) 74882983342.907 -> 2.528e-03 9.295e-01
442(1) 64041053625.092 -> 1.778e-03 8.066e-01
443(1) 75904575652.416 -> 1.399e-03 8.628e-01
444(1) 107928577365.981 -> 1.788e-03 8.676e-01
445(1) 98524786565.798 -> 3.006e-03 9.868e-01
446(1) 25022109833.911 -> 1.233e-03 6.920e-01
447(1) 69113740989.731 -> 3.944e-03 8.212e-01
448(1) 133329980715.489 -> 1.361e-03 8.222e-01
449(1) 164328325801.530 -> 2.507e-03 9.955e-01
450(1) 50870078287.967 -> 1.847e-03 7.893e-01
451(1) 77524833151.027 -> 2.458e-03 8.096e-01
452(1) 84685057985.074 -> 2.593e-03 8.654e-01
453(1) 158859695908.207 -> 3.734e-03 9.220e-01
454(1) 136997447639.208 -> 3.037e-03 8.502e-01
455(1) 37055631761.321 -> 1.531e-03 8.156e-01
456(1) 63823698912.328 -> 2.929e-03 9.268e-01
457(1) 58124976018.770 -> 2.251e-03 8.203e-01
458(1) 128277582426.508 -> 2.182e-03 7.603e-01
459(1) 54045561879.617 -> 2.181e-03 8.810e-01
460(1) 129724149526.689 -> 2.853e-03 8.090e-01
461(1) 167899384381.291 -> 1.698e-03 8.164e-01
462(1) 81950044912.747 -> 3.027e-03 8.782e-01
463(1) 103819243958.787 -> 3.459e-03 9.255e-01
464(1) 115981207625.062 -> 3.694e-03 7.376e-01
465(1) 51978921160.776 -> 2.342e-03 7.900e-01
466(1) 42366313347.361 -> 3.080e-03 8.162e-01
467(1) 132394030490.306 -> 4.062e-03 8.979e-01
468(1) 123007967522.566 -> 2.014e-03 7.589e-01
469(1) 108544896480.372 -> 2.956e-03 7.759e-01
470(1) 102950261130.367 -> 2.334e-03 8.765e-01
471(1) 75953023094.943 -> 3.089e-03 8.035e-01
472(1) 75601279956.373 -> 1.784e-03 8.238e-01
473(1) 61009513048.254 -> 6.631e-03 7.851e-01
474(1) 79386059681.771 -> 2.133e-03 9.072e-01
475(1) 80771380243.858 -> 3.989e-03 9.440e-01
476(1) 173339870094.429 -> 2.580e-03 8.454e-01
477(1) 79434793823.732 -> 1.402e-03 7.575e-01
478(1) 94379344190.018 -> 2.349e-03 8.774e-01
479(1) 71353033516.167 -> 2.963e-03 9.145e-01
480(1) 94788850455.056 -> 3.931e-03 9.023e-01
481(1) 97978838006.064 -> 2.349e-03 8.665e-01
482(1) 24640538974.346 -> 3.411e-03 8.943e-01
483(1) 123849864087.463 -> 7.754e-04 7.245e-01
484(1) 149008110879.228 -> 3.802e-03 8.439e-01
485(1) 110372417295.880 -> 3.548e-03 9.343e-01
486(1) 116843233858.385 -> 3.334e-03 8.040e-01
487(1) 82351555554.073 -> 2.421e-03 9.371e-01
488(1) 34339458890.572 -> 1.591e-03 8.207e-01
489(1) 74443679438.305 -> 2.380e-03 8.574e-01
490(1) 103694453465.390 -> 2.761e-03 8.104e-01
491(1) 107495259704.003 -> 3.277e-03 9.082e-01
492(1) 103898806112.356 -> 4.143e-03 9.355e-01
493(1) 77202571222.072 -> 6.373e-03 7.908e-01
494(1) 79254678253.038 -> 2.583e-03 8.576e-01
495(1) 111209403757.344 -> 3.393e-03 9.481e-01
496(1) 81427710211.992 -> 5.393e-03 8.659e-01
497(1) 121502980991.905 -> 3.120e-03 8.927e-01
498(1) 67774430293.547 -> 2.800e-03 8.825e-01
499(1) 94189304663.856 -> 4.067e-03 8.838e-01
500(1) 51752189989.434 -> 3.054e-03 8.725e-01
501(1) 84139992149.585 -> 3.950e-03 8.804e-01
502(1) 54052046089.535 -> 2.538e-03 8.712e-01
503(1) 71722107279.999 -> 4.156e-03 8.439e-01
504(1) 111104427308.550 -> 2.760e-03 8.203e-01
505(1) 149961537667.083 -> 8.199e-04 6.738e-01
506(1) 92415264581.601 -> 4.338e-03 9.384e-01
507(1) 46698291438.680 -> 3.610e-03 8.495e-01
508(1) 81532807784.330 -> 3.235e-03 9.309e-01
509(1) 108623318718.578 -> 3.090e-03 8.951e-01
510(1) 42166820444.006 -> 3.416e-03 1.000e+00
511(1) 96499378500.363 -> 3.723e-03 9.447e-01
512(1) 94280411868.787 -> 3.167e-03 9.181e-01
513(1) 73643736592.626 -> 3.067e-03 9.117e-01
514(1) 152515901772.984 -> 1.742e-03 9.115e-01
515(1) 56784090478.805 -> 4.044e-03 9.217e-01
516(1) 113969945419.978 -> 2.921e-03 9.367e-01
517(1) 96646169604.969 -> 2.143e-03 7.738e-01
518(1) 76672752092.521 -> 2.147e-03 8.619e-01
519(1) 137088178908.398 -> 3.382e-03 9.410e-01
520(1) 74964261902.753 -> 2.452e-03 8.936e-01
521(1) 81953112398.191 -> 1.814e-03 8.247e-01
522(1) 87132836486.166 -> 2.134e-03 8.520e-01
523(1) 132061727017.294 -> 1.450e-03 7.373e-01
524(1) 93435606257.194 -> 5.238e-03 8.653e-01
525(1) 51882381813.455 -> 2.007e-03 8.745e-01
526(1) 155873064493.007 -> 3.791e-03 9.699e-01
527(1) 100293996529.593 -> 2.009e-03 8.929e-01
528(1) 95828379455.148 -> 4.179e-03 9.524e-01
529(1) 101064626971.814 -> 2.666e-03 8.347e-01
530(1) 117018735856.888 -> 2.618e-03 7.841e-01
531(1) 113719669501.750 -> 1.701e-03 8.565e-01
532(1) 97310718589.342 -> 1.497e-03 7.636e-01
533(1) 109849617394.192 -> 4.151e-03 9.499e-01
534(1) 79466981413.479 -> 5.368e-03 8.981e-01
535(1) 117740625927.069 -> 4.592e-03 8.756e-01
536(1) 59667693865.256 -> 2.980e-03 8.552e-01
537(1) 97298434622.020 -> 2.099e-03 8.013e-01
538(1) 120225111579.509 -> 3.293e-03 8.127e-01
539(1) 96362364072.878 -> 3.610e-03 8.295e-01
540(1) 76630429946.790 -> 3.050e-03 9.635e-01
541(1) 153211454063.403 -> 2.174e-03 7.701e-01
542(1) 100323154269.714 -> 2.342e-03 8.781e-01
543(1) 121662307388.909 -> 2.177e-03 7.774e-01
544(1) 83873681492.905 -> 3.266e-03 8.300e-01
545(1) 85379560809.086 -> 2.429e-03 8.511e-01
546(1) 87703446342.349 -> 2.419e-03 9.161e-01
547(1) 119559627029.058 -> 5.111e-03 1.000e+00
548(1) 74776259879.471 -> 1.461e-03 8.558e-01
549(1) 65611177830.016 -> 1.479e-03 9.711e-01
550(1) 126397290169.033 -> 5.407e-03 8.963e-01
551(1) 149542013765.582 -> 3.129e-03 9.370e-01
552(1) 94891617857.211 -> 2.741e-03 8.476e-01
553(1) 111272574223.329 -> 2.634e-03 9.054e-01
554(1) 146574781527.288 -> 3.245e-03 8.690e-01
555(1) 63185270554.382 -> 2.777e-03 9.017e-01
556(1) 81680377935.048 -> 3.701e-03 7.227e-01
557(1) 31359394555.257 -> 2.509e-03 8.954e-01
558(1) 87277147654.592 -> 1.927e-03 8.548e-01
559(1) 134366560738.513 -> 1.885e-03 8.802e-01
560(1) 68458918979.993 -> 2.048e-03 8.140e-01
561(1) 68413455622.892 -> 3.448e-03 8.078e-01
562(1) 34747031099.195 -> 1.817e-03 8.514e-01
563(1) 37610546497.517 -> 3.192e-03 9.094e-01
564(1) 67231183380.270 -> 2.821e-03 9.058e-01
565(1) 106555147917.024 -> 6.874e-03 9.999e-01
566(1) 122798962108.745 -> 3.122e-03 8.991e-01
567(1) 164250690144.508 -> 2.511e-03 8.108e-01
568(1) 105487255938.127 -> 5.006e-03 7.975e-01
569(1) 99687146511.746 -> 5.653e-03 9.615e-01
570(1) 58773046363.489 -> 3.607e-03 8.142e-01
571(1) 112476683004.309 -> 2.254e-03 8.937e-01
572(1) 43067739548.110 -> 5.199e-03 9.224e-01
573(1) 42316283652.578 -> 1.290e-03 7.383e-01
574(1) 179786436898.393 -> 3.293e-03 8.617e-01
575(1) 62152222485.721 -> 3.045e-03 9.355e-01
576(1) 106269147150.632 -> 2.684e-03 9.117e-01
577(1) 106614752482.642 -> 1.910e-03 8.469e-01
578(1) 30923531302.147 -> 2.493e-03 8.892e-01
579(1) 103811800811.322 -> 2.186e-03 8.670e-01
580(1) 88917711808.299 -> 2.532e-03 8.491e-01
581(1) 72902619514.442 -> 1.434e-03 8.391e-01
582(1) 82392566227.985 -> 4.351e-03 9.425e-01
583(1) 152568968234.238 -> 2.892e-03 7.378e-01
584(1) 54222664736.506 -> 3.980e-03 8.578e-01
585(1) 56148924979.813 -> 2.872e-03 8.094e-01
586(1) 76256545057.575 -> 2.483e-03 8.634e-01
587(1) 135673122799.859 -> 3.528e-03 8.219e-01
588(1) 118326622345.314 -> 3.451e-03 9.825e-01
589(1) 72507690369.042 -> 1.733e-03 7.542e-01
590(1) 49788596380.484 -> 1.219e-03 9.262e-01
591(1) 134151087588.832 -> 2.446e-03 8.236e-01
592(1) 96773602886.137 -> 3.032e-03 9.506e-01
593(1) 103167203868.740 -> 2.061e-03 8.737e-01
594(1) 87077620374.478 -> 1.604e-03 9.071e-01
595(1) 114007555696.935 -> 3.300e-03 9.000e-01
596(1) 125803246760.627 -> 2.119e-03 8.000e-01
597(1) 102062802156.935 -> 2.279e-03 8.237e-01
598(1) 116440107923.918 -> 2.274e-03 7.728e-01
599(1) 104564905937.590 -> 1.645e-03 8.318e-01
600(1) 43683363293.751 -> 2.970e-03 8.696e-01
601(1) 56607146208.065 -> 2.469e-03 7.325e-01
602(1) 70050703216.248 -> 3.038e-03 7.947e-01
603(1) 137839174573.745 -> 2.868e-03 8.431e-01
604(1) 90907783226.799 -> 4.128e-03 9.733e-01
605(1) 33279247057.085 -> 2.884e-03 8.625e-01
606(1) 129545166225.109 -> 2.213e-03 7.907e-01
607(1) 52403350424.904 -> 2.741e-03 9.014e-01
608(1) 77599659672.443 -> 1.868e-03 8.512e-01
609(1) 95461962984.428 -> 2.062e-03 8.033e-01
610(1) 77675472258.444 -> 1.858e-03 7.915e-01
611(1) 60340267780.716 -> 6.800e-03 1.000e+00
612(1) 144504874175.793 -> 4.321e-03 1.000e+00
613(1) 59114990893.967 -> 3.441e-03 8.662e-01
614(1) 110400456962.008 -> 1.464e-03 7.970e-01
615(1) 67757710354.810 -> 1.803e-03 8.451e-01
616(1) 73034337129.541 -> 3.026e-03 9.971e-01
617(1) 131201935800.933 -> 2.577e-03 8.828e-01
618(1) 175243585236.888 -> 2.973e-03 8.115e-01
619(1) 106336720765.995 -> 9.212e-04 6.450e-01
620(1) 84687630901.336 -> 1.907e-03 8.826e-01
621(1) 46985325119.645 -> 2.094e-03 8.078e-01
622(1) 50208449152.784 -> 2.412e-03 8.835e-01
623(1) 71496553064.067 -> 2.444e-03 8.171e-01
624(1) 109758526447.831 -> 1.830e-03 7.781e-01
625(1) 164698590922.383 -> 2.448e-03 8.902e-01
626(1) 162407425057.189 -> 5.752e-03 1.000e+00
627(1) 59723039773.872 -> 1.942e-03 7.736e-01
628(1) 187857611737.956 -> 1.414e-03 8.688e-01
629(1) 132416503650.919 -> 8.567e-04 7.467e-01
630(1) 76348240447.454 -> 3.497e-03 9.087e-01
631(1) 121311026315.394 -> 1.969e-03 8.377e-01
632(1) 121504358493.270 -> 1.813e-03 7.595e-01
633(1) 138503574987.129 -> 2.436e-03 7.795e-01
634(1) 79053761058.369 -> 2.612e-03 9.084e-01
635(1) 116082662729.567 -> 4.019e-03 8.582e-01
636(1) 78725298599.843 -> 3.659e-03 8.809e-01
637(1) 118107502191.540 -> 1.332e-03 6.990e-01
638(1) 83388326516.832 -> 2.997e-03 8.333e-01
639(1) 90687140814.077 -> 4.593e-03 8.639e-01
640(1) 89286081774.600 -> 5.296e-03 9.088e-01
641(1) 67579992102.396 -> 6.215e-03 9.731e-01
642(1) 65075783727.766 -> 1.911e-03 8.242e-01
643(1) 55913050956.313 -> 1.178e-03 8.166e-01
644(1) 77126068596.495 -> 4.673e-03 9.041e-01
645(1) 59155024446.029 -> 2.545e-03 7.628e-01
646(1) 76171800441.593 -> 4.919e-03 9.163e-01
647(1) 84027091996.404 -> 1.548e-03 7.872e-01
648(1) 79299522245.805 -> 1.925e-03 8.458e-01
649(1) 152314288780.576 -> 2.258e-03 9.411e-01
650(1) 120677421802.066 -> 1.802e-03 7.017e-01
651(1) 105867366891.981 -> 2.608e-03 9.181e-01
652(1) 106923511865.976 -> 3.013e-03 9.254e-01
653(1) 104893752751.768 -> 5.826e-03 1.000e+00
654(1) 78516130683.717 -> 2.216e-03 7.986e-01
655(1) 221852129473.289 -> 1.450e-03 7.239e-01
656(1) 108021681302.650 -> 2.313e-03 7.583e-01
657(1) 64340899747.374 -> 8.570e-03 9.882e-01
658(1) 70402445601.320 -> 1.783e-03 9.568e-01
659(1) 68578392809.303 -> 7.998e-03 1.000e+00
660(1) 96290168742.184 -> 4.671e-03 9.272e-01
661(1) 114791260610.818 -> 2.783e-03 7.745e-01
662(1) 97897648550.999 -> 2.963e-03 7.727e-01
663(1) 139962968503.624 -> 3.194e-03 8.587e-01
664(1) 102537386389.188 -> 5.833e-03 9.681e-01
665(1) 123238996569.083 -> 2.022e-03 8.125e-01
666(1) 59760892638.594 -> 2.818e-03 8.326e-01
667(1) 141599554424.774 -> 4.494e-03 8.490e-01
668(1) 142109602604.678 -> 2.850e-03 8.898e-01
669(1) 173284215456.285 -> 4.051e-03 8.816e-01
670(1) 92167788327.686 -> 1.865e-03 8.471e-01
671(1) 158749367236.514 -> 2.227e-03 7.350e-01
672(1) 49273624845.003 -> 2.251e-03 8.764e-01
673(1) 130094952694.328 -> 8.946e-03 9.727e-01
674(1) 57654278757.776 -> 2.945e-03 8.249e-01
675(1) 140211631506.113 -> 3.029e-03 8.899e-01
676(1) 51845092466.927 -> 3.475e-03 9.302e-01
677(1) 84343193144.150 -> 1.656e-03 9.195e-01
678(1) 180445091253.024 -> 1.606e-03 8.325e-01
679(1) 92940750101.270 -> 2.935e-03 8.197e-01
680(1) 99944987635.117 -> 2.128e-03 8.771e-01
681(1) 45709464198.348 -> 7.817e-04 7.105e-01
682(1) 128233933626.171 -> 2.069e-03 9.225e-01
683(1) 101896061356.154 -> 1.744e-03 8.143e-01
684(1) 99037386342.516 -> 2.494e-03 8.556e-01
685(1) 147480442623.869 -> 2.114e-03 8.607e-01
686(1) 160623633400.822 -> 2.605e-03 8.602e-01
687(1) 103226695565.333 -> 4.234e-03 9.377e-01
688(1) 79614281553.097 -> 2.374e-03 7.762e-01
689(1) 104126766888.574 -> 1.443e-03 8.450e-01
690(1) 68832816151.519 -> 2.547e-03 8.586e-01
691(1) 99430667971.383 -> 2.433e-03 8.593e-01
692(1) 113875362100.269 -> 2.151e-03 8.056e-01
693(1) 163202697617.681 -> 2.070e-03 8.338e-01
694(1) 107674056801.388 -> 1.389e-03 7.812e-01
695(1) 183083680406.871 -> 2.275e-03 8.577e-01
696(1) 99388193688.678 -> 4.046e-03 8.841e-01
697(1) 99082565199.468 -> 7.971e-03 9.785e-01
698(1) 56329744603.660 -> 2.130e-03 7.818e-01
699(1) 84573322023.741 -> 1.618e-03 8.445e-01
700(1) 137580201250.828 -> 2.844e-03 8.040e-01
701(1) 48319615780.501 -> 1.986e-03 8.813e-01
702(1) 163603207642.458 -> 3.018e-03 7.532e-01
703(1) 115018447859.554 -> 2.061e-03 8.926e-01
704(1) 106871702292.760 -> 1.826e-03 9.104e-01
705(1) 107907486872.862 -> 5.532e-03 9.457e-01
706(1) 78532150344.983 -> 2.589e-03 8.777e-01
707(1) 59154116845.996 -> 1.980e-03 8.122e-01
708(1) 58482249561.811 -> 1.362e-03 9.112e-01
709(1) 159390186600.427 -> 2.443e-03 8.792e-01
710(1) 98392536691.752 -> 1.891e-03 7.603e-01
711(1) 119008614196.554 -> 6.793e-04 7.054e-01
712(1) 84865049876.990 -> 4.204e-03 1.000e+00
713(1) 83024338511.738 -> 2.199e-03 8.016e-01
714(1) 92977209259.895 -> 2.495e-03 8.146e-01
715(1) 74907288125.037 -> 1.658e-03 8.164e-01
716(1) 95591102797.612 -> 1.938e-03 8.150e-01
717(1) 91729676667.610 -> 2.340e-03 8.981e-01
718(1) 45024865897.903 -> 1.821e-03 8.598e-01
719(1) 89729188177.903 -> 1.878e-03 7.295e-01
720(1) 106291694669.053 -> 7.135e-03 8.603e-01
721(1) 120413957291.445 -> 1.893e-03 8.583e-01
722(1) 49363062380.600 -> 4.028e-03 9.649e-01
723(1) 87449226326.526 -> 1.640e-03 9.205e-01
724(1) 78071069923.810 -> 1.172e-03 8.625e-01
725(1) 82114404702.557 -> 2.083e-03 8.946e-01
726(1) 94240923318.006 -> 2.904e-03 9.104e-01
727(1) 160722206652.586 -> 6.375e-03 9.350e-01
728(1) 194935191053.156 -> 3.037e-03 1.000e+00
729(1) 178200305938.375 -> 2.467e-03 8.083e-01
730(1) 42938044791.664 -> 1.974e-03 8.080e-01
731(1) 129943553704.436 -> 1.324e-03 7.436e-01
732(1) 59181141413.360 -> 1.803e-03 7.991e-01
733(1) 22193339396.456 -> 2.012e-03 8.168e-01
734(1) 98928164348.592 -> 1.271e-03 6.317e-01
735(1) 71973392479.513 -> 1.324e-03 7.383e-01
736(1) 114420113028.795 -> 2.239e-03 9.172e-01
737(1) 116262812567.681 -> 3.373e-03 8.827e-01
738(1) 65731653257.912 -> 3.229e-03 8.381e-01
739(1) 138477357881.127 -> 2.062e-03 8.919e-01
740(1) 100775629078.530 -> 4.912e-03 8.915e-01
741(1) 131159344341.977 -> 2.407e-03 8.859e-01
742(1) 113656851367.007 -> 3.096e-03 9.655e-01
743(1) 59365812964.130 -> 3.238e-03 9.999e-01
744(1) 81144101838.125 -> 3.134e-03 8.954e-01
745(1) 147138305837.888 -> 2.381e-03 8.550e-01
746(1) 151144918018.230 -> 1.291e-03 8.247e-01
747(1) 101348041134.947 -> 2.175e-03 7.662e-01
748(1) 110695078142.255 -> 3.692e-03 8.578e-01
749(1) 121431303298.181 -> 3.267e-03 9.467e-01
750(1) 59414300007.614 -> 1.776e-03 7.717e-01
751(1) 90546315803.254 -> 3.147e-03 9.434e-01
752(1) 131834062429.386 -> 4.297e-03 9.501e-01
753(1) 97667642924.966 -> 4.566e-03 9.280e-01
754(1) 120447400264.996 -> 2.501e-03 6.804e-01
755(1) 83260528522.994 -> 1.291e-03 8.187e-01
756(1) 130081786993.833 -> 8.387e-03 1.000e+00
757(1) 104853757876.999 -> 1.563e-03 8.020e-01
758(1) 127251560324.327 -> 1.908e-03 9.598e-01
759(1) 56383494470.955 -> 2.364e-03 7.533e-01
760(1) 25509383972.280 -> 2.155e-03 8.718e-01
761(1) 94854467102.638 -> 3.436e-03 9.051e-01
762(1) 91353913008.218 -> 2.142e-03 8.616e-01
763(1) 87191338287.105 -> 3.560e-03 9.159e-01
764(1) 101848045721.380 -> 3.691e-03 8.581e-01
765(1) 76234182930.624 -> 2.239e-03 8.663e-01
766(1) 99708533157.950 -> 2.999e-03 9.160e-01
767(1) 91998375076.822 -> 1.494e-03 8.357e-01
768(1) 74642234655.382 -> 1.570e-03 8.676e-01
769(1) 66147420834.742 -> 3.368e-03 9.682e-01
770(1) 112139907818.066 -> 7.834e-04 7.262e-01
771(1) 84395416320.542 -> 2.750e-03 7.362e-01
772(1) 106481239055.872 -> 1.712e-03 7.663e-01
773(1) 122450405630.260 -> 3.288e-03 9.290e-01
774(1) 153541845487.240 -> 2.679e-03 7.929e-01
775(1) 120201729619.081 -> 2.856e-03 8.733e-01
776(1) 85751507615.634 -> 3.521e-03 8.813e-01
777(1) 130097387411.387 -> 2.497e-03 9.177e-01
778(1) 86282565457.503 -> 1.815e-03 8.278e-01
779(1) 58528259179.795 -> 2.652e-03 8.900e-01
780(1) 154669836395.366 -> 2.270e-03 8.083e-01
781(1) 144478525391.866 -> 1.361e-03 7.564e-01
782(1) 125283454007.703 -> 3.381e-03 9.161e-01
783(1) 80505237089.299 -> 2.561e-03 8.792e-01
784(1) 52075220938.671 -> 6.645e-03 8.718e-01
785(1) 77104072154.262 -> 3.349e-03 8.708e-01
786(1) 143541143837.179 -> 2.683e-03 8.257e-01
787(1) 77100298074.409 -> 1.751e-03 8.663e-01
788(1) 101029710212.423 -> 1.759e-03 7.125e-01
789(1) 92773061638.677 -> 2.646e-03 9.048e-01
790(1) 62226532952.930 -> 3.035e-03 7.797e-01
791(1) 99778445858.057 -> 6.148e-03 9.683e-01
792(1) 131166959088.293 -> 2.597e-03 8.735e-01
793(1) 103951894292.217 -> 5.435e-03 8.333e-01
794(1) 70769723143.223 -> 1.994e-03 7.601e-01
795(1) 139310680925.850 -> 1.956e-03 7.756e-01
796(1) 61882791458.646 -> 1.487e-03 9.013e-01
797(1) 87229299523.881 -> 1.993e-03 8.385e-01
798(1) 87762251366.188 -> 3.055e-03 8.254e-01
799(1) 56567987354.715 -> 1.997e-03 7.252e-01
800(1) 71058549344.549 -> 1.901e-03 7.832e-01
801(1) 101427370934.734 -> 3.973e-03 9.750e-01
802(1) 123189053373.327 -> 1.762e-03 8.929e-01
803(1) 152030643949.484 -> 9.678e-04 8.270e-01
804(1) 138372159718.124 -> 3.472e-03 9.855e-01
805(1) 65340653538.299 -> 2.676e-03 7.958e-01
806(1) 141786857319.488 -> 1.332e-03 7.654e-01
807(1) 71861854082.408 -> 2.009e-03 8.000e-01
808(1) 80309036953.400 -> 4.123e-03 1.000e+00
809(1) 93429227084.390 -> 2.792e-03 8.627e-01
810(1) 88839261887.531 -> 7.879e-04 7.920e-01
811(1) 109137938209.412 -> 1.934e-03 9.462e-01
812(1) 149524469425.741 -> 1.734e-03 7.835e-01
813(1) 113272764673.219 -> 3.530e-03 8.330e-01
814(1) 82878823793.015 -> 1.177e-03 7.552e-01
815(1) 137966621380.952 -> 1.955e-03 8.704e-01
816(1) 121214818188.164 -> 2.469e-03 8.939e-01
817(1) 61366841046.227 -> 2.954e-03 8.890e-01
818(1) 70403120495.077 -> 4.890e-03 9.446e-01
819(1) 84196660710.302 -> 5.179e-03 9.399e-01
820(1) 132910909891.205 -> 5.732e-03 9.622e-01
821(1) 83972287039.662 -> 2.638e-03 7.521e-01
822(1) 130465000739.259 -> 4.830e-03 9.473e-01
823(1) 28885122688.199 -> 1.897e-03 8.371e-01
824(1) 89020648217.118 -> 4.725e-03 9.353e-01
825(1) 142521344993.427 -> 1.892e-03 7.841e-01
826(1) 98303394237.347 -> 3.116e-03 9.345e-01
827(1) 113795245690.322 -> 1.480e-03 8.401e-01
828(1) 89066565695.793 -> 3.096e-03 8.591e-01
829(1) 163213268360.260 -> 3.466e-03 8.936e-01
830(1) 58244966657.952 -> 1.819e-03 8.235e-01
831(1) 100849904354.986 -> 8.786e-04 6.582e-01
832(1) 76744103730.209 -> 1.782e-03 8.002e-01
833(1) 92412061367.213 -> 1.224e-03 7.549e-01
834(1) 56820600021.403 -> 2.778e-03 7.248e-01
835(1) 49726840472.011 -> 2.827e-03 8.459e-01
836(1) 79766472971.638 -> 3.748e-03 9.167e-01
837(1) 124774629861.066 -> 2.661e-03 8.838e-01
838(1) 71806303658.000 -> 1.928e-03 8.934e-01
839(1) 107433183852.833 -> 1.727e-03 7.425e-01
840(1) 66833652329.950 -> 7.912e-04 6.994e-01
841(1) 95432178544.513 -> 2.154e-03 8.506e-01
842(1) 59568269112.754 -> 1.438e-03 8.833e-01
843(1) 119267364057.526 -> 2.217e-03 8.568e-01
844(1) 114014364751.428 -> 3.175e-03 9.725e-01
845(1) 57341024989.100 -> 2.479e-03 9.049e-01
846(1) 99032071605.662 -> 1.959e-03 8.463e-01
847(1) 82128323682.751 -> 2.045e-03 8.220e-01
848(1) 50832054461.985 -> 5.894e-03 8.114e-01
849(1) 39543204804.937 -> 3.690e-03 9.307e-01
850(1) 143875271924.721 -> 3.698e-03 8.276e-01
851(1) 79762182848.804 -> 1.480e-03 7.567e-01
852(1) 31218742155.993 -> 5.485e-03 8.716e-01
853(1) 91643914797.601 -> 1.338e-03 8.330e-01
854(1) 101724261449.756 -> 3.516e-03 8.716e-01
855(1) 84790673188.974 -> 9.531e-03 9.971e-01
856(1) 83879192307.311 -> 3.353e-03 8.885e-01
857(1) 114367435075.049 -> 2.364e-03 7.407e-01
858(1) 115695572813.396 -> 3.869e-03 9.575e-01
859(1) 71167123016.774 -> 7.312e-04 7.987e-01
860(1) 107549543369.622 -> 2.307e-03 9.108e-01
861(1) 79025922195.571 -> 2.597e-03 8.611e-01
862(1) 91736837907.597 -> 1.091e-03 7.408e-01
863(1) 80389555808.728 -> 1.701e-03 8.132e-01
864(1) 88994330998.171 -> 2.772e-03 8.126e-01
865(1) 126764654999.909 -> 2.538e-03 7.987e-01
866(1) 107800490808.717 -> 3.028e-03 9.586e-01
867(1) 76122979802.621 -> 1.644e-03 7.349e-01
868(1) 117708441728.225 -> 4.374e-03 7.708e-01
869(1) 38739936395.996 -> 1.700e-03 8.641e-01
870(1) 100058971818.232 -> 1.042e-02 1.000e+00
871(1) 86171969660.992 -> 3.807e-03 9.391e-01
872(1) 88088228079.557 -> 1.945e-03 8.333e-01
873(1) 128706398116.442 -> 2.297e-03 8.512e-01
874(1) 153774360547.217 -> 3.002e-03 8.661e-01
875(1) 90061041980.133 -> 8.999e-03 9.048e-01
876(1) 102933260283.654 -> 3.771e-03 9.316e-01
877(1) 146291747469.447 -> 3.746e-03 9.364e-01
878(1) 89145762331.151 -> 3.291e-03 9.049e-01
879(1) 117798757610.244 -> 2.138e-03 7.444e-01
880(1) 52334757051.691 -> 3.308e-03 1.000e+00
881(1) 108795072913.818 -> 2.300e-03 8.658e-01
882(1) 128881815700.495 -> 2.767e-03 8.290e-01
883(1) 14021408509.801 -> 2.643e-03 8.968e-01
884(1) 68893918296.646 -> 2.368e-03 9.159e-01
885(1) 157785375594.867 -> 2.749e-03 8.617e-01
886(1) 81770638133.979 -> 1.459e-03 8.484e-01
887(1) 118956832750.202 -> 1.826e-03 9.173e-01
888(1) 98443568618.798 -> 1.455e-03 7.609e-01
889(1) 52587465363.028 -> 3.318e-03 9.492e-01
890(1) 120793699986.049 -> 2.022e-03 8.723e-01
891(1) 102773346292.073 -> 2.453e-03 8.511e-01
892(1) 56974287961.612 -> 2.970e-03 9.573e-01
893(1) 162633245118.678 -> 2.114e-03 8.090e-01
894(1) 85585080661.102 -> 2.958e-03 8.815e-01
895(1) 82274249118.611 -> 2.229e-03 8.161e-01
896(1) 89201872110.656 -> 3.481e-03 8.743e-01
897(1) 46205734393.008 -> 1.900e-03 8.066e-01
898(1) 115960006919.621 -> 1.486e-03 8.371e-01
899(1) 69084063922.330 -> 2.713e-03 7.796e-01
900(1) 82562904669.980 -> 2.378e-03 8.441e-01
901(1) 67014586846.474 -> 1.877e-03 8.039e-01
902(1) 143213049096.031 -> 2.173e-03 8.578e-01
903(1) 61863797336.221 -> 3.183e-03 8.871e-01
904(1) 98735551635.285 -> 5.015e-03 1.000e+00
905(1) 67960997237.690 -> 3.843e-03 8.854e-01
906(1) 50786372824.835 -> 8.484e-03 1.000e+00
907(1) 157867931230.263 -> 2.055e-03 8.079e-01
908(1) 108942933854.527 -> 2.595e-03 9.117e-01
909(1) 111743157551.305 -> 5.280e-03 9.368e-01
910(1) 116865269683.601 -> 5.446e-03 8.406e-01
911(1) 185192738150.746 -> 3.200e-03 7.997e-01
912(1) 95176085713.836 -> 2.227e-03 8.337e-01
913(1) 74387711821.552 -> 6.665e-03 9.983e-01
914(1) 86238737898.771 -> 1.166e-03 7.213e-01
915(1) 47275050777.104 -> 1.081e-03 6.586e-01
916(1) 76846879861.351 -> 1.668e-03 7.479e-01
917(1) 97321275645.633 -> 2.209e-03 9.083e-01
918(1) 151071942157.467 -> 2.860e-03 9.127e-01
919(1) 86821853572.481 -> 2.886e-03 9.449e-01
920(1) 102807010545.695 -> 3.420e-03 9.449e-01
921(1) 81136381484.045 -> 2.614e-03 8.712e-01
922(1) 81259219420.589 -> 2.799e-03 9.149e-01
923(1) 81424836372.427 -> 2.738e-03 8.392e-01
924(1) 72999205491.781 -> 4.466e-03 8.312e-01
925(1) 53372125438.373 -> 2.507e-03 7.846e-01
926(1) 116469966900.181 -> 2.159e-03 7.780e-01
927(1) 101698741207.983 -> 2.783e-03 8.636e-01
928(1) 151321718850.484 -> 1.713e-03 8.594e-01
929(1) 116316680580.921 -> 3.368e-03 9.374e-01
930(1) 66376952340.103 -> 3.687e-03 9.022e-01
931(1) 42818408366.373 -> 5.871e-03 9.497e-01
932(1) 138796628409.127 -> 1.431e-03 6.991e-01
933(1) 70480223507.977 -> 1.489e-03 7.866e-01
934(1) 121849414349.671 -> 6.480e-03 9.838e-01
935(1) 116918016471.075 -> 2.995e-03 8.936e-01
936(1) 112067583439.099 -> 3.059e-03 9.136e-01
937(1) 94998512123.346 -> 3.720e-03 9.114e-01
938(1) 90822228726.150 -> 1.932e-03 7.454e-01
939(1) 116638175509.787 -> 5.496e-03 9.180e-01
940(1) 106551043941.885 -> 3.020e-03 8.760e-01
941(1) 123611736918.250 -> 1.490e-03 8.367e-01
942(1) 82936439750.176 -> 4.398e-03 8.436e-01
943(1) 178583798075.030 -> 1.854e-03 8.160e-01
944(1) 57023894228.769 -> 2.483e-03 9.238e-01
945(1) 66531283051.221 -> 2.990e-03 7.779e-01
946(1) 121565446527.417 -> 4.214e-03 9.215e-01
947(1) 123719343027.113 -> 3.950e-03 7.546e-01
948(1) 85092348925.550 -> 2.750e-03 8.200e-01
949(1) 72756280150.778 -> 2.321e-03 8.309e-01
950(1) 46352973050.921 -> 1.068e-03 8.114e-01
951(1) 77104621399.868 -> 2.272e-03 8.727e-01
952(1) 79378528543.100 -> 1.854e-03 8.300e-01
953(1) 90966106467.970 -> 2.081e-03 7.772e-01
954(1) 87526111769.985 -> 2.100e-03 8.669e-01
955(1) 100107959816.953 -> 3.351e-03 8.721e-01
956(1) 116619100273.472 -> 2.473e-03 9.072e-01
957(1) 116094009964.567 -> 5.497e-03 9.854e-01
958(1) 126874362635.838 -> 2.673e-03 8.056e-01
959(1) 91048400489.407 -> 5.555e-04 6.032e-01
960(1) 89889220720.428 -> 3.611e-03 9.613e-01
961(1) 123660853219.807 -> 5.730e-03 8.670e-01
962(1) 162798405189.884 -> 3.095e-03 8.548e-01
963(1) 86537989342.455 -> 3.724e-03 9.337e-01
964(1) 126152715569.175 -> 3.370e-03 1.000e+00
965(1) 91709631152.641 -> 4.365e-03 9.073e-01
966(1) 129061413546.929 -> 4.184e-03 9.203e-01
967(1) 55300213705.761 -> 3.584e-03 8.477e-01
968(1) 64220960912.988 -> 6.865e-03 9.880e-01
969(1) 117955712687.155 -> 2.964e-03 8.420e-01
970(1) 82228611959.067 -> 4.789e-03 9.207e-01
971(1) 121459856065.332 -> 3.071e-03 8.977e-01
972(1) 156645107466.970 -> 2.359e-03 7.352e-01
973(1) 138214674967.526 -> 2.822e-03 8.562e-01
974(1) 70816633596.104 -> 2.080e-03 7.542e-01
975(1) 63370945829.163 -> 2.719e-03 8.748e-01
976(1) 62052319790.377 -> 1.925e-03 8.658e-01
977(1) 115654592592.202 -> 2.636e-03 9.499e-01
978(1) 72470044033.941 -> 8.895e-03 9.129e-01
979(1) 121694644903.827 -> 2.466e-03 8.221e-01
980(1) 70900532864.908 -> 4.553e-03 9.172e-01
981(1) 87030421205.785 -> 1.058e-02 1.000e+00
982(1) 88568570091.151 -> 1.534e-03 7.357e-01
983(1) 49678965818.047 -> 2.085e-03 8.572e-01
984(1) 145602787167.525 -> 1.524e-03 8.016e-01
985(1) 61814805990.093 -> 1.968e-03 7.709e-01
986(1) 94535434916.278 -> 3.933e-03 9.950e-01
987(1) 137653864487.199 -> 2.260e-03 8.095e-01
988(1) 87431466155.709 -> 1.755e-03 8.803e-01
989(1) 156642715842.372 -> 5.041e-03 8.137e-01
990(1) 121848261351.797 -> 2.331e-03 8.364e-01
991(1) 125777662759.534 -> 1.599e-03 7.982e-01
992(1) 73747777454.448 -> 2.019e-03 9.057e-01
993(1) 87463076630.241 -> 2.963e-03 9.157e-01
994(1) 81186688017.013 -> 4.062e-03 9.942e-01
995(1) 60665637018.170 -> 2.451e-03 9.151e-01
996(1) 148006416155.814 -> 5.503e-03 9.039e-01
997(1) 58646830840.170 -> 2.326e-03 7.885e-01
998(1) 130022466856.125 -> 2.573e-03 8.191e-01
999(1) 131407498702.742 -> 4.877e-03 9.985e-01
1000(1) 69077739848.272 -> 3.241e-03 8.970e-01

# Non-parametric (median = 500th, lower=25th, upper=975th)
median = [ 0.00257389 0.863594]
Lower  = [ 0.00104564 0.699441]
Upper  = [ 0.0067839 1]
Bootstrap trials: trial(converged?) ssr -> params
1(1) 53290112761.94 -> 2.4371e-03 8.6678e-01
2(1) 108960463602.87 -> 5.9697e-03 9.5431e-01
3(1) 127201653566.11 -> 3.6059e-03 9.5754e-01
4(1) 112093113891.66 -> 1.5924e-03 6.8446e-01
5(1) 110771338557.17 -> 2.6595e-03 8.3540e-01
6(1) 35020219998.24 -> 1.5757e-03 7.8770e-01
7(1) 39665550967.57 -> 1.8121e-03 7.7047e-01
8(1) 126224893016.08 -> 1.6194e-03 6.8526e-01
9(1) 100232841181.10 -> 3.7298e-03 9.2250e-01
10(1) 139849857266.32 -> 1.6840e-03 8.8384e-01
11(1) 96248337191.49 -> 3.0023e-03 9.9071e-01
12(1) 74683781463.87 -> 3.0231e-03 9.4579e-01
13(1) 147360903768.33 -> 4.4286e-03 1.0000e+00
14(1) 48354342350.33 -> 3.1168e-03 9.5618e-01
15(1) 123010967892.04 -> 2.6448e-03 8.6972e-01
16(1) 85207986083.52 -> 3.5945e-03 8.5513e-01
17(1) 109510500525.64 -> 2.8349e-03 8.7992e-01
18(1) 67731930486.09 -> 6.6833e-03 1.0000e+00
19(1) 63731571896.95 -> 5.6317e-03 9.8635e-01
20(1) 143429613458.00 -> 1.9533e-03 7.0323e-01
21(1) 132058755714.65 -> 1.4907e-03 7.9470e-01
22(1) 84380744346.58 -> 3.4823e-03 9.9046e-01
23(1) 65872253260.13 -> 1.6983e-03 8.8704e-01
24(1) 102329700739.39 -> 2.6144e-03 8.8311e-01
25(1) 117426730426.91 -> 1.4322e-03 8.0978e-01
26(1) 66904469170.39 -> 6.7175e-03 9.6967e-01
27(1) 85092160692.39 -> 2.1237e-03 7.1619e-01
28(1) 91518805329.34 -> 2.6419e-03 8.0571e-01
29(1) 166954045985.03 -> 3.2884e-03 7.8669e-01
30(1) 62763926956.63 -> 2.7483e-03 8.7217e-01
31(1) 104554221820.60 -> 2.4406e-03 8.8495e-01
32(1) 110688079823.53 -> 3.7914e-03 8.4330e-01
33(1) 152991187753.43 -> 2.0301e-03 8.0839e-01
34(1) 111651448448.83 -> 3.2249e-03 8.9905e-01
35(1) 97486440430.29 -> 2.7021e-03 1.0000e+00
36(1) 55531888964.14 -> 1.4743e-03 8.4452e-01
37(1) 87885824045.39 -> 2.6700e-03 8.2775e-01
38(1) 119301350588.39 -> 1.6691e-03 8.0065e-01
39(1) 83052151944.55 -> 3.5769e-03 7.6661e-01
40(1) 87961684097.33 -> 7.6590e-04 6.9737e-01
41(1) 83979712601.70 -> 7.5140e-03 9.4357e-01
42(1) 80111262381.61 -> 3.4117e-03 9.3047e-01
43(1) 123230054191.60 -> 1.9031e-03 7.1906e-01
44(1) 81732479889.39 -> 1.6016e-03 9.2155e-01
45(1) 92206963258.76 -> 3.4838e-03 8.6865e-01
46(1) 57034138747.94 -> 1.9894e-03 8.9287e-01
47(1) 107340504939.78 -> 1.3170e-03 8.0579e-01
48(1) 55452219918.94 -> 2.1611e-03 9.1254e-01
49(1) 93049921461.63 -> 2.9376e-03 1.0000e+00
50(1) 121332343590.14 -> 6.6832e-03 9.5422e-01
51(1) 92354093302.43 -> 6.1046e-03 9.1445e-01
52(1) 37601665164.46 -> 1.7095e-03 7.8831e-01
53(1) 102894036435.71 -> 2.6013e-03 9.0278e-01
54(1) 146451554283.49 -> 1.9405e-03 8.2917e-01
55(1) 74616459085.32 -> 2.2049e-03 8.6668e-01
56(1) 101248190346.90 -> 3.0177e-03 8.7610e-01
57(1) 98814514855.27 -> 2.9111e-03 1.0000e+00
58(1) 106097818949.21 -> 1.4860e-03 6.6031e-01
59(1) 103065287001.29 -> 2.7592e-03 8.4155e-01
60(1) 85323102138.74 -> 2.2410e-03 8.3086e-01
61(1) 115463576908.02 -> 3.2713e-03 9.1676e-01
62(1) 87793292847.31 -> 4.8632e-03 9.6475e-01
63(1) 108957798360.06 -> 2.4053e-03 6.8496e-01
64(1) 46341343564.67 -> 2.3045e-03 8.6913e-01
65(1) 103349930872.75 -> 4.4089e-03 9.3006e-01
66(1) 79720394778.76 -> 2.7022e-03 9.2302e-01
67(1) 92033716209.74 -> 4.3315e-03 8.6985e-01
68(1) 49927677139.63 -> 6.1541e-03 9.2859e-01
69(1) 87843091940.10 -> 1.8081e-03 7.3980e-01
70(1) 163436748398.83 -> 3.1571e-03 8.1408e-01
71(1) 103594465549.31 -> 4.1799e-03 9.1915e-01
72(1) 120718257022.61 -> 1.5903e-03 7.3307e-01
73(1) 82932223545.32 -> 6.0872e-04 6.4323e-01
74(1) 109046896207.08 -> 1.6794e-02 1.8418e+00
75(1) 73085599867.26 -> 1.9305e-03 8.0847e-01
76(1) 68792820535.42 -> 2.1068e-03 6.9008e-01
77(1) 70667468646.85 -> 1.7146e-03 8.1143e-01
78(1) 107320354377.88 -> 2.3682e-03 8.7699e-01
79(1) 82312634606.57 -> 2.5228e-03 8.5544e-01
80(1) 99911436158.33 -> 2.4547e-03 8.2400e-01
81(1) 126088037309.55 -> 4.2442e-03 9.9999e-01
82(1) 121041105606.69 -> 1.4275e-03 7.5042e-01
83(1) 140618243610.34 -> 2.9039e-03 8.6074e-01
84(1) 77166018172.60 -> 2.0967e-03 8.4494e-01
85(1) 120517650045.77 -> 4.2552e-03 8.0963e-01
86(1) 61216318323.40 -> 4.0458e-03 9.1353e-01
87(1) 130525540513.75 -> 3.4709e-03 8.8975e-01
88(1) 72489977506.08 -> 1.8925e-03 9.1154e-01
89(1) 71223697616.23 -> 2.9080e-03 8.3763e-01
90(1) 62432254312.66 -> 3.3116e-03 8.7437e-01
91(1) 69966193582.33 -> 1.1597e-03 7.7689e-01
92(1) 130480272385.16 -> 3.1963e-03 8.8378e-01
93(1) 128446598584.68 -> 3.5680e-03 9.5310e-01
94(1) 127129075276.49 -> 4.8541e-03 9.4096e-01
95(1) 90441058709.36 -> 3.1522e-03 9.8047e-01
96(1) 101206974752.52 -> 1.1046e-03 6.7696e-01
97(1) 78466423777.46 -> 6.4374e-04 7.4502e-01
98(1) 138970550615.42 -> 2.8600e-03 8.5055e-01
99(1) 70192214407.76 -> 3.5379e-03 9.5303e-01
100(1) 45121416768.55 -> 2.3560e-03 8.8413e-01
101(1) 112335013566.64 -> 8.0657e-03 9.3382e-01
102(1) 57543316387.65 -> 3.5983e-03 8.6545e-01
103(1) 94731543826.06 -> 1.7726e-03 9.3328e-01
104(1) 84889043007.77 -> 2.2527e-03 8.3648e-01
105(1) 115336023309.61 -> 7.0968e-03 8.8570e-01
106(1) 110531200838.10 -> 2.3349e-03 8.1119e-01
107(1) 87330318205.72 -> 3.1470e-03 9.7630e-01
108(1) 45457926372.56 -> 2.7982e-03 9.2549e-01
109(1) 162513399752.46 -> 3.8337e-03 9.2343e-01
110(1) 103622374098.93 -> 4.1898e-03 8.9295e-01
111(1) 130067423378.16 -> 2.9658e-03 7.7290e-01
112(1) 60631485670.48 -> 7.1055e-04 7.6972e-01
113(1) 60240734485.53 -> 4.1808e-03 9.2526e-01
114(1) 77006310593.08 -> 2.9565e-03 8.2594e-01
115(1) 97184172285.60 -> 2.5197e-03 8.9137e-01
116(1) 89779274637.29 -> 3.4916e-03 9.7341e-01
117(1) 53772701686.82 -> 1.2000e-03 7.2313e-01
118(1) 99675403142.67 -> 9.6685e-04 6.6296e-01
119(1) 96747909267.47 -> 2.6028e-03 8.6359e-01
120(1) 102235635268.90 -> 2.3385e-03 8.3142e-01
121(1) 117498994009.53 -> 2.0360e-03 8.4874e-01
122(1) 94769351551.83 -> 2.9883e-03 9.2337e-01
123(1) 139910201020.69 -> 3.3294e-03 1.0000e+00
124(1) 136502301590.28 -> 8.1333e-04 7.9036e-01
125(1) 77799120000.97 -> 2.1403e-03 8.3009e-01
126(1) 86471386316.26 -> 2.9949e-03 9.0963e-01
127(1) 108049353497.42 -> 1.7517e-03 8.5769e-01
128(1) 68191892600.53 -> 3.7241e-03 8.4903e-01
129(1) 100335636785.30 -> 2.6177e-03 8.6765e-01
130(1) 76968468054.10 -> 1.4148e-03 7.6523e-01
131(1) 79275172864.78 -> 2.6057e-03 9.1604e-01
132(1) 69990786938.46 -> 2.7185e-03 8.8150e-01
133(1) 92432258999.68 -> 1.7010e-03 7.8481e-01
134(1) 100800706651.45 -> 3.9680e-03 9.0453e-01
135(1) 67006679940.66 -> 5.9770e-03 9.2319e-01
136(1) 116402601159.11 -> 3.3103e-03 1.0000e+00
137(1) 73122787467.77 -> 2.1921e-03 8.4884e-01
138(1) 70337809020.50 -> 2.1415e-03 8.4697e-01
139(1) 103279536393.14 -> 2.6822e-03 9.0625e-01
140(1) 117998969466.12 -> 4.0293e-03 8.6808e-01
141(1) 55999448482.45 -> 5.8529e-03 1.0000e+00
142(1) 106163420770.86 -> 2.1915e-03 9.1503e-01
143(1) 79798913905.48 -> 1.8045e-03 8.2875e-01
144(1) 80660539782.86 -> 1.9691e-03 8.4901e-01
145(1) 89215292227.39 -> 2.0415e-03 8.7000e-01
146(1) 73031697591.27 -> 4.8302e-03 9.2381e-01
147(1) 96853793682.58 -> 2.3931e-03 8.6086e-01
148(1) 87110248711.44 -> 3.1879e-03 8.6471e-01
149(1) 65201210451.61 -> 3.7661e-03 9.4966e-01
150(1) 128793777693.10 -> 2.2813e-03 8.7911e-01
151(1) 73307928482.66 -> 3.0738e-03 9.6893e-01
152(1) 154914152804.11 -> 1.2343e-03 7.5801e-01
153(1) 64348053859.80 -> 8.6349e-03 9.2979e-01
154(1) 81104535855.77 -> 2.5445e-03 8.1338e-01
155(1) 63837454912.69 -> 2.1192e-03 8.6240e-01
156(1) 159451028927.58 -> 4.0205e-03 9.2619e-01
157(1) 116455264331.37 -> 2.1124e-03 6.7252e-01
158(1) 74420278374.68 -> 2.5739e-03 8.7324e-01
159(1) 43796449897.55 -> 1.9184e-03 8.6134e-01
160(1) 127500104193.18 -> 3.6961e-03 8.3458e-01
161(1) 84064552534.14 -> 1.7814e-03 9.4939e-01
162(1) 128531373549.70 -> 2.9859e-03 8.4221e-01
163(1) 68162151857.89 -> 3.2943e-03 9.2749e-01
164(1) 128521203224.25 -> 2.2034e-03 8.3873e-01
165(1) 60814728997.68 -> 3.7652e-03 8.1186e-01
166(1) 129396634164.83 -> 2.1457e-03 9.0545e-01
167(1) 180645119024.04 -> 4.1821e-03 9.6466e-01
168(1) 66671241333.14 -> 1.0684e-03 7.6161e-01
169(1) 44819023088.82 -> 2.8996e-03 8.6682e-01
170(1) 64277607129.83 -> 1.4388e-03 8.1525e-01
171(1) 135433844425.42 -> 4.8122e-03 8.6294e-01
172(1) 167652454392.60 -> 2.1651e-03 8.4078e-01
173(1) 129633846458.57 -> 2.1636e-03 8.8373e-01
174(1) 75459935896.46 -> 2.5829e-03 8.6715e-01
175(1) 173472760424.79 -> 3.4542e-03 8.2278e-01
176(1) 103442099572.68 -> 3.2469e-03 8.3625e-01
177(1) 76753556346.14 -> 2.1664e-03 8.4443e-01
178(1) 110789534028.14 -> 2.4529e-03 8.4807e-01
179(1) 72037563722.72 -> 4.0997e-03 9.2694e-01
180(1) 62515426566.21 -> 1.2351e-03 8.1912e-01
181(1) 67138116947.77 -> 1.6569e-03 8.7601e-01
182(1) 165426950756.81 -> 3.2674e-03 9.9421e-01
183(1) 140435704557.61 -> 1.8723e-03 7.9422e-01
184(1) 140391661541.31 -> 1.1820e-03 8.0972e-01
185(1) 36569578595.41 -> 2.5528e-03 9.2740e-01
186(1) 26207871950.42 -> 2.9908e-03 8.8467e-01
187(1) 121055210078.05 -> 7.7024e-03 9.6091e-01
188(1) 170580698461.51 -> 1.5011e-03 8.2152e-01
189(1) 114788359384.03 -> 3.1659e-03 9.4260e-01
190(1) 81562229575.62 -> 2.1847e-03 8.8042e-01
191(1) 49311998870.52 -> 1.3000e-03 8.2426e-01
192(1) 95048529952.07 -> 1.6117e-03 8.3567e-01
193(1) 70428470634.02 -> 5.8123e-03 8.9676e-01
194(1) 139331977764.04 -> 1.1524e-03 7.3467e-01
195(1) 73046393281.55 -> 1.9621e-03 8.5000e-01
196(1) 61954464999.95 -> 2.1074e-03 8.8135e-01
197(1) 59116571943.51 -> 3.0167e-03 9.9348e-01
198(1) 101522120039.60 -> 1.7525e-03 7.9708e-01
199(1) 133613429821.83 -> 1.9990e-03 7.3079e-01
200(1) 120073791267.40 -> 1.6233e-03 8.2776e-01
201(1) 105685025952.57 -> 1.6768e-03 7.7179e-01
202(1) 102876533818.84 -> 3.0816e-03 8.0553e-01
203(1) 107675651638.10 -> 5.6793e-03 9.9414e-01
204(1) 49683531606.59 -> 2.9085e-03 8.6852e-01
205(1) 139056935609.61 -> 2.3247e-03 8.2154e-01
206(1) 92998627919.65 -> 1.6539e-03 8.1961e-01
207(1) 119989182846.66 -> 2.3309e-03 8.8610e-01
208(1) 107435210582.93 -> 2.1233e-03 8.0400e-01
209(1) 114860449146.65 -> 2.7710e-03 8.0233e-01
210(1) 59825199720.35 -> 2.0141e-03 7.7485e-01
211(1) 78049535052.23 -> 3.7391e-03 9.3746e-01
212(1) 105747048540.35 -> 4.4576e-03 9.9816e-01
213(1) 119084077737.22 -> 2.0768e-03 8.6958e-01
214(1) 73506879525.16 -> 2.9989e-03 8.5969e-01
215(1) 122049135585.98 -> 1.9380e-03 8.4821e-01
216(1) 49108597933.19 -> 1.4396e-03 8.3287e-01
217(1) 118852940147.15 -> 1.6269e-03 7.2241e-01
218(1) 70033637026.57 -> 2.4988e-03 8.5712e-01
219(1) 111969964350.78 -> 5.0583e-03 9.3336e-01
220(1) 43962403904.29 -> 2.7874e-03 8.6189e-01
221(1) 73623564378.53 -> 2.5526e-03 8.7520e-01
222(1) 93866673295.83 -> 2.4775e-03 9.1279e-01
223(1) 127602997669.82 -> 2.6453e-03 9.0509e-01
224(1) 132862459396.12 -> 1.1401e-03 7.7244e-01
225(1) 86718541312.17 -> 2.9126e-03 9.3437e-01
226(1) 76946723747.48 -> 2.4171e-03 8.5741e-01
227(1) 96654834026.45 -> 1.8534e-03 8.0233e-01
228(1) 50014174243.38 -> 1.6875e-03 7.7472e-01
229(1) 66538492307.40 -> 2.8016e-03 8.7522e-01
230(1) 110605027766.29 -> 3.1862e-03 8.2555e-01
231(1) 81420121952.12 -> 1.9997e-03 8.6306e-01
232(1) 75028279058.15 -> 2.6975e-03 8.7143e-01
233(1) 66434627188.57 -> 3.1822e-03 9.4675e-01
234(1) 85683480583.41 -> 1.3323e-03 7.2733e-01
235(1) 94149636404.73 -> 2.7034e-03 9.2856e-01
236(1) 93695341677.57 -> 1.1082e-03 8.5350e-01
237(1) 154373397017.88 -> 4.3505e-03 8.8324e-01
238(1) 98760935176.59 -> 3.1595e-03 9.3117e-01
239(1) 144300745483.39 -> 2.3793e-03 8.3762e-01
240(1) 89770643376.16 -> 1.7958e-03 8.3058e-01
241(1) 90943093098.61 -> 2.0587e-03 8.4464e-01
242(1) 70227505920.81 -> 1.9724e-03 8.0321e-01
243(1) 99387947259.56 -> 3.5724e-03 9.2321e-01
244(1) 98698588406.69 -> 3.2939e-03 9.0617e-01
245(1) 154860522551.18 -> 3.8545e-03 9.6689e-01
246(1) 68926608953.04 -> 4.5578e-03 9.3700e-01
247(1) 102612931307.06 -> 2.4114e-03 9.3343e-01
248(1) 47182487696.14 -> 1.2314e-03 7.6558e-01
249(1) 63464826348.59 -> 4.3210e-03 8.1272e-01
250(1) 95677669043.90 -> 2.1844e-03 9.3195e-01
251(1) 64242821618.12 -> 2.9296e-03 8.8833e-01
252(1) 64930319676.26 -> 2.2834e-03 8.9703e-01
253(1) 99405399323.15 -> 3.8323e-03 8.0474e-01
254(1) 80654033786.42 -> 2.7747e-03 9.0571e-01
255(1) 94129537805.46 -> 2.2319e-03 8.7296e-01
256(1) 77000293755.61 -> 2.4379e-03 8.5979e-01
257(1) 117812899847.03 -> 2.1120e-03 8.8516e-01
258(1) 67135510791.43 -> 1.4013e-03 7.3404e-01
259(1) 67012954118.41 -> 4.1572e-03 8.8969e-01
260(1) 90343946287.92 -> 3.1568e-03 9.0123e-01
261(1) 135576217658.14 -> 1.0893e-03 7.5711e-01
262(1) 107985041272.83 -> 5.4211e-03 8.7239e-01
263(1) 67785011455.16 -> 4.5532e-03 9.3544e-01
264(1) 96254582292.90 -> 8.3114e-04 7.0084e-01
265(1) 111988057032.18 -> 3.8579e-03 9.2042e-01
266(1) 80183829153.62 -> 1.9721e-03 8.5854e-01
267(1) 129354943801.18 -> 1.9677e-03 8.7973e-01
268(1) 158258455728.47 -> 3.9081e-03 9.6488e-01
269(1) 134920186343.53 -> 3.4743e-03 9.2882e-01
270(1) 143805365005.83 -> 2.0030e-03 8.4893e-01
271(1) 67195548028.80 -> 2.9743e-03 8.8056e-01
272(1) 121498351296.37 -> 2.4150e-03 8.0823e-01
273(1) 97614247757.25 -> 2.0087e-03 7.8854e-01
274(1) 94654473665.80 -> 2.1242e-03 7.7040e-01
275(1) 55631448951.97 -> 2.1704e-03 8.9669e-01
276(1) 93761022698.27 -> 2.0460e-03 8.4287e-01
277(1) 98004903690.59 -> 2.3940e-03 7.7647e-01
278(1) 60627971207.53 -> 2.3748e-03 8.8103e-01
279(1) 92852136760.44 -> 5.2102e-03 9.1226e-01
280(1) 140582235618.94 -> 1.9985e-03 8.2660e-01
281(1) 92845500838.78 -> 4.3487e-03 8.9463e-01
282(1) 45644996385.55 -> 3.1311e-03 8.3118e-01
283(1) 58233054521.52 -> 2.8686e-03 8.8417e-01
284(1) 70241236228.07 -> 2.1403e-03 8.4131e-01
285(1) 111047965907.77 -> 3.3967e-03 8.8698e-01
286(1) 86340693030.21 -> 3.1437e-03 8.9562e-01
287(1) 122481427664.47 -> 3.9211e-03 9.5344e-01
288(1) 185832213094.85 -> 3.0652e-03 8.9283e-01
289(1) 128886389790.39 -> 2.9086e-03 8.6821e-01
290(1) 49597238049.75 -> 3.0427e-03 9.0788e-01
291(1) 50105225186.33 -> 1.6350e-03 7.9840e-01
292(1) 76166466190.57 -> 1.6278e-03 8.6777e-01
293(1) 82033538264.32 -> 3.3936e-03 8.4108e-01
294(1) 84263864510.37 -> 3.5056e-03 8.5340e-01
295(1) 95940404324.20 -> 2.7272e-03 8.4830e-01
296(1) 115464056741.53 -> 2.5164e-03 8.5763e-01
297(1) 62815960332.56 -> 2.8781e-03 9.2767e-01
298(1) 112391904783.83 -> 1.5829e-03 7.9816e-01
299(1) 133296986157.60 -> 1.5631e-03 7.3141e-01
300(1) 72430369468.18 -> 2.4676e-03 8.8443e-01
301(1) 80886590697.73 -> 3.0929e-03 8.8801e-01
302(1) 99155045693.26 -> 4.3766e-03 8.8691e-01
303(1) 56119558227.18 -> 4.5197e-03 8.0866e-01
304(1) 66579762844.97 -> 3.3892e-03 8.8841e-01
305(1) 159235278132.78 -> 1.6065e-03 9.2652e-01
306(1) 80354953464.43 -> 2.4600e-03 7.1069e-01
307(1) 127403706038.11 -> 2.6479e-03 7.5814e-01
308(1) 84854560175.30 -> 1.7745e-03 8.7257e-01
309(1) 86243850762.65 -> 2.7567e-03 8.9837e-01
310(1) 156193830157.96 -> 7.2076e-03 1.0000e+00
311(1) 75597243355.34 -> 7.0780e-03 9.8184e-01
312(1) 110177318718.11 -> 2.0562e-03 8.0938e-01
313(1) 89329380620.59 -> 1.6761e-03 7.7449e-01
314(1) 47850642302.28 -> 1.9680e-03 8.5303e-01
315(1) 135918294633.86 -> 1.6631e-03 8.1151e-01
316(1) 97313524982.52 -> 4.6638e-03 1.0000e+00
317(1) 61065685456.58 -> 1.4410e-03 7.5565e-01
318(1) 66194069438.43 -> 2.6052e-03 7.2432e-01
319(1) 107585033457.44 -> 2.8683e-03 9.0219e-01
320(1) 121934835364.55 -> 2.5923e-03 9.3203e-01
321(1) 105140765190.09 -> 1.3797e-03 7.4798e-01
322(1) 138700005366.51 -> 3.1845e-03 9.5565e-01
323(1) 167670404589.56 -> 2.4458e-03 8.4805e-01
324(1) 111424165060.65 -> 2.4229e-03 8.0336e-01
325(1) 154239523303.93 -> 3.8306e-03 8.5561e-01
326(1) 125917110810.90 -> 1.7593e-03 8.8754e-01
327(1) 141805558087.64 -> 1.0452e-03 8.0626e-01
328(1) 133867795040.04 -> 4.5855e-03 1.0000e+00
329(1) 121793440616.97 -> 2.2201e-03 8.3866e-01
330(1) 65203254456.87 -> 2.3403e-03 9.0851e-01
331(1) 162182571997.04 -> 3.3091e-03 9.4102e-01
332(1) 68699770484.68 -> 7.7424e-03 1.0000e+00
333(1) 77619188629.90 -> 3.0597e-03 8.5881e-01
334(1) 78457036774.38 -> 1.1784e-03 8.7079e-01
335(1) 106017544928.42 -> 2.6582e-03 9.0686e-01
336(1) 147588199974.58 -> 2.4023e-03 8.3151e-01
337(1) 186817182840.74 -> 7.6634e-04 6.4340e-01
338(1) 207878795106.11 -> 1.9043e-03 7.8129e-01
339(1) 132546312663.23 -> 2.5395e-03 8.4688e-01
340(1) 71461908674.45 -> 1.8136e-03 7.6254e-01
341(1) 128646829771.64 -> 2.5595e-03 7.9411e-01
342(1) 113018851251.30 -> 1.8501e-03 8.4572e-01
343(1) 98447131819.07 -> 4.7063e-03 9.2113e-01
344(1) 105799882817.52 -> 1.1766e-03 8.1088e-01
345(1) 125842636517.34 -> 2.2201e-03 7.5502e-01
346(1) 100177915197.70 -> 2.4175e-03 8.5567e-01
347(1) 67252147680.33 -> 8.7710e-04 6.9632e-01
348(1) 79017011346.65 -> 2.0259e-03 9.6332e-01
349(1) 103003366292.95 -> 1.8607e-03 7.9080e-01
350(1) 86971399266.59 -> 2.0457e-03 9.1130e-01
351(1) 122001268654.33 -> 3.1526e-03 8.5689e-01
352(1) 82511127646.21 -> 1.6464e-03 8.1014e-01
353(1) 88622850590.30 -> 4.5491e-03 8.8153e-01
354(1) 102695224247.74 -> 2.2414e-03 8.5019e-01
355(1) 100227188149.34 -> 2.6562e-03 8.6510e-01
356(1) 68008090542.69 -> 2.0516e-03 9.0641e-01
357(1) 89096501225.87 -> 1.5881e-03 8.5375e-01
358(1) 94709360561.95 -> 1.4368e-03 8.0610e-01
359(1) 132568087585.31 -> 2.8464e-03 7.9728e-01
360(1) 130309493842.73 -> 1.5011e-03 7.5884e-01
361(1) 31267335728.27 -> 2.8270e-03 7.3783e-01
362(1) 39540236816.17 -> 2.0497e-03 8.9220e-01
363(1) 72391113760.14 -> 4.8922e-03 8.9111e-01
364(1) 135780339942.35 -> 2.9090e-03 8.7478e-01
365(1) 49372940976.28 -> 2.7621e-03 9.8743e-01
366(1) 67007487534.76 -> 1.3266e-03 7.7457e-01
367(1) 153089841722.74 -> 6.7839e-03 9.1759e-01
368(1) 83780942823.90 -> 3.1682e-03 9.2194e-01
369(1) 108887423415.27 -> 2.3093e-03 9.0064e-01
370(1) 106676690188.59 -> 2.3586e-03 7.7307e-01
371(1) 124532411305.19 -> 1.7598e-03 7.6469e-01
372(1) 126954286150.27 -> 2.8319e-03 9.3159e-01
373(1) 102463468432.01 -> 2.9543e-03 9.1910e-01
374(1) 90232727994.27 -> 1.1897e-03 7.5096e-01
375(1) 85327785479.83 -> 1.8238e-03 8.3400e-01
376(1) 109460915447.66 -> 1.1113e-03 7.8845e-01
377(1) 44485695328.75 -> 1.6143e-03 9.6062e-01
378(1) 123622441858.72 -> 1.8003e-03 9.0668e-01
379(1) 139470295996.14 -> 3.4286e-03 8.4438e-01
380(1) 116221598908.55 -> 3.4803e-03 8.1547e-01
381(1) 53994154447.23 -> 2.5063e-03 9.0512e-01
382(1) 55819702091.08 -> 2.5127e-03 8.6224e-01
383(1) 70612050644.95 -> 3.9559e-03 8.9987e-01
384(1) 91936893901.55 -> 2.8773e-03 8.9658e-01
385(1) 64573515143.74 -> 1.7971e-03 8.4945e-01
386(1) 96254418422.26 -> 5.2033e-03 9.7510e-01
387(1) 34564474953.11 -> 3.4522e-03 8.8501e-01
388(1) 101816961839.44 -> 1.2236e-03 7.9231e-01
389(1) 52863176172.71 -> 2.1311e-03 8.9306e-01
390(1) 59227530136.97 -> 6.3772e-03 9.8743e-01
391(1) 137363808584.08 -> 2.9255e-03 8.0174e-01
392(1) 87576662962.48 -> 1.0580e-03 7.3516e-01
393(1) 57249295633.54 -> 2.6735e-03 9.0873e-01
394(1) 127976827378.24 -> 2.2210e-03 8.5934e-01
395(1) 92023184804.30 -> 1.9877e-03 8.3945e-01
396(1) 107694731361.00 -> 2.8905e-03 8.8254e-01
397(1) 99555892141.89 -> 1.0319e-03 9.3271e-01
398(1) 109364881740.65 -> 1.5028e-03 7.3977e-01
399(1) 71323157262.18 -> 1.5293e-03 8.0849e-01
400(1) 69694465757.70 -> 4.0917e-03 7.6930e-01
401(1) 107008487100.19 -> 2.7665e-03 8.6350e-01
402(1) 92262621245.62 -> 5.3531e-03 9.3565e-01
403(1) 96559896066.15 -> 1.4345e-03 8.1403e-01
404(1) 88767188691.90 -> 2.3423e-03 8.2186e-01
405(1) 132625146367.24 -> 1.9712e-03 8.6795e-01
406(1) 70676600097.28 -> 2.4784e-03 8.6320e-01
407(1) 50073985716.39 -> 1.3547e-03 8.1353e-01
408(1) 82803683856.11 -> 2.4475e-03 8.2099e-01
409(1) 29732201998.17 -> 1.3801e-03 7.0498e-01
410(1) 89090461123.47 -> 5.1442e-03 7.8606e-01
411(1) 62487206323.63 -> 2.7084e-03 9.0704e-01
412(1) 96540610720.30 -> 5.1986e-03 9.3865e-01
413(1) 107074773887.39 -> 2.5265e-03 8.1490e-01
414(1) 75804880013.37 -> 3.5356e-03 9.2372e-01
415(1) 114834892975.44 -> 1.8820e-03 8.6779e-01
416(1) 64246436037.31 -> 2.5393e-03 9.1668e-01
417(1) 107391692160.74 -> 1.7437e-03 7.3842e-01
418(1) 143382516565.11 -> 3.5739e-03 9.9989e-01
419(1) 63857922590.32 -> 7.8228e-03 9.4862e-01
420(1) 113532755191.22 -> 2.0693e-03 7.9060e-01
421(1) 138043082900.08 -> 1.9842e-03 8.8380e-01
422(1) 61690226640.54 -> 1.1001e-03 6.7219e-01
423(1) 93693210600.37 -> 1.0550e-03 7.7348e-01
424(1) 99781723657.80 -> 2.4658e-03 9.0505e-01
425(1) 122745744549.83 -> 1.0456e-03 7.4792e-01
426(1) 88629273630.46 -> 2.0776e-03 6.5242e-01
427(1) 113027742543.19 -> 3.2050e-03 8.3977e-01
428(1) 140799359677.36 -> 3.7846e-03 9.5218e-01
429(1) 85544979009.65 -> 3.2861e-03 9.3927e-01
430(1) 72103908844.94 -> 2.4288e-03 8.8943e-01
431(1) 94496769867.33 -> 3.8225e-03 1.0000e+00
432(1) 36214405851.27 -> 5.6059e-03 9.6282e-01
433(1) 196311640656.17 -> 2.4705e-03 8.7763e-01
434(1) 141056124748.87 -> 3.9709e-03 9.4364e-01
435(1) 126484818066.26 -> 1.0828e-03 7.5346e-01
436(1) 47629593255.35 -> 3.1434e-03 9.2655e-01
437(1) 88877271584.43 -> 3.3713e-03 9.1798e-01
438(1) 50392151753.46 -> 3.9743e-03 9.0772e-01
439(1) 68032906552.15 -> 2.8798e-03 9.0471e-01
440(1) 115826437852.65 -> 4.6385e-03 8.6889e-01
441(1) 74882983342.91 -> 2.5281e-03 9.2953e-01
442(1) 64041053625.09 -> 1.7781e-03 8.0657e-01
443(1) 75904575652.42 -> 1.3991e-03 8.6279e-01
444(1) 107928577365.98 -> 1.7877e-03 8.6756e-01
445(1) 98524786565.80 -> 3.0056e-03 9.8680e-01
446(1) 25022109833.91 -> 1.2327e-03 6.9202e-01
447(1) 69113740989.73 -> 3.9445e-03 8.2120e-01
448(1) 133329980715.49 -> 1.3608e-03 8.2220e-01
449(1) 164328325801.53 -> 2.5069e-03 9.9548e-01
450(1) 50870078287.97 -> 1.8470e-03 7.8928e-01
451(1) 77524833151.03 -> 2.4584e-03 8.0963e-01
452(1) 84685057985.07 -> 2.5927e-03 8.6544e-01
453(1) 158859695908.21 -> 3.7344e-03 9.2203e-01
454(1) 136997447639.21 -> 3.0373e-03 8.5025e-01
455(1) 37055631761.32 -> 1.5314e-03 8.1556e-01
456(1) 63823698912.33 -> 2.9295e-03 9.2679e-01
457(1) 58124976018.77 -> 2.2507e-03 8.2034e-01
458(1) 128277582426.51 -> 2.1817e-03 7.6028e-01
459(1) 54045561879.62 -> 2.1806e-03 8.8104e-01
460(1) 129724149526.69 -> 2.8534e-03 8.0897e-01
461(1) 167899384381.29 -> 1.6982e-03 8.1640e-01
462(1) 81950044912.75 -> 3.0266e-03 8.7824e-01
463(1) 103819243958.79 -> 3.4591e-03 9.2545e-01
464(1) 115981207625.06 -> 3.6939e-03 7.3762e-01
465(1) 51978921160.78 -> 2.3421e-03 7.9001e-01
466(1) 42366313347.36 -> 3.0801e-03 8.1624e-01
467(1) 132394030490.31 -> 4.0620e-03 8.9788e-01
468(1) 123007967522.57 -> 2.0139e-03 7.5894e-01
469(1) 108544896480.37 -> 2.9561e-03 7.7592e-01
470(1) 102950261130.37 -> 2.3341e-03 8.7650e-01
471(1) 75953023094.94 -> 3.0887e-03 8.0348e-01
472(1) 75601279956.37 -> 1.7839e-03 8.2379e-01
473(1) 61009513048.25 -> 6.6313e-03 7.8509e-01
474(1) 79386059681.77 -> 2.1329e-03 9.0717e-01
475(1) 80771380243.86 -> 3.9885e-03 9.4397e-01
476(1) 173339870094.43 -> 2.5801e-03 8.4538e-01
477(1) 79434793823.73 -> 1.4021e-03 7.5754e-01
478(1) 94379344190.02 -> 2.3490e-03 8.7741e-01
479(1) 71353033516.17 -> 2.9629e-03 9.1445e-01
480(1) 94788850455.06 -> 3.9305e-03 9.0227e-01
481(1) 97978838006.06 -> 2.3495e-03 8.6653e-01
482(1) 24640538974.35 -> 3.4111e-03 8.9433e-01
483(1) 123849864087.46 -> 7.7541e-04 7.2449e-01
484(1) 149008110879.23 -> 3.8022e-03 8.4388e-01
485(1) 110372417295.88 -> 3.5476e-03 9.3432e-01
486(1) 116843233858.38 -> 3.3345e-03 8.0402e-01
487(1) 82351555554.07 -> 2.4213e-03 9.3707e-01
488(1) 34339458890.57 -> 1.5909e-03 8.2066e-01
489(1) 74443679438.30 -> 2.3796e-03 8.5744e-01
490(1) 103694453465.39 -> 2.7612e-03 8.1039e-01
491(1) 107495259704.00 -> 3.2771e-03 9.0816e-01
492(1) 103898806112.36 -> 4.1426e-03 9.3555e-01
493(1) 77202571222.07 -> 6.3728e-03 7.9085e-01
494(1) 79254678253.04 -> 2.5825e-03 8.5763e-01
495(1) 111209403757.34 -> 3.3926e-03 9.4812e-01
496(1) 81427710211.99 -> 5.3931e-03 8.6594e-01
497(1) 121502980991.90 -> 3.1198e-03 8.9271e-01
498(1) 67774430293.55 -> 2.7997e-03 8.8248e-01
499(1) 94189304663.86 -> 4.0674e-03 8.8379e-01
500(1) 51752189989.43 -> 3.0538e-03 8.7252e-01
501(1) 84139992149.58 -> 3.9501e-03 8.8036e-01
502(1) 54052046089.53 -> 2.5383e-03 8.7117e-01
503(1) 71722107280.00 -> 4.1563e-03 8.4392e-01
504(1) 111104427308.55 -> 2.7602e-03 8.2032e-01
505(1) 149961537667.08 -> 8.1985e-04 6.7383e-01
506(1) 92415264581.60 -> 4.3380e-03 9.3837e-01
507(1) 46698291438.68 -> 3.6100e-03 8.4952e-01
508(1) 81532807784.33 -> 3.2353e-03 9.3090e-01
509(1) 108623318718.58 -> 3.0896e-03 8.9505e-01
510(1) 42166820444.01 -> 3.4164e-03 1.0000e+00
511(1) 96499378500.36 -> 3.7230e-03 9.4469e-01
512(1) 94280411868.79 -> 3.1672e-03 9.1805e-01
513(1) 73643736592.63 -> 3.0669e-03 9.1172e-01
514(1) 152515901772.98 -> 1.7417e-03 9.1145e-01
515(1) 56784090478.81 -> 4.0437e-03 9.2170e-01
516(1) 113969945419.98 -> 2.9208e-03 9.3668e-01
517(1) 96646169604.97 -> 2.1426e-03 7.7382e-01
518(1) 76672752092.52 -> 2.1474e-03 8.6190e-01
519(1) 137088178908.40 -> 3.3824e-03 9.4099e-01
520(1) 74964261902.75 -> 2.4520e-03 8.9364e-01
521(1) 81953112398.19 -> 1.8136e-03 8.2469e-01
522(1) 87132836486.17 -> 2.1340e-03 8.5197e-01
523(1) 132061727017.29 -> 1.4497e-03 7.3732e-01
524(1) 93435606257.19 -> 5.2381e-03 8.6529e-01
525(1) 51882381813.46 -> 2.0069e-03 8.7447e-01
526(1) 155873064493.01 -> 3.7915e-03 9.6989e-01
527(1) 100293996529.59 -> 2.0090e-03 8.9293e-01
528(1) 95828379455.15 -> 4.1791e-03 9.5239e-01
529(1) 101064626971.81 -> 2.6659e-03 8.3473e-01
530(1) 117018735856.89 -> 2.6179e-03 7.8410e-01
531(1) 113719669501.75 -> 1.7008e-03 8.5648e-01
532(1) 97310718589.34 -> 1.4966e-03 7.6359e-01
533(1) 109849617394.19 -> 4.1510e-03 9.4991e-01
534(1) 79466981413.48 -> 5.3681e-03 8.9813e-01
535(1) 117740625927.07 -> 4.5920e-03 8.7564e-01
536(1) 59667693865.26 -> 2.9799e-03 8.5515e-01
537(1) 97298434622.02 -> 2.0987e-03 8.0125e-01
538(1) 120225111579.51 -> 3.2933e-03 8.1271e-01
539(1) 96362364072.88 -> 3.6097e-03 8.2949e-01
540(1) 76630429946.79 -> 3.0503e-03 9.6352e-01
541(1) 153211454063.40 -> 2.1740e-03 7.7008e-01
542(1) 100323154269.71 -> 2.3423e-03 8.7809e-01
543(1) 121662307388.91 -> 2.1773e-03 7.7740e-01
544(1) 83873681492.91 -> 3.2658e-03 8.3000e-01
545(1) 85379560809.09 -> 2.4286e-03 8.5107e-01
546(1) 87703446342.35 -> 2.4187e-03 9.1605e-01
547(1) 119559627029.06 -> 5.1111e-03 9.9996e-01
548(1) 74776259879.47 -> 1.4611e-03 8.5581e-01
549(1) 65611177830.02 -> 1.4786e-03 9.7112e-01
550(1) 126397290169.03 -> 5.4072e-03 8.9627e-01
551(1) 149542013765.58 -> 3.1294e-03 9.3701e-01
552(1) 94891617857.21 -> 2.7414e-03 8.4756e-01
553(1) 111272574223.33 -> 2.6336e-03 9.0535e-01
554(1) 146574781527.29 -> 3.2449e-03 8.6895e-01
555(1) 63185270554.38 -> 2.7769e-03 9.0168e-01
556(1) 81680377935.05 -> 3.7006e-03 7.2269e-01
557(1) 31359394555.26 -> 2.5094e-03 8.9544e-01
558(1) 87277147654.59 -> 1.9266e-03 8.5476e-01
559(1) 134366560738.51 -> 1.8846e-03 8.8019e-01
560(1) 68458918979.99 -> 2.0484e-03 8.1403e-01
561(1) 68413455622.89 -> 3.4482e-03 8.0778e-01
562(1) 34747031099.20 -> 1.8171e-03 8.5141e-01
563(1) 37610546497.52 -> 3.1924e-03 9.0936e-01
564(1) 67231183380.27 -> 2.8214e-03 9.0583e-01
565(1) 106555147917.02 -> 6.8737e-03 9.9994e-01
566(1) 122798962108.75 -> 3.1216e-03 8.9914e-01
567(1) 164250690144.51 -> 2.5112e-03 8.1076e-01
568(1) 105487255938.13 -> 5.0064e-03 7.9745e-01
569(1) 99687146511.75 -> 5.6535e-03 9.6153e-01
570(1) 58773046363.49 -> 3.6073e-03 8.1419e-01
571(1) 112476683004.31 -> 2.2543e-03 8.9371e-01
572(1) 43067739548.11 -> 5.1994e-03 9.2240e-01
573(1) 42316283652.58 -> 1.2898e-03 7.3832e-01
574(1) 179786436898.39 -> 3.2928e-03 8.6174e-01
575(1) 62152222485.72 -> 3.0449e-03 9.3553e-01
576(1) 106269147150.63 -> 2.6841e-03 9.1173e-01
577(1) 106614752482.64 -> 1.9105e-03 8.4691e-01
578(1) 30923531302.15 -> 2.4929e-03 8.8917e-01
579(1) 103811800811.32 -> 2.1862e-03 8.6698e-01
580(1) 88917711808.30 -> 2.5322e-03 8.4912e-01
581(1) 72902619514.44 -> 1.4342e-03 8.3912e-01
582(1) 82392566227.98 -> 4.3514e-03 9.4246e-01
583(1) 152568968234.24 -> 2.8924e-03 7.3777e-01
584(1) 54222664736.51 -> 3.9805e-03 8.5783e-01
585(1) 56148924979.81 -> 2.8718e-03 8.0938e-01
586(1) 76256545057.57 -> 2.4827e-03 8.6336e-01
587(1) 135673122799.86 -> 3.5284e-03 8.2187e-01
588(1) 118326622345.31 -> 3.4509e-03 9.8251e-01
589(1) 72507690369.04 -> 1.7329e-03 7.5415e-01
590(1) 49788596380.48 -> 1.2192e-03 9.2620e-01
591(1) 134151087588.83 -> 2.4463e-03 8.2356e-01
592(1) 96773602886.14 -> 3.0320e-03 9.5062e-01
593(1) 103167203868.74 -> 2.0615e-03 8.7365e-01
594(1) 87077620374.48 -> 1.6040e-03 9.0706e-01
595(1) 114007555696.94 -> 3.3001e-03 9.0005e-01
596(1) 125803246760.63 -> 2.1195e-03 8.0001e-01
597(1) 102062802156.94 -> 2.2795e-03 8.2370e-01
598(1) 116440107923.92 -> 2.2745e-03 7.7282e-01
599(1) 104564905937.59 -> 1.6446e-03 8.3182e-01
600(1) 43683363293.75 -> 2.9701e-03 8.6963e-01
601(1) 56607146208.06 -> 2.4692e-03 7.3253e-01
602(1) 70050703216.25 -> 3.0379e-03 7.9475e-01
603(1) 137839174573.75 -> 2.8681e-03 8.4312e-01
604(1) 90907783226.80 -> 4.1278e-03 9.7329e-01
605(1) 33279247057.09 -> 2.8842e-03 8.6252e-01
606(1) 129545166225.11 -> 2.2131e-03 7.9071e-01
607(1) 52403350424.90 -> 2.7406e-03 9.0139e-01
608(1) 77599659672.44 -> 1.8677e-03 8.5120e-01
609(1) 95461962984.43 -> 2.0624e-03 8.0330e-01
610(1) 77675472258.44 -> 1.8584e-03 7.9149e-01
611(1) 60340267780.72 -> 6.7998e-03 1.0000e+00
612(1) 144504874175.79 -> 4.3212e-03 1.0000e+00
613(1) 59114990893.97 -> 3.4412e-03 8.6616e-01
614(1) 110400456962.01 -> 1.4641e-03 7.9703e-01
615(1) 67757710354.81 -> 1.8028e-03 8.4507e-01
616(1) 73034337129.54 -> 3.0264e-03 9.9713e-01
617(1) 131201935800.93 -> 2.5773e-03 8.8279e-01
618(1) 175243585236.89 -> 2.9729e-03 8.1145e-01
619(1) 106336720765.99 -> 9.2120e-04 6.4505e-01
620(1) 84687630901.34 -> 1.9066e-03 8.8262e-01
621(1) 46985325119.65 -> 2.0941e-03 8.0780e-01
622(1) 50208449152.78 -> 2.4125e-03 8.8350e-01
623(1) 71496553064.07 -> 2.4438e-03 8.1713e-01
624(1) 109758526447.83 -> 1.8297e-03 7.7812e-01
625(1) 164698590922.38 -> 2.4481e-03 8.9024e-01
626(1) 162407425057.19 -> 5.7516e-03 1.0000e+00
627(1) 59723039773.87 -> 1.9416e-03 7.7361e-01
628(1) 187857611737.96 -> 1.4140e-03 8.6879e-01
629(1) 132416503650.92 -> 8.5672e-04 7.4668e-01
630(1) 76348240447.45 -> 3.4971e-03 9.0866e-01
631(1) 121311026315.39 -> 1.9687e-03 8.3772e-01
632(1) 121504358493.27 -> 1.8133e-03 7.5954e-01
633(1) 138503574987.13 -> 2.4364e-03 7.7946e-01
634(1) 79053761058.37 -> 2.6125e-03 9.0841e-01
635(1) 116082662729.57 -> 4.0195e-03 8.5820e-01
636(1) 78725298599.84 -> 3.6594e-03 8.8093e-01
637(1) 118107502191.54 -> 1.3319e-03 6.9905e-01
638(1) 83388326516.83 -> 2.9966e-03 8.3332e-01
639(1) 90687140814.08 -> 4.5930e-03 8.6385e-01
640(1) 89286081774.60 -> 5.2963e-03 9.0877e-01
641(1) 67579992102.40 -> 6.2151e-03 9.7307e-01
642(1) 65075783727.77 -> 1.9108e-03 8.2419e-01
643(1) 55913050956.31 -> 1.1783e-03 8.1658e-01
644(1) 77126068596.49 -> 4.6732e-03 9.0415e-01
645(1) 59155024446.03 -> 2.5455e-03 7.6285e-01
646(1) 76171800441.59 -> 4.9188e-03 9.1634e-01
647(1) 84027091996.40 -> 1.5478e-03 7.8724e-01
648(1) 79299522245.80 -> 1.9251e-03 8.4583e-01
649(1) 152314288780.58 -> 2.2581e-03 9.4109e-01
650(1) 120677421802.07 -> 1.8021e-03 7.0168e-01
651(1) 105867366891.98 -> 2.6079e-03 9.1808e-01
652(1) 106923511865.98 -> 3.0126e-03 9.2545e-01
653(1) 104893752751.77 -> 5.8258e-03 1.0000e+00
654(1) 78516130683.72 -> 2.2156e-03 7.9861e-01
655(1) 221852129473.29 -> 1.4504e-03 7.2393e-01
656(1) 108021681302.65 -> 2.3131e-03 7.5833e-01
657(1) 64340899747.37 -> 8.5699e-03 9.8817e-01
658(1) 70402445601.32 -> 1.7827e-03 9.5683e-01
659(1) 68578392809.30 -> 7.9977e-03 1.0000e+00
660(1) 96290168742.18 -> 4.6711e-03 9.2723e-01
661(1) 114791260610.82 -> 2.7834e-03 7.7450e-01
662(1) 97897648551.00 -> 2.9633e-03 7.7267e-01
663(1) 139962968503.62 -> 3.1935e-03 8.5866e-01
664(1) 102537386389.19 -> 5.8327e-03 9.6812e-01
665(1) 123238996569.08 -> 2.0219e-03 8.1251e-01
666(1) 59760892638.59 -> 2.8178e-03 8.3265e-01
667(1) 141599554424.77 -> 4.4942e-03 8.4903e-01
668(1) 142109602604.68 -> 2.8501e-03 8.8980e-01
669(1) 173284215456.28 -> 4.0508e-03 8.8161e-01
670(1) 92167788327.69 -> 1.8646e-03 8.4705e-01
671(1) 158749367236.51 -> 2.2270e-03 7.3502e-01
672(1) 49273624845.00 -> 2.2506e-03 8.7638e-01
673(1) 130094952694.33 -> 8.9461e-03 9.7267e-01
674(1) 57654278757.78 -> 2.9450e-03 8.2487e-01
675(1) 140211631506.11 -> 3.0293e-03 8.8987e-01
676(1) 51845092466.93 -> 3.4747e-03 9.3024e-01
677(1) 84343193144.15 -> 1.6561e-03 9.1949e-01
678(1) 180445091253.02 -> 1.6062e-03 8.3254e-01
679(1) 92940750101.27 -> 2.9351e-03 8.1965e-01
680(1) 99944987635.12 -> 2.1282e-03 8.7707e-01
681(1) 45709464198.35 -> 7.8171e-04 7.1051e-01
682(1) 128233933626.17 -> 2.0694e-03 9.2245e-01
683(1) 101896061356.15 -> 1.7435e-03 8.1431e-01
684(1) 99037386342.52 -> 2.4941e-03 8.5560e-01
685(1) 147480442623.87 -> 2.1141e-03 8.6068e-01
686(1) 160623633400.82 -> 2.6052e-03 8.6021e-01
687(1) 103226695565.33 -> 4.2341e-03 9.3775e-01
688(1) 79614281553.10 -> 2.3741e-03 7.7620e-01
689(1) 104126766888.57 -> 1.4426e-03 8.4500e-01
690(1) 68832816151.52 -> 2.5471e-03 8.5861e-01
691(1) 99430667971.38 -> 2.4335e-03 8.5931e-01
692(1) 113875362100.27 -> 2.1513e-03 8.0558e-01
693(1) 163202697617.68 -> 2.0698e-03 8.3383e-01
694(1) 107674056801.39 -> 1.3886e-03 7.8124e-01
695(1) 183083680406.87 -> 2.2753e-03 8.5766e-01
696(1) 99388193688.68 -> 4.0461e-03 8.8413e-01
697(1) 99082565199.47 -> 7.9712e-03 9.7852e-01
698(1) 56329744603.66 -> 2.1305e-03 7.8182e-01
699(1) 84573322023.74 -> 1.6183e-03 8.4451e-01
700(1) 137580201250.83 -> 2.8443e-03 8.0398e-01
701(1) 48319615780.50 -> 1.9863e-03 8.8126e-01
702(1) 163603207642.46 -> 3.0183e-03 7.5323e-01
703(1) 115018447859.55 -> 2.0614e-03 8.9256e-01
704(1) 106871702292.76 -> 1.8255e-03 9.1043e-01
705(1) 107907486872.86 -> 5.5322e-03 9.4568e-01
706(1) 78532150344.98 -> 2.5894e-03 8.7767e-01
707(1) 59154116846.00 -> 1.9801e-03 8.1215e-01
708(1) 58482249561.81 -> 1.3617e-03 9.1124e-01
709(1) 159390186600.43 -> 2.4428e-03 8.7923e-01
710(1) 98392536691.75 -> 1.8912e-03 7.6032e-01
711(1) 119008614196.55 -> 6.7931e-04 7.0540e-01
712(1) 84865049876.99 -> 4.2043e-03 1.0000e+00
713(1) 83024338511.74 -> 2.1986e-03 8.0156e-01
714(1) 92977209259.90 -> 2.4947e-03 8.1460e-01
715(1) 74907288125.04 -> 1.6581e-03 8.1644e-01
716(1) 95591102797.61 -> 1.9383e-03 8.1499e-01
717(1) 91729676667.61 -> 2.3402e-03 8.9814e-01
718(1) 45024865897.90 -> 1.8209e-03 8.5982e-01
719(1) 89729188177.90 -> 1.8777e-03 7.2948e-01
720(1) 106291694669.05 -> 7.1347e-03 8.6027e-01
721(1) 120413957291.45 -> 1.8926e-03 8.5831e-01
722(1) 49363062380.60 -> 4.0280e-03 9.6492e-01
723(1) 87449226326.53 -> 1.6397e-03 9.2053e-01
724(1) 78071069923.81 -> 1.1717e-03 8.6250e-01
725(1) 82114404702.56 -> 2.0826e-03 8.9461e-01
726(1) 94240923318.01 -> 2.9036e-03 9.1044e-01
727(1) 160722206652.59 -> 6.3754e-03 9.3499e-01
728(1) 194935191053.16 -> 3.0371e-03 1.0000e+00
729(1) 178200305938.37 -> 2.4668e-03 8.0827e-01
730(1) 42938044791.66 -> 1.9744e-03 8.0797e-01
731(1) 129943553704.44 -> 1.3239e-03 7.4357e-01
732(1) 59181141413.36 -> 1.8025e-03 7.9914e-01
733(1) 22193339396.46 -> 2.0119e-03 8.1683e-01
734(1) 98928164348.59 -> 1.2710e-03 6.3169e-01
735(1) 71973392479.51 -> 1.3236e-03 7.3830e-01
736(1) 114420113028.79 -> 2.2389e-03 9.1715e-01
737(1) 116262812567.68 -> 3.3729e-03 8.8265e-01
738(1) 65731653257.91 -> 3.2285e-03 8.3808e-01
739(1) 138477357881.13 -> 2.0623e-03 8.9190e-01
740(1) 100775629078.53 -> 4.9122e-03 8.9151e-01
741(1) 131159344341.98 -> 2.4066e-03 8.8587e-01
742(1) 113656851367.01 -> 3.0959e-03 9.6552e-01
743(1) 59365812964.13 -> 3.2385e-03 9.9988e-01
744(1) 81144101838.12 -> 3.1342e-03 8.9539e-01
745(1) 147138305837.89 -> 2.3814e-03 8.5498e-01
746(1) 151144918018.23 -> 1.2907e-03 8.2467e-01
747(1) 101348041134.95 -> 2.1752e-03 7.6621e-01
748(1) 110695078142.26 -> 3.6924e-03 8.5776e-01
749(1) 121431303298.18 -> 3.2666e-03 9.4668e-01
750(1) 59414300007.61 -> 1.7756e-03 7.7172e-01
751(1) 90546315803.25 -> 3.1466e-03 9.4341e-01
752(1) 131834062429.39 -> 4.2969e-03 9.5007e-01
753(1) 97667642924.97 -> 4.5660e-03 9.2798e-01
754(1) 120447400265.00 -> 2.5006e-03 6.8037e-01
755(1) 83260528522.99 -> 1.2909e-03 8.1868e-01
756(1) 130081786993.83 -> 8.3867e-03 9.9999e-01
757(1) 104853757877.00 -> 1.5632e-03 8.0204e-01
758(1) 127251560324.33 -> 1.9083e-03 9.5980e-01
759(1) 56383494470.95 -> 2.3638e-03 7.5332e-01
760(1) 25509383972.28 -> 2.1550e-03 8.7184e-01
761(1) 94854467102.64 -> 3.4357e-03 9.0512e-01
762(1) 91353913008.22 -> 2.1423e-03 8.6160e-01
763(1) 87191338287.11 -> 3.5598e-03 9.1593e-01
764(1) 101848045721.38 -> 3.6910e-03 8.5806e-01
765(1) 76234182930.62 -> 2.2394e-03 8.6632e-01
766(1) 99708533157.95 -> 2.9986e-03 9.1598e-01
767(1) 91998375076.82 -> 1.4944e-03 8.3565e-01
768(1) 74642234655.38 -> 1.5702e-03 8.6763e-01
769(1) 66147420834.74 -> 3.3683e-03 9.6817e-01
770(1) 112139907818.07 -> 7.8338e-04 7.2623e-01
771(1) 84395416320.54 -> 2.7503e-03 7.3621e-01
772(1) 106481239055.87 -> 1.7115e-03 7.6627e-01
773(1) 122450405630.26 -> 3.2880e-03 9.2898e-01
774(1) 153541845487.24 -> 2.6790e-03 7.9287e-01
775(1) 120201729619.08 -> 2.8557e-03 8.7334e-01
776(1) 85751507615.63 -> 3.5213e-03 8.8132e-01
777(1) 130097387411.39 -> 2.4972e-03 9.1770e-01
778(1) 86282565457.50 -> 1.8151e-03 8.2780e-01
779(1) 58528259179.80 -> 2.6525e-03 8.8996e-01
780(1) 154669836395.37 -> 2.2699e-03 8.0835e-01
781(1) 144478525391.87 -> 1.3612e-03 7.5640e-01
782(1) 125283454007.70 -> 3.3813e-03 9.1608e-01
783(1) 80505237089.30 -> 2.5609e-03 8.7925e-01
784(1) 52075220938.67 -> 6.6445e-03 8.7180e-01
785(1) 77104072154.26 -> 3.3486e-03 8.7081e-01
786(1) 143541143837.18 -> 2.6827e-03 8.2569e-01
787(1) 77100298074.41 -> 1.7509e-03 8.6629e-01
788(1) 101029710212.42 -> 1.7594e-03 7.1249e-01
789(1) 92773061638.68 -> 2.6458e-03 9.0483e-01
790(1) 62226532952.93 -> 3.0351e-03 7.7970e-01
791(1) 99778445858.06 -> 6.1481e-03 9.6828e-01
792(1) 131166959088.29 -> 2.5974e-03 8.7355e-01
793(1) 103951894292.22 -> 5.4352e-03 8.3329e-01
794(1) 70769723143.22 -> 1.9939e-03 7.6008e-01
795(1) 139310680925.85 -> 1.9559e-03 7.7561e-01
796(1) 61882791458.65 -> 1.4866e-03 9.0134e-01
797(1) 87229299523.88 -> 1.9934e-03 8.3853e-01
798(1) 87762251366.19 -> 3.0553e-03 8.2540e-01
799(1) 56567987354.72 -> 1.9973e-03 7.2525e-01
800(1) 71058549344.55 -> 1.9007e-03 7.8316e-01
801(1) 101427370934.73 -> 3.9731e-03 9.7505e-01
802(1) 123189053373.33 -> 1.7622e-03 8.9294e-01
803(1) 152030643949.48 -> 9.6777e-04 8.2697e-01
804(1) 138372159718.12 -> 3.4720e-03 9.8550e-01
805(1) 65340653538.30 -> 2.6762e-03 7.9576e-01
806(1) 141786857319.49 -> 1.3316e-03 7.6540e-01
807(1) 71861854082.41 -> 2.0090e-03 8.0005e-01
808(1) 80309036953.40 -> 4.1225e-03 1.0000e+00
809(1) 93429227084.39 -> 2.7920e-03 8.6275e-01
810(1) 88839261887.53 -> 7.8789e-04 7.9200e-01
811(1) 109137938209.41 -> 1.9336e-03 9.4615e-01
812(1) 149524469425.74 -> 1.7338e-03 7.8348e-01
813(1) 113272764673.22 -> 3.5304e-03 8.3302e-01
814(1) 82878823793.02 -> 1.1767e-03 7.5520e-01
815(1) 137966621380.95 -> 1.9555e-03 8.7045e-01
816(1) 121214818188.16 -> 2.4690e-03 8.9386e-01
817(1) 61366841046.23 -> 2.9541e-03 8.8899e-01
818(1) 70403120495.08 -> 4.8904e-03 9.4465e-01
819(1) 84196660710.30 -> 5.1793e-03 9.3991e-01
820(1) 132910909891.20 -> 5.7323e-03 9.6219e-01
821(1) 83972287039.66 -> 2.6382e-03 7.5207e-01
822(1) 130465000739.26 -> 4.8305e-03 9.4729e-01
823(1) 28885122688.20 -> 1.8974e-03 8.3714e-01
824(1) 89020648217.12 -> 4.7245e-03 9.3525e-01
825(1) 142521344993.43 -> 1.8923e-03 7.8409e-01
826(1) 98303394237.35 -> 3.1157e-03 9.3453e-01
827(1) 113795245690.32 -> 1.4797e-03 8.4015e-01
828(1) 89066565695.79 -> 3.0960e-03 8.5908e-01
829(1) 163213268360.26 -> 3.4660e-03 8.9364e-01
830(1) 58244966657.95 -> 1.8194e-03 8.2345e-01
831(1) 100849904354.99 -> 8.7855e-04 6.5817e-01
832(1) 76744103730.21 -> 1.7816e-03 8.0024e-01
833(1) 92412061367.21 -> 1.2238e-03 7.5488e-01
834(1) 56820600021.40 -> 2.7781e-03 7.2480e-01
835(1) 49726840472.01 -> 2.8273e-03 8.4587e-01
836(1) 79766472971.64 -> 3.7481e-03 9.1670e-01
837(1) 124774629861.07 -> 2.6613e-03 8.8384e-01
838(1) 71806303658.00 -> 1.9278e-03 8.9342e-01
839(1) 107433183852.83 -> 1.7265e-03 7.4249e-01
840(1) 66833652329.95 -> 7.9124e-04 6.9944e-01
841(1) 95432178544.51 -> 2.1545e-03 8.5058e-01
842(1) 59568269112.75 -> 1.4380e-03 8.8328e-01
843(1) 119267364057.53 -> 2.2175e-03 8.5685e-01
844(1) 114014364751.43 -> 3.1753e-03 9.7255e-01
845(1) 57341024989.10 -> 2.4792e-03 9.0495e-01
846(1) 99032071605.66 -> 1.9593e-03 8.4631e-01
847(1) 82128323682.75 -> 2.0454e-03 8.2202e-01
848(1) 50832054461.98 -> 5.8941e-03 8.1144e-01
849(1) 39543204804.94 -> 3.6896e-03 9.3070e-01
850(1) 143875271924.72 -> 3.6975e-03 8.2761e-01
851(1) 79762182848.80 -> 1.4803e-03 7.5674e-01
852(1) 31218742155.99 -> 5.4853e-03 8.7165e-01
853(1) 91643914797.60 -> 1.3377e-03 8.3299e-01
854(1) 101724261449.76 -> 3.5163e-03 8.7159e-01
855(1) 84790673188.97 -> 9.5308e-03 9.9706e-01
856(1) 83879192307.31 -> 3.3533e-03 8.8849e-01
857(1) 114367435075.05 -> 2.3639e-03 7.4074e-01
858(1) 115695572813.40 -> 3.8694e-03 9.5746e-01
859(1) 71167123016.77 -> 7.3123e-04 7.9870e-01
860(1) 107549543369.62 -> 2.3067e-03 9.1081e-01
861(1) 79025922195.57 -> 2.5970e-03 8.6110e-01
862(1) 91736837907.60 -> 1.0915e-03 7.4079e-01
863(1) 80389555808.73 -> 1.7008e-03 8.1320e-01
864(1) 88994330998.17 -> 2.7722e-03 8.1261e-01
865(1) 126764654999.91 -> 2.5378e-03 7.9871e-01
866(1) 107800490808.72 -> 3.0281e-03 9.5859e-01
867(1) 76122979802.62 -> 1.6437e-03 7.3485e-01
868(1) 117708441728.23 -> 4.3737e-03 7.7078e-01
869(1) 38739936396.00 -> 1.6996e-03 8.6409e-01
870(1) 100058971818.23 -> 1.0422e-02 1.0000e+00
871(1) 86171969660.99 -> 3.8070e-03 9.3911e-01
872(1) 88088228079.56 -> 1.9449e-03 8.3326e-01
873(1) 128706398116.44 -> 2.2965e-03 8.5122e-01
874(1) 153774360547.22 -> 3.0016e-03 8.6608e-01
875(1) 90061041980.13 -> 8.9988e-03 9.0479e-01
876(1) 102933260283.65 -> 3.7707e-03 9.3157e-01
877(1) 146291747469.45 -> 3.7455e-03 9.3641e-01
878(1) 89145762331.15 -> 3.2912e-03 9.0494e-01
879(1) 117798757610.24 -> 2.1376e-03 7.4441e-01
880(1) 52334757051.69 -> 3.3082e-03 1.0000e+00
881(1) 108795072913.82 -> 2.3002e-03 8.6584e-01
882(1) 128881815700.49 -> 2.7671e-03 8.2901e-01
883(1) 14021408509.80 -> 2.6427e-03 8.9683e-01
884(1) 68893918296.65 -> 2.3681e-03 9.1589e-01
885(1) 157785375594.87 -> 2.7491e-03 8.6166e-01
886(1) 81770638133.98 -> 1.4592e-03 8.4844e-01
887(1) 118956832750.20 -> 1.8264e-03 9.1729e-01
888(1) 98443568618.80 -> 1.4555e-03 7.6087e-01
889(1) 52587465363.03 -> 3.3179e-03 9.4916e-01
890(1) 120793699986.05 -> 2.0216e-03 8.7225e-01
891(1) 102773346292.07 -> 2.4528e-03 8.5115e-01
892(1) 56974287961.61 -> 2.9701e-03 9.5728e-01
893(1) 162633245118.68 -> 2.1137e-03 8.0900e-01
894(1) 85585080661.10 -> 2.9584e-03 8.8150e-01
895(1) 82274249118.61 -> 2.2288e-03 8.1614e-01
896(1) 89201872110.66 -> 3.4806e-03 8.7425e-01
897(1) 46205734393.01 -> 1.8996e-03 8.0660e-01
898(1) 115960006919.62 -> 1.4858e-03 8.3706e-01
899(1) 69084063922.33 -> 2.7131e-03 7.7961e-01
900(1) 82562904669.98 -> 2.3780e-03 8.4411e-01
901(1) 67014586846.47 -> 1.8771e-03 8.0391e-01
902(1) 143213049096.03 -> 2.1733e-03 8.5775e-01
903(1) 61863797336.22 -> 3.1826e-03 8.8711e-01
904(1) 98735551635.28 -> 5.0150e-03 1.0000e+00
905(1) 67960997237.69 -> 3.8432e-03 8.8544e-01
906(1) 50786372824.83 -> 8.4837e-03 1.0000e+00
907(1) 157867931230.26 -> 2.0555e-03 8.0791e-01
908(1) 108942933854.53 -> 2.5949e-03 9.1165e-01
909(1) 111743157551.31 -> 5.2797e-03 9.3684e-01
910(1) 116865269683.60 -> 5.4462e-03 8.4065e-01
911(1) 185192738150.75 -> 3.2003e-03 7.9973e-01
912(1) 95176085713.84 -> 2.2269e-03 8.3366e-01
913(1) 74387711821.55 -> 6.6655e-03 9.9827e-01
914(1) 86238737898.77 -> 1.1662e-03 7.2129e-01
915(1) 47275050777.10 -> 1.0813e-03 6.5864e-01
916(1) 76846879861.35 -> 1.6683e-03 7.4794e-01
917(1) 97321275645.63 -> 2.2089e-03 9.0832e-01
918(1) 151071942157.47 -> 2.8603e-03 9.1269e-01
919(1) 86821853572.48 -> 2.8863e-03 9.4490e-01
920(1) 102807010545.70 -> 3.4196e-03 9.4487e-01
921(1) 81136381484.05 -> 2.6144e-03 8.7123e-01
922(1) 81259219420.59 -> 2.7994e-03 9.1493e-01
923(1) 81424836372.43 -> 2.7379e-03 8.3919e-01
924(1) 72999205491.78 -> 4.4661e-03 8.3123e-01
925(1) 53372125438.37 -> 2.5068e-03 7.8462e-01
926(1) 116469966900.18 -> 2.1586e-03 7.7803e-01
927(1) 101698741207.98 -> 2.7830e-03 8.6364e-01
928(1) 151321718850.48 -> 1.7130e-03 8.5941e-01
929(1) 116316680580.92 -> 3.3680e-03 9.3738e-01
930(1) 66376952340.10 -> 3.6873e-03 9.0219e-01
931(1) 42818408366.37 -> 5.8706e-03 9.4969e-01
932(1) 138796628409.13 -> 1.4309e-03 6.9907e-01
933(1) 70480223507.98 -> 1.4889e-03 7.8661e-01
934(1) 121849414349.67 -> 6.4803e-03 9.8385e-01
935(1) 116918016471.08 -> 2.9951e-03 8.9355e-01
936(1) 112067583439.10 -> 3.0593e-03 9.1360e-01
937(1) 94998512123.35 -> 3.7196e-03 9.1141e-01
938(1) 90822228726.15 -> 1.9323e-03 7.4539e-01
939(1) 116638175509.79 -> 5.4962e-03 9.1798e-01
940(1) 106551043941.89 -> 3.0198e-03 8.7596e-01
941(1) 123611736918.25 -> 1.4896e-03 8.3666e-01
942(1) 82936439750.18 -> 4.3985e-03 8.4360e-01
943(1) 178583798075.03 -> 1.8544e-03 8.1603e-01
944(1) 57023894228.77 -> 2.4829e-03 9.2377e-01
945(1) 66531283051.22 -> 2.9898e-03 7.7786e-01
946(1) 121565446527.42 -> 4.2138e-03 9.2147e-01
947(1) 123719343027.11 -> 3.9498e-03 7.5458e-01
948(1) 85092348925.55 -> 2.7501e-03 8.2003e-01
949(1) 72756280150.78 -> 2.3209e-03 8.3087e-01
950(1) 46352973050.92 -> 1.0677e-03 8.1138e-01
951(1) 77104621399.87 -> 2.2724e-03 8.7275e-01
952(1) 79378528543.10 -> 1.8537e-03 8.3002e-01
953(1) 90966106467.97 -> 2.0814e-03 7.7724e-01
954(1) 87526111769.99 -> 2.1002e-03 8.6687e-01
955(1) 100107959816.95 -> 3.3505e-03 8.7214e-01
956(1) 116619100273.47 -> 2.4733e-03 9.0716e-01
957(1) 116094009964.57 -> 5.4970e-03 9.8545e-01
958(1) 126874362635.84 -> 2.6735e-03 8.0559e-01
959(1) 91048400489.41 -> 5.5551e-04 6.0318e-01
960(1) 89889220720.43 -> 3.6113e-03 9.6135e-01
961(1) 123660853219.81 -> 5.7300e-03 8.6703e-01
962(1) 162798405189.88 -> 3.0951e-03 8.5481e-01
963(1) 86537989342.46 -> 3.7245e-03 9.3368e-01
964(1) 126152715569.18 -> 3.3703e-03 1.0000e+00
965(1) 91709631152.64 -> 4.3650e-03 9.0733e-01
966(1) 129061413546.93 -> 4.1840e-03 9.2031e-01
967(1) 55300213705.76 -> 3.5841e-03 8.4768e-01
968(1) 64220960912.99 -> 6.8653e-03 9.8796e-01
969(1) 117955712687.15 -> 2.9635e-03 8.4202e-01
970(1) 82228611959.07 -> 4.7888e-03 9.2075e-01
971(1) 121459856065.33 -> 3.0708e-03 8.9766e-01
972(1) 156645107466.97 -> 2.3593e-03 7.3522e-01
973(1) 138214674967.53 -> 2.8218e-03 8.5621e-01
974(1) 70816633596.10 -> 2.0802e-03 7.5422e-01
975(1) 63370945829.16 -> 2.7188e-03 8.7481e-01
976(1) 62052319790.38 -> 1.9254e-03 8.6579e-01
977(1) 115654592592.20 -> 2.6364e-03 9.4988e-01
978(1) 72470044033.94 -> 8.8949e-03 9.1287e-01
979(1) 121694644903.83 -> 2.4660e-03 8.2211e-01
980(1) 70900532864.91 -> 4.5526e-03 9.1716e-01
981(1) 87030421205.79 -> 1.0582e-02 1.0000e+00
982(1) 88568570091.15 -> 1.5339e-03 7.3573e-01
983(1) 49678965818.05 -> 2.0849e-03 8.5723e-01
984(1) 145602787167.52 -> 1.5245e-03 8.0159e-01
985(1) 61814805990.09 -> 1.9679e-03 7.7094e-01
986(1) 94535434916.28 -> 3.9330e-03 9.9496e-01
987(1) 137653864487.20 -> 2.2602e-03 8.0953e-01
988(1) 87431466155.71 -> 1.7551e-03 8.8032e-01
989(1) 156642715842.37 -> 5.0406e-03 8.1369e-01
990(1) 121848261351.80 -> 2.3312e-03 8.3637e-01
991(1) 125777662759.53 -> 1.5988e-03 7.9815e-01
992(1) 73747777454.45 -> 2.0187e-03 9.0570e-01
993(1) 87463076630.24 -> 2.9630e-03 9.1571e-01
994(1) 81186688017.01 -> 4.0625e-03 9.9424e-01
995(1) 60665637018.17 -> 2.4508e-03 9.1509e-01
996(1) 148006416155.81 -> 5.5027e-03 9.0394e-01
997(1) 58646830840.17 -> 2.3264e-03 7.8854e-01
998(1) 130022466856.12 -> 2.5728e-03 8.1905e-01
999(1) 131407498702.74 -> 4.8771e-03 9.9849e-01
1000(1) 69077739848.27 -> 3.2406e-03 8.9699e-01
