1(1) 133193309708.458 -> 7.664e-04 6.311e-01
2(1) 90150819507.083 -> 3.950e-03 9.063e-01
3(1) 115081553445.711 -> 1.665e-03 6.164e-01
4(1) 164618531433.537 -> 1.129e-03 6.515e-01
5(1) 122399902872.872 -> 2.246e-03 8.279e-01
6(1) 113434842664.037 -> 7.159e-04 6.693e-01
7(1) 132496514977.569 -> 7.926e-03 9.999e-01
8(1) 57906874716.161 -> 1.844e-03 7.588e-01
9(1) 114943622295.069 -> 1.212e-03 7.106e-01
10(1) 146094596959.387 -> 3.638e-03 7.892e-01
11(1) 116751979106.979 -> 3.270e-03 7.794e-01
12(1) 131647889451.034 -> 2.458e-03 8.083e-01
13(1) 112699506719.504 -> 3.829e-03 7.607e-01
14(1) 163188143815.229 -> 3.166e-03 8.591e-01
15(1) 122038139743.579 -> 1.818e-03 8.131e-01
16(1) 80512660192.171 -> 3.695e-03 7.670e-01
17(1) 77696986012.564 -> 1.912e-03 7.359e-01
18(1) 91066167945.164 -> 1.535e-03 7.690e-01
19(1) 79984529933.018 -> 9.766e-04 6.357e-01
20(1) 132896778983.673 -> 9.521e-04 6.162e-01
21(1) 78163185658.143 -> 1.226e-03 7.146e-01
22(1) 112638919118.273 -> 2.275e-03 8.685e-01
23(1) 108173672460.960 -> 2.271e-03 6.832e-01
24(1) 194456459702.051 -> 3.553e-03 8.913e-01
25(1) 116014437436.219 -> 2.073e-03 7.189e-01
26(1) 106793835327.850 -> 3.700e-04 6.349e-01
27(1) 45076048974.341 -> 3.556e-04 6.400e-01
28(1) 123133892905.665 -> 1.724e-03 6.650e-01
29(1) 138820255951.796 -> 2.959e-03 8.276e-01
30(1) 99316490556.741 -> 4.234e-03 8.618e-01
31(1) 86729221292.858 -> 1.984e-03 7.994e-01
32(1) 163947345995.060 -> 8.353e-04 6.255e-01
33(1) 59893355737.686 -> 2.822e-03 8.838e-01
34(1) 145511427441.256 -> 1.899e-03 6.947e-01
35(1) 151168297430.932 -> 3.130e-03 7.993e-01
36(1) 101476505800.381 -> 4.665e-04 6.669e-01
37(1) 108028790417.858 -> 9.764e-04 7.709e-01
38(1) 89527024689.087 -> 1.539e-03 5.833e-01
39(1) 92097326199.596 -> 1.849e-03 6.981e-01
40(1) 110403953292.992 -> 3.266e-03 8.203e-01
41(1) 110040612476.315 -> 2.290e-03 6.604e-01
42(1) 142920760415.280 -> 6.467e-03 9.467e-01
43(1) 174446741549.013 -> 1.689e-03 7.579e-01
44(1) 152888065200.291 -> 2.007e-03 7.308e-01
45(1) 102689821962.022 -> 3.139e-03 7.753e-01
46(1) 76995176974.262 -> 3.411e-03 8.143e-01
47(1) 121553998542.628 -> 2.861e-03 7.637e-01
48(1) 65764623438.313 -> 2.361e-03 7.445e-01
49(1) 124143252686.112 -> 3.704e-03 7.881e-01
50(1) 135456703909.911 -> 2.257e-03 7.860e-01
51(1) 110111816912.064 -> 1.645e-03 8.418e-01
52(1) 102634556904.757 -> 1.789e-03 7.283e-01
53(1) 139643743392.939 -> 5.387e-04 7.371e-01
54(1) 111776072032.816 -> 1.780e-03 8.268e-01
55(1) 147079503133.079 -> 9.447e-04 6.308e-01
56(1) 174592666374.836 -> 1.743e-03 7.363e-01
57(1) 78213469871.114 -> 6.340e-04 5.954e-01
58(1) 111126656729.164 -> 5.565e-04 7.272e-01
59(1) 63324757778.426 -> 2.806e-03 7.971e-01
60(1) 93681380172.650 -> 2.005e-03 7.657e-01
61(1) 131915431583.713 -> 9.794e-04 7.546e-01
62(1) 124905744281.496 -> 7.466e-04 7.417e-01
63(1) 75175778352.704 -> 2.603e-03 8.376e-01
64(1) 137353942822.762 -> 2.479e-03 7.386e-01
65(1) 95512746645.956 -> 1.057e-03 7.314e-01
1(1) 137017931698.249 -> 2.588e-03 7.438e-01
2(1) 194088893586.364 -> 1.062e-03 8.113e-01
3(1) 111432347203.822 -> 4.522e-03 7.260e-01
4(1) 163299720252.996 -> 3.757e-03 9.450e-01
5(1) 155872650020.133 -> 8.610e-04 6.174e-01
6(1) 94517739020.118 -> 2.044e-03 7.778e-01
7(1) 91341131468.993 -> 2.337e-03 7.944e-01
8(1) 98531856324.144 -> 6.399e-03 1.000e+00
9(1) 120848748578.668 -> 2.522e-03 7.116e-01
1(1) 136480953932.610 -> 5.985e-04 6.044e-01
2(1) 96590904240.160 -> 3.075e-03 6.633e-01
3(1) 89448679861.862 -> 1.949e-03 7.116e-01
4(1) 147244556495.303 -> 1.876e-03 6.267e-01
5(1) 121532196709.519 -> 3.352e-04 7.559e-01
6(1) 80636299230.431 -> 5.459e-04 6.492e-01
7(1) 97892399614.041 -> 2.172e-03 7.263e-01
8(1) 109531540527.460 -> 2.431e-03 7.525e-01
9(1) 128352461663.334 -> 2.472e-03 9.305e-01
10(1) 135495986723.027 -> 1.552e-03 7.286e-01
11(1) 66193662630.589 -> 1.406e-03 6.924e-01
12(1) 164404034081.034 -> 2.041e-03 6.063e-01
13(1) 101086659612.357 -> 2.744e-03 6.747e-01
14(1) 115967064596.633 -> 1.823e-03 7.415e-01
1(1) 96229965830.023 -> 1.377e-03 6.943e-01
2(1) 155522666532.511 -> 8.834e-03 9.037e-01
3(1) 126434066622.881 -> 3.217e-03 8.175e-01
4(1) 143761026790.180 -> 1.059e-03 7.700e-01
5(1) 78066425691.779 -> 3.299e-04 6.265e-01
6(1) 169961021546.139 -> 1.733e-03 7.719e-01
7(1) 115144149985.337 -> 1.742e-03 7.745e-01
8(1) 95881345843.499 -> 4.344e-03 8.417e-01
9(1) 83720131461.395 -> 1.116e-03 6.415e-01
10(1) 121448718972.581 -> 1.981e-03 7.132e-01
11(1) 63733274264.155 -> 1.974e-03 6.825e-01
12(1) 77285203588.759 -> 1.883e-03 7.074e-01
13(1) 117034907867.463 -> 6.294e-04 6.453e-01
14(1) 142593185831.671 -> 2.950e-03 7.461e-01
15(1) 158208942291.497 -> 9.387e-04 6.544e-01
16(1) 146064042178.405 -> 2.439e-03 7.749e-01
17(1) 122612092685.877 -> 3.665e-03 7.827e-01
18(1) 125835135948.623 -> 1.971e-03 7.491e-01
1(1) 144955059521.863 -> 7.504e-04 6.897e-01
2(1) 94059636405.094 -> 1.260e-03 7.152e-01
3(1) 37827165420.395 -> 2.468e-03 6.722e-01
4(1) 63702854196.187 -> 1.674e-03 7.198e-01
5(1) 98324705848.887 -> 3.600e-03 7.612e-01
6(1) 124149739138.039 -> 3.280e-03 8.491e-01
7(1) 184427268544.389 -> 2.186e-03 7.917e-01
8(1) 112134312555.053 -> 4.150e-03 8.641e-01
9(1) 127238802004.755 -> 2.813e-03 8.506e-01
10(1) 64926525884.613 -> 4.055e-03 7.197e-01
11(1) 60681356050.708 -> 3.785e-03 7.664e-01
12(1) 135112163944.476 -> 2.619e-03 7.066e-01
13(1) 138420372495.716 -> 5.652e-03 8.630e-01
14(1) 131245233225.157 -> 2.307e-03 7.194e-01
15(1) 144259921253.235 -> 1.580e-03 7.194e-01
16(1) 138668714230.522 -> 3.394e-03 7.140e-01
17(1) 109026061814.306 -> 5.830e-03 1.000e+00
1(1) 101352568667.102 -> 8.972e-04 6.296e-01
2(1) 67246885128.701 -> 2.316e-03 8.082e-01
3(1) 111610938934.801 -> 1.629e-03 7.570e-01
4(1) 131077627008.418 -> 2.723e-03 7.633e-01
5(1) 101504544616.249 -> 6.282e-03 1.000e+00
6(1) 164359774266.939 -> 1.864e-03 7.703e-01
7(1) 121909079069.299 -> 6.766e-04 6.044e-01
8(1) 58979475966.304 -> 1.449e-03 6.375e-01
9(1) 166002517266.436 -> 6.411e-03 9.584e-01
10(1) 57507110290.419 -> 3.277e-03 7.414e-01
11(1) 88141225646.277 -> 6.151e-03 7.323e-01
12(1) 88945061106.034 -> 1.503e-03 7.275e-01
13(1) 79843158350.319 -> 2.432e-03 7.740e-01
14(1) 120093980766.788 -> 1.363e-03 7.658e-01
15(1) 95184013543.599 -> 7.191e-04 6.672e-01
16(1) 64588127255.166 -> 3.232e-03 8.157e-01
17(1) 72505804368.442 -> 2.505e-03 7.955e-01
18(1) 74271108828.388 -> 2.525e-03 7.122e-01
19(1) 143191030487.552 -> 4.524e-04 7.014e-01
20(1) 82542059307.130 -> 3.889e-03 7.860e-01
21(1) 121019692524.516 -> 1.611e-03 6.719e-01
22(1) 112882296260.599 -> 2.041e-03 8.898e-01
23(1) 136943051685.444 -> 2.587e-03 8.074e-01
24(1) 73070349214.921 -> 1.436e-03 5.923e-01
25(1) 82703707785.503 -> 3.792e-03 9.534e-01
26(1) 136287410707.427 -> 1.796e-03 7.489e-01
27(1) 128467703426.950 -> 4.602e-03 8.068e-01
28(1) 135585793222.616 -> 3.592e-03 8.728e-01
29(1) 86143951718.993 -> 1.785e-03 7.819e-01
30(1) 111955490022.290 -> 7.034e-04 7.644e-01
31(1) 108886526972.007 -> 1.086e-03 7.704e-01
32(1) 144796223004.195 -> 2.991e-03 8.513e-01
33(1) 111554674697.722 -> 1.412e-03 6.463e-01
34(1) 135890039086.003 -> 1.406e-03 7.298e-01
35(1) 101730308835.074 -> 5.987e-04 6.712e-01
36(1) 96635310814.125 -> 5.296e-03 7.311e-01
37(1) 96257206895.124 -> 2.952e-03 7.857e-01
38(1) 136414662711.722 -> 2.067e-03 6.722e-01
39(1) 44608181813.833 -> 3.285e-03 7.769e-01
40(1) 110118057806.777 -> 1.188e-03 6.575e-01
41(1) 127372970878.815 -> 1.346e-03 8.723e-01
42(1) 80322059010.015 -> 3.060e-03 7.159e-01
43(1) 104483626931.748 -> 1.815e-03 8.180e-01
44(1) 125544456336.640 -> 1.316e-03 7.723e-01
45(1) 86851454294.347 -> 5.053e-03 7.873e-01
46(1) 102326349827.758 -> 1.694e-03 6.592e-01
47(1) 134899603529.180 -> 3.327e-03 7.737e-01
48(1) 96681054043.699 -> 4.974e-04 6.730e-01
49(1) 175068235438.782 -> 9.432e-04 6.244e-01
50(1) 98294920913.701 -> 1.276e-03 7.571e-01
51(1) 65988918168.486 -> 2.351e-03 8.098e-01
52(1) 99860229153.447 -> 5.577e-04 6.307e-01
53(1) 65841814397.076 -> 2.481e-03 7.557e-01
54(1) 150702584641.761 -> 3.727e-03 6.424e-01
55(1) 158561559359.625 -> 2.066e-03 7.527e-01
56(1) 102612670180.174 -> 1.825e-03 7.235e-01
57(1) 107769460496.821 -> 1.996e-03 6.045e-01
58(1) 137331478848.145 -> 2.436e-03 7.454e-01
59(1) 148343771915.406 -> 3.263e-03 8.973e-01
60(1) 72165318923.908 -> 1.676e-03 7.604e-01
61(1) 189966111225.273 -> 1.419e-03 7.553e-01
62(1) 79086521826.462 -> 2.275e-03 6.728e-01
63(1) 92995499151.664 -> 1.420e-03 7.680e-01
64(1) 162906067115.332 -> 8.968e-04 6.690e-01
65(1) 106629034418.426 -> 3.108e-03 7.738e-01
66(1) 145018686790.589 -> 8.601e-04 8.236e-01
67(1) 139531490679.489 -> 2.003e-03 7.337e-01
68(1) 134794796994.811 -> 1.671e-03 6.962e-01
69(1) 64195943367.352 -> 7.758e-04 5.913e-01
70(1) 115958032241.400 -> 1.217e-03 6.934e-01
71(1) 117942268311.587 -> 1.004e-03 7.665e-01
72(1) 85022737196.396 -> 1.796e-03 7.679e-01
73(1) 202988459239.916 -> 2.817e-03 7.661e-01
1(1) 104144567489.222 -> 1.487e-03 6.877e-01
2(1) 86272177670.910 -> 2.718e-03 8.449e-01
3(1) 146568184316.487 -> 5.040e-03 1.000e+00
4(1) 81610273451.593 -> 2.134e-03 6.840e-01
5(1) 177986303956.808 -> 2.462e-03 7.084e-01
6(1) 78584929675.853 -> 2.230e-03 6.968e-01
7(1) 181700938222.368 -> 5.058e-04 7.056e-01
8(1) 177676196655.021 -> 2.922e-03 8.434e-01
1(1) 129066306526.331 -> 3.002e-03 7.053e-01
2(1) 102155624438.433 -> 3.956e-03 8.045e-01
3(1) 67396765022.973 -> 3.267e-03 8.231e-01
4(1) 140422854109.811 -> 6.577e-04 7.089e-01
5(1) 112027321133.706 -> 3.021e-03 6.684e-01
6(1) 143592845659.931 -> 1.725e-03 7.796e-01
7(1) 153982003919.951 -> 4.169e-03 7.869e-01
8(1) 128692650997.304 -> 1.781e-03 6.525e-01
9(1) 120966222635.837 -> 2.806e-03 8.870e-01
10(1) 130284608412.329 -> 1.800e-03 7.205e-01
11(1) 152648528703.444 -> 2.457e-03 8.381e-01
12(1) 124583998909.216 -> 3.111e-03 8.697e-01
13(1) 136994824958.863 -> 5.320e-03 7.833e-01
14(1) 69585300054.758 -> 2.594e-03 7.295e-01
15(1) 130027258046.055 -> 7.892e-03 9.742e-01
16(1) 153957004526.967 -> 2.151e-03 7.563e-01
17(1) 109411204257.585 -> 5.336e-04 6.690e-01
18(1) 108900340282.947 -> 1.037e-03 6.923e-01
19(1) 107823210466.343 -> 5.829e-03 8.730e-01
20(1) 146524515500.934 -> 2.089e-03 7.828e-01
21(1) 177484025353.223 -> 8.835e-04 6.903e-01
22(1) 79356395217.042 -> 1.648e-03 7.604e-01
1(1) 181609645923.371 -> 7.002e-03 9.120e-01
2(1) 83221972916.039 -> 3.172e-03 7.769e-01
3(1) 119377499559.337 -> 1.970e-03 8.098e-01
4(1) 85788696407.388 -> 1.996e-03 8.647e-01
5(1) 82884806919.614 -> 9.413e-04 7.726e-01
6(1) 145203556457.286 -> 3.379e-04 6.296e-01
7(1) 167791778499.019 -> 7.796e-04 6.690e-01
8(1) 101746227395.308 -> 1.004e-03 6.319e-01
9(1) 52949623255.428 -> 1.828e-03 7.746e-01
1(1) 105310417353.127 -> 2.017e-03 8.807e-01
2(1) 106152573875.171 -> 4.637e-03 7.684e-01
3(1) 79643107197.582 -> 2.000e-03 7.568e-01
4(1) 83462776020.091 -> 1.125e-03 7.010e-01
5(1) 120740239553.999 -> 1.665e-03 6.902e-01
6(1) 136711381551.889 -> 1.442e-03 8.855e-01
7(1) 110353449985.909 -> 3.217e-04 6.638e-01
8(1) 123088374442.007 -> 1.613e-03 7.594e-01
9(1) 126538066619.663 -> 2.420e-03 6.726e-01
10(1) 117550838852.938 -> 1.657e-03 6.897e-01
11(1) 128196519990.444 -> 2.309e-03 8.171e-01
12(1) 152678195067.456 -> 4.187e-03 7.513e-01
13(1) 130953743480.874 -> 5.730e-03 8.255e-01
14(1) 115417572052.158 -> 1.855e-03 8.129e-01
15(1) 128274670562.497 -> 7.251e-04 7.685e-01
16(1) 102557160537.748 -> 1.635e-03 6.941e-01
17(1) 88320394007.049 -> 7.230e-04 6.298e-01
18(1) 74146734619.568 -> 4.928e-03 7.156e-01
19(1) 106337789700.698 -> 1.214e-03 7.329e-01
20(1) 153383374282.383 -> 4.536e-03 1.000e+00
21(1) 147808174815.270 -> 1.950e-03 8.479e-01
22(1) 137279543616.888 -> 2.878e-03 8.259e-01
23(1) 117635045018.862 -> 9.180e-03 1.000e+00
24(1) 137945322436.261 -> 1.081e-03 7.438e-01
25(1) 134718452292.190 -> 6.880e-04 7.408e-01
26(1) 65478832371.581 -> 2.920e-03 7.684e-01
27(1) 108877259857.868 -> 4.917e-04 6.903e-01
28(1) 136555244455.828 -> 4.739e-03 8.757e-01
29(1) 81021542839.388 -> 1.708e-03 6.811e-01
30(1) 100576259727.159 -> 1.143e-03 6.011e-01
31(1) 82487073983.509 -> 3.216e-03 7.791e-01
32(1) 154378189812.556 -> 1.163e-03 7.302e-01
33(1) 93059078976.101 -> 3.946e-04 7.341e-01
34(1) 135057720846.185 -> 5.504e-03 7.970e-01
35(1) 68885434058.444 -> 1.134e-03 7.329e-01
36(1) 61691905436.857 -> 2.560e-03 6.838e-01
37(1) 100830777135.698 -> 5.405e-04 6.494e-01
38(1) 98390634014.859 -> 1.937e-03 7.155e-01
39(1) 138278066630.506 -> 4.202e-03 7.926e-01
40(1) 106713251153.077 -> 2.565e-03 7.442e-01
41(1) 93596485752.456 -> 3.142e-03 7.307e-01
42(1) 125286384770.024 -> 6.107e-03 8.069e-01
43(1) 122190476706.323 -> 6.772e-04 6.020e-01
44(1) 102558746185.998 -> 1.475e-03 6.123e-01
45(1) 88351971670.288 -> 2.178e-03 8.116e-01
46(1) 93422199593.590 -> 4.002e-03 8.635e-01
47(1) 118154313497.523 -> 3.826e-03 7.235e-01
48(1) 108769006809.082 -> 3.427e-03 8.345e-01
49(1) 94648535217.773 -> 4.191e-03 7.828e-01
50(1) 149124064943.701 -> 3.342e-03 7.601e-01
51(1) 62077073134.577 -> 4.847e-03 7.612e-01
52(1) 103888132289.231 -> 1.578e-03 7.096e-01
53(1) 82402675451.529 -> 8.132e-04 7.919e-01
54(1) 116638443702.100 -> 7.390e-03 1.000e+00
55(1) 133189165190.731 -> 1.522e-03 7.831e-01
56(1) 95206719894.788 -> 4.035e-03 9.147e-01
57(1) 170162139556.588 -> 7.373e-04 7.196e-01
58(1) 103826420939.085 -> 2.594e-03 7.021e-01
59(1) 155681521464.204 -> 2.891e-03 8.810e-01
60(1) 92954398308.797 -> 1.351e-03 7.229e-01
61(1) 110797748664.017 -> 6.464e-03 9.141e-01
62(1) 85072291859.606 -> 5.426e-03 9.738e-01
63(1) 115669783531.846 -> 5.571e-03 9.861e-01
1(1) 134556195610.285 -> 2.731e-03 7.147e-01
2(1) 87628261871.534 -> 7.455e-04 6.054e-01
3(1) 139523062007.449 -> 1.381e-03 7.132e-01
4(1) 69618304562.334 -> 1.226e-03 6.613e-01
5(1) 87085863639.855 -> 1.927e-03 7.138e-01
6(1) 89542157172.374 -> 1.903e-03 7.767e-01
7(1) 99090932035.478 -> 2.817e-03 8.417e-01
8(1) 107430409988.400 -> 5.390e-04 7.806e-01
9(1) 102169663486.881 -> 1.513e-03 7.189e-01
10(1) 40748041819.400 -> 2.898e-03 7.803e-01
11(1) 115268580808.522 -> 2.697e-03 8.173e-01
12(1) 74098638555.851 -> 1.476e-03 7.653e-01
13(1) 114092411376.163 -> 4.281e-03 7.038e-01
14(1) 84410697749.724 -> 8.814e-04 6.041e-01
15(1) 200807971526.590 -> 1.749e-03 7.770e-01
16(1) 157890020934.717 -> 4.274e-04 6.743e-01
17(1) 108764998071.358 -> 3.773e-03 9.590e-01
18(1) 86368698179.621 -> 3.622e-03 7.542e-01
19(1) 119134322105.261 -> 1.673e-03 8.907e-01
20(1) 80101832601.653 -> 1.656e-03 7.662e-01
21(1) 125950769983.120 -> 1.132e-03 6.464e-01
22(1) 94358992197.538 -> 1.062e-03 7.200e-01
23(1) 135838254254.287 -> 2.555e-03 8.516e-01
24(1) 90669266667.403 -> 2.220e-03 7.983e-01
25(1) 78683752146.497 -> 1.572e-03 6.277e-01
26(1) 195637471877.323 -> 9.014e-04 6.935e-01
27(1) 114304985014.557 -> 2.876e-03 7.722e-01
28(1) 80034557044.842 -> 1.542e-03 7.729e-01
29(1) 104523307688.476 -> 6.825e-04 6.556e-01
30(1) 68830065637.856 -> 8.903e-03 1.000e+00
31(1) 136568249372.710 -> 1.918e-03 5.586e-01
32(1) 129986668177.962 -> 6.490e-03 1.000e+00
33(1) 143374363441.404 -> 5.413e-03 9.959e-01
34(1) 92052795894.298 -> 2.253e-03 8.157e-01
35(1) 92652172248.009 -> 3.937e-03 8.308e-01
36(1) 84851330617.962 -> 7.389e-03 9.448e-01
37(1) 155961377212.128 -> 5.732e-04 6.161e-01
38(1) 83389286438.196 -> 7.538e-04 6.129e-01
39(1) 109006279647.115 -> 4.059e-03 1.000e+00
40(1) 115557703447.727 -> 3.442e-03 6.997e-01
41(1) 112047067289.131 -> 8.038e-03 8.844e-01
42(1) 128522810261.065 -> 3.547e-03 7.773e-01
43(1) 119021373682.274 -> 1.334e-03 6.588e-01
1(1) 68945008725.544 -> 2.206e-03 6.352e-01
2(1) 122898499793.453 -> 1.304e-03 6.381e-01
3(1) 87649949111.646 -> 1.152e-03 7.291e-01
4(1) 50940630225.353 -> 4.228e-03 8.004e-01
5(1) 155439365259.892 -> 9.552e-04 6.391e-01
6(1) 92449060075.495 -> 5.091e-03 7.871e-01
7(1) 116403126396.421 -> 2.614e-03 8.801e-01
8(1) 102973767249.859 -> 1.475e-03 6.248e-01
9(1) 107409411713.934 -> 2.092e-03 7.389e-01
10(1) 88176503402.047 -> 1.716e-03 7.638e-01
11(1) 99435441475.306 -> 3.268e-03 8.605e-01
12(1) 76467407207.228 -> 4.301e-03 7.338e-01
13(1) 75126119553.238 -> 1.684e-03 6.903e-01
14(1) 133160275509.985 -> 2.836e-03 9.148e-01
15(1) 109219933300.901 -> 1.809e-03 7.881e-01
16(1) 99130603365.059 -> 3.671e-03 7.582e-01
17(1) 96732540008.715 -> 5.748e-03 8.985e-01
18(1) 131168671093.444 -> 4.482e-03 1.000e+00
19(1) 135626354338.975 -> 6.940e-03 1.000e+00
1(1) 95059771406.513 -> 2.057e-03 6.738e-01
2(1) 111176332289.952 -> 2.093e-03 7.473e-01
3(1) 97548861973.628 -> 2.172e-03 7.717e-01
4(1) 151643480677.252 -> 1.436e-03 6.491e-01
5(1) 81390450749.127 -> 2.579e-03 7.979e-01
6(1) 58037536369.762 -> 2.013e-03 6.171e-01
7(1) 119825612978.638 -> 2.695e-03 6.664e-01
8(1) 119502359409.562 -> 6.588e-03 8.424e-01
9(1) 119466661504.550 -> 1.618e-03 6.282e-01
10(1) 127076276665.636 -> 8.902e-04 7.046e-01
11(1) 122699382599.309 -> 1.035e-03 6.616e-01
12(1) 166153726544.384 -> 1.002e-03 6.072e-01
13(1) 123991271344.721 -> 2.319e-03 7.440e-01
14(1) 83658584325.824 -> 1.645e-03 6.736e-01
15(1) 144664483773.807 -> 8.121e-03 8.690e-01
16(1) 89092055218.171 -> 1.474e-03 7.414e-01
17(1) 95757738773.200 -> 2.218e-03 6.959e-01
18(1) 121325723923.722 -> 1.631e-03 8.632e-01
19(1) 113954275824.088 -> 5.045e-03 8.581e-01
20(1) 88022072820.670 -> 5.304e-03 8.970e-01
21(1) 95460202991.855 -> 1.206e-03 6.002e-01
22(1) 100748819994.410 -> 2.899e-03 8.105e-01
23(1) 65212445262.677 -> 2.532e-03 7.330e-01
24(1) 68576244308.789 -> 1.780e-03 7.282e-01
25(1) 149961247440.959 -> 3.897e-03 8.044e-01
26(1) 48589767181.896 -> 2.620e-03 7.556e-01
27(1) 137426132128.375 -> 1.806e-03 6.310e-01
28(1) 158239039690.708 -> 1.519e-03 6.337e-01
29(1) 139127001470.183 -> 2.375e-03 7.066e-01
1(1) 134496887751.369 -> 2.076e-03 6.224e-01
2(1) 109870088026.731 -> 5.706e-04 6.769e-01
3(1) 132313524618.245 -> 2.574e-03 8.516e-01
4(1) 108196879415.581 -> 8.339e-04 6.137e-01
5(1) 137020286592.708 -> 5.721e-04 6.669e-01
6(1) 74425323647.540 -> 3.312e-03 7.813e-01
1(1) 130772814988.402 -> 1.597e-03 6.922e-01
2(1) 75742493697.685 -> 6.921e-03 9.464e-01
3(1) 125231256376.613 -> 1.585e-03 7.924e-01
4(1) 104740406173.708 -> 6.221e-04 6.695e-01
5(1) 123933983722.826 -> 1.435e-03 6.680e-01
6(1) 123782171589.689 -> 3.597e-03 8.104e-01
7(1) 136319684677.875 -> 1.202e-03 6.307e-01
8(1) 214837407790.920 -> 1.118e-03 6.879e-01
9(1) 97389873261.059 -> 1.881e-03 7.026e-01
10(1) 194520380275.070 -> 1.109e-03 7.425e-01
11(1) 136499982020.567 -> 3.909e-03 8.581e-01
12(1) 228349247565.920 -> 1.928e-03 6.980e-01
13(1) 117962706793.680 -> 7.299e-03 8.397e-01
14(1) 112417396682.188 -> 3.109e-03 7.624e-01
15(1) 92964149022.007 -> 1.553e-03 7.932e-01
16(1) 75036782355.888 -> 1.486e-03 6.537e-01
17(1) 113829680489.177 -> 3.389e-03 7.109e-01
18(1) 80713172169.427 -> 4.715e-04 6.486e-01
19(1) 117962465644.815 -> 6.403e-04 6.717e-01
20(1) 60987194623.329 -> 1.374e-03 6.636e-01
21(1) 148836486838.476 -> 7.454e-03 9.982e-01
22(1) 138407938060.422 -> 1.546e-03 8.523e-01
23(1) 97741133888.469 -> 2.586e-03 7.574e-01
24(1) 107330520060.241 -> 2.795e-03 7.910e-01
25(1) 100036089034.238 -> 5.762e-04 6.797e-01
1(1) 58290837561.597 -> 1.946e-03 6.961e-01
2(1) 47015610019.428 -> 1.690e-03 6.993e-01
3(1) 102807969389.855 -> 2.261e-03 7.523e-01
4(1) 158183789974.081 -> 1.137e-03 7.077e-01
5(1) 205624574864.287 -> 2.927e-03 9.035e-01
6(1) 133520465248.146 -> 8.168e-04 6.517e-01
7(1) 136827437881.612 -> 3.505e-03 7.501e-01
8(1) 134295321301.378 -> 1.548e-03 7.041e-01
9(1) 116463919118.113 -> 5.506e-03 1.000e+00
10(1) 93161397915.191 -> 1.415e-03 6.684e-01
11(1) 88922343355.753 -> 2.261e-03 8.713e-01
12(1) 68770701748.408 -> 1.652e-03 6.834e-01
13(1) 106184701022.498 -> 2.084e-03 7.827e-01
14(1) 169156865404.331 -> 2.176e-03 8.271e-01
15(1) 155522067875.816 -> 2.755e-03 7.159e-01
16(1) 144497850867.014 -> 4.304e-04 7.486e-01
17(1) 91256286594.053 -> 1.932e-03 7.583e-01
18(1) 105704227838.172 -> 2.570e-03 6.837e-01
19(1) 86424898398.742 -> 2.410e-03 7.378e-01
20(1) 126927420389.462 -> 1.385e-03 7.114e-01
21(1) 121643942228.817 -> 1.282e-03 7.357e-01
22(1) 172538003843.634 -> 7.000e-03 8.998e-01
23(1) 132761760718.735 -> 2.174e-03 6.309e-01
24(1) 73832703128.829 -> 1.719e-03 7.215e-01
25(1) 48491141989.792 -> 3.199e-03 7.817e-01
26(1) 50344150605.161 -> 1.689e-03 6.941e-01
27(1) 75072132760.415 -> 1.191e-03 6.892e-01
28(1) 77031977944.374 -> 4.015e-04 6.909e-01
29(1) 146847244596.988 -> 1.434e-03 6.609e-01
30(1) 206206594531.316 -> 3.019e-03 9.983e-01
31(1) 95915941939.095 -> 3.287e-04 7.130e-01
32(1) 140748024309.727 -> 3.580e-03 8.694e-01
33(1) 119699846406.241 -> 1.699e-03 6.476e-01
34(1) 58357339753.830 -> 4.258e-03 7.147e-01
35(1) 124813051282.134 -> 9.026e-04 6.215e-01
36(1) 122273007756.084 -> 2.795e-03 7.197e-01
37(1) 91939807323.452 -> 3.273e-03 8.004e-01
38(1) 82215550284.186 -> 7.927e-04 6.631e-01
39(1) 114100545203.446 -> 4.765e-03 8.176e-01
40(1) 143682466723.074 -> 8.642e-03 9.535e-01
41(1) 61843107921.260 -> 3.146e-03 7.940e-01
42(1) 93201351419.077 -> 1.585e-03 8.076e-01
43(1) 77236589199.206 -> 1.067e-03 6.351e-01
44(1) 102732096097.295 -> 3.261e-03 8.576e-01
45(1) 152265045694.700 -> 9.431e-03 9.998e-01
46(1) 135689406349.096 -> 9.852e-04 6.637e-01
47(1) 110440716160.055 -> 1.211e-03 7.615e-01
48(1) 115336982579.315 -> 1.813e-03 7.657e-01
49(1) 103830184460.373 -> 2.034e-03 7.114e-01
50(1) 117478557312.252 -> 2.759e-03 7.192e-01
51(1) 74352946117.421 -> 3.114e-03 6.462e-01
52(1) 110488673656.742 -> 3.104e-03 8.024e-01
53(1) 69137103218.591 -> 3.204e-03 7.523e-01
54(1) 155437881055.267 -> 3.030e-03 8.152e-01
55(1) 88769352204.224 -> 8.813e-04 7.084e-01
56(1) 98126992909.850 -> 1.230e-03 6.697e-01
57(1) 75308556493.003 -> 2.863e-03 7.698e-01
58(1) 102142254134.361 -> 1.251e-03 6.775e-01
59(1) 145796405065.960 -> 5.338e-03 8.682e-01
60(1) 123889574541.236 -> 9.774e-04 5.863e-01
61(1) 77019366986.909 -> 2.874e-04 6.899e-01
62(1) 143071862680.874 -> 3.429e-03 7.845e-01
63(1) 191503601827.559 -> 1.166e-03 8.416e-01
64(1) 121005392121.400 -> 7.669e-03 9.517e-01
65(1) 107874835796.456 -> 1.850e-03 7.235e-01
66(1) 98293214302.976 -> 2.887e-03 8.041e-01
67(1) 117868965748.845 -> 1.088e-03 6.692e-01
68(1) 123425909912.511 -> 1.318e-03 6.210e-01
69(1) 128681057171.670 -> 3.856e-03 8.277e-01
70(1) 111054858812.635 -> 2.855e-03 8.126e-01
71(1) 78071627530.074 -> 3.646e-03 6.862e-01
72(1) 138315587118.047 -> 1.592e-03 6.605e-01
73(1) 109806526995.571 -> 2.877e-03 7.883e-01
74(1) 190694806612.325 -> 2.084e-03 8.484e-01
75(1) 104094738522.969 -> 7.269e-04 7.201e-01
76(1) 116984147670.089 -> 6.209e-03 8.731e-01
77(1) 55175278551.056 -> 5.780e-04 6.168e-01
78(1) 82884511842.991 -> 1.579e-03 7.415e-01
79(1) 95824747891.956 -> 2.251e-03 7.798e-01
80(1) 124753419438.616 -> 6.602e-04 6.896e-01
81(1) 211342005342.749 -> 1.923e-03 8.154e-01
82(1) 92172664111.689 -> 1.382e-03 6.711e-01
83(1) 86062314951.155 -> 2.134e-03 8.334e-01
84(1) 121356542461.201 -> 2.871e-03 7.954e-01
85(1) 87473407615.885 -> 7.315e-04 6.493e-01
86(1) 165757631999.630 -> 6.614e-03 9.999e-01
87(1) 102771452703.802 -> 1.489e-03 6.097e-01
88(1) 171139152353.261 -> 1.076e-03 6.153e-01
89(1) 93577342896.489 -> 1.354e-03 7.489e-01
90(1) 103243063884.171 -> 2.245e-03 7.744e-01
91(1) 75254140012.420 -> 1.253e-03 7.054e-01
92(1) 101721827901.446 -> 2.913e-03 7.643e-01
93(1) 144525983153.812 -> 2.253e-03 7.703e-01
94(1) 94312210161.996 -> 3.709e-03 8.467e-01
95(1) 146345472358.005 -> 2.612e-03 7.855e-01
96(1) 75737634823.870 -> 6.719e-04 6.376e-01
97(1) 139060190174.661 -> 1.669e-03 7.329e-01
98(1) 111918997163.903 -> 3.203e-03 7.303e-01
99(1) 105334540626.007 -> 1.149e-03 6.144e-01
100(1) 90282905247.133 -> 2.051e-03 7.772e-01
101(1) 97758657288.635 -> 4.955e-03 8.499e-01
102(1) 233735519796.727 -> 3.033e-03 7.978e-01
103(1) 114773881050.813 -> 1.308e-03 7.547e-01
104(1) 163794021914.218 -> 6.678e-03 1.000e+00
105(1) 119103977889.603 -> 6.305e-04 6.637e-01
106(1) 79753102117.438 -> 5.939e-03 9.906e-01
107(1) 54213383450.788 -> 2.516e-03 7.402e-01
108(1) 134923304006.847 -> 1.289e-03 8.300e-01
109(1) 111280262809.508 -> 3.805e-03 9.481e-01
110(1) 61401208406.012 -> 1.656e-03 6.472e-01
111(1) 154505853779.481 -> 3.343e-03 7.782e-01
112(1) 122629684785.700 -> 3.829e-03 7.705e-01
113(1) 159633676270.843 -> 6.374e-03 9.114e-01
114(1) 121770938601.222 -> 7.560e-04 7.011e-01
115(1) 74349844349.468 -> 4.103e-03 8.634e-01
1(1) 54245676796.173 -> 4.252e-03 8.711e-01
2(1) 87125853598.013 -> 5.087e-04 6.505e-01
1(1) 141177429633.409 -> 2.078e-03 7.275e-01
2(1) 129345313161.184 -> 1.356e-03 5.894e-01
3(1) 98670458459.467 -> 1.991e-03 6.606e-01
1(1) 108564575682.617 -> 1.338e-03 6.949e-01
2(1) 84572346399.134 -> 1.902e-03 7.177e-01
3(1) 87385814371.581 -> 5.574e-03 6.953e-01
4(1) 108622952746.243 -> 5.174e-04 6.556e-01
5(1) 80307155666.872 -> 3.500e-03 7.726e-01
6(1) 128688084398.144 -> 5.079e-03 8.565e-01
7(1) 59576929254.392 -> 2.995e-03 8.259e-01
8(1) 132400493858.923 -> 3.544e-03 9.257e-01
9(1) 149366227576.041 -> 5.498e-03 9.854e-01
10(1) 77622218246.290 -> 1.105e-03 6.580e-01
11(1) 148724373727.796 -> 5.449e-03 9.194e-01
1(1) 60782164300.673 -> 1.441e-03 6.929e-01
2(1) 63382882990.122 -> 3.086e-03 7.135e-01
3(1) 65951808811.068 -> 5.551e-04 6.332e-01
4(1) 77456763083.227 -> 2.271e-03 6.908e-01
5(1) 99316726294.838 -> 2.174e-03 7.331e-01
1(1) 84413725301.899 -> 3.743e-03 7.415e-01
2(1) 128751982692.381 -> 4.653e-04 6.189e-01
3(1) 102795818204.737 -> 1.012e-03 7.433e-01
4(1) 72168347874.612 -> 1.978e-03 7.841e-01
5(1) 100230421348.449 -> 3.573e-04 6.566e-01
6(1) 99523537890.533 -> 2.563e-04 6.729e-01
1(1) 99729567895.564 -> 1.321e-03 7.600e-01
2(1) 85143596346.794 -> 3.160e-03 7.116e-01
3(1) 84551369852.322 -> 1.861e-03 6.943e-01
1(1) 93870785129.615 -> 1.180e-02 8.664e-01
2(1) 108638669780.018 -> 2.155e-03 7.425e-01
3(1) 123645417831.322 -> 1.691e-03 7.724e-01
4(1) 51732881915.873 -> 1.966e-03 6.953e-01
5(1) 99745144213.677 -> 3.706e-03 8.128e-01
6(1) 144914367617.572 -> 1.135e-03 6.860e-01
7(1) 91843301615.094 -> 1.187e-03 6.365e-01
8(1) 146178297527.871 -> 6.806e-03 9.851e-01
9(1) 92384303920.357 -> 1.877e-03 7.854e-01
10(1) 77518948202.757 -> 1.589e-03 7.079e-01
11(1) 94595326306.305 -> 8.044e-04 6.407e-01
12(1) 144367874761.245 -> 7.713e-04 6.504e-01
13(1) 178417285855.944 -> 5.860e-04 6.923e-01
1(1) 108779595535.519 -> 1.294e-03 6.607e-01
2(1) 113489330388.850 -> 2.784e-03 7.497e-01
3(1) 97543325681.675 -> 9.050e-04 7.315e-01
4(1) 185385886345.146 -> 3.300e-03 6.530e-01
5(1) 72712840391.059 -> 3.815e-03 7.823e-01
6(1) 88650546402.149 -> 2.857e-03 7.121e-01
7(1) 147956597054.561 -> 3.804e-03 8.097e-01
8(1) 182844069037.432 -> 1.148e-03 6.869e-01
9(1) 82708295531.241 -> 1.250e-03 7.132e-01
10(1) 105370380816.123 -> 2.599e-03 7.705e-01
11(1) 134659459979.861 -> 4.804e-03 8.847e-01
12(1) 148992921165.112 -> 6.144e-03 9.266e-01
13(1) 95268946451.851 -> 1.050e-03 6.572e-01
14(1) 185085134543.792 -> 3.148e-03 7.393e-01
15(1) 73801588831.620 -> 1.039e-03 6.388e-01
16(1) 58552459884.075 -> 9.954e-04 6.459e-01
17(1) 123368330355.277 -> 1.680e-03 7.299e-01
1(1) 158855832993.382 -> 1.901e-03 7.097e-01
2(1) 109428385636.131 -> 2.896e-03 8.413e-01
3(1) 110284301548.620 -> 9.173e-04 6.411e-01
4(1) 79492242851.187 -> 4.000e-03 8.814e-01
5(1) 114859381903.249 -> 1.410e-03 7.251e-01
6(1) 120618831041.486 -> 6.140e-04 7.363e-01
7(1) 108188390851.394 -> 2.005e-03 7.290e-01
8(1) 111862678381.710 -> 8.034e-04 7.037e-01
9(1) 173175375413.884 -> 5.419e-03 8.272e-01
10(1) 129566668266.705 -> 3.083e-03 8.114e-01
11(1) 108569975836.286 -> 1.450e-03 7.789e-01
12(1) 109969369164.645 -> 1.544e-03 7.299e-01
13(1) 145731189779.473 -> 3.686e-03 9.022e-01
14(1) 126179415220.232 -> 1.363e-03 7.043e-01
15(1) 124258564541.318 -> 8.210e-04 7.234e-01
16(1) 66186109696.956 -> 2.777e-03 7.189e-01
17(1) 115204676546.321 -> 2.020e-03 7.365e-01
18(1) 143512754646.235 -> 5.913e-03 7.792e-01
19(1) 124822656210.733 -> 3.092e-03 8.482e-01
20(1) 135697349243.437 -> 3.792e-04 6.342e-01
21(1) 85100718822.596 -> 2.062e-03 8.062e-01
22(1) 107858041849.803 -> 5.284e-04 6.929e-01
1(1) 100026460574.570 -> 3.473e-03 7.869e-01
2(1) 121684059492.367 -> 1.313e-03 7.000e-01
3(1) 125068564444.911 -> 2.439e-03 7.578e-01
4(1) 134940594009.577 -> 3.723e-03 7.563e-01
5(1) 46371116683.364 -> 3.695e-03 7.815e-01
6(1) 66301309950.153 -> 1.186e-03 6.780e-01
7(1) 127555209127.961 -> 1.354e-03 6.837e-01
8(1) 125679106536.604 -> 4.591e-03 8.542e-01
9(1) 162273486178.422 -> 3.201e-03 8.968e-01
10(1) 80389076045.064 -> 9.128e-04 6.349e-01
11(1) 88355903855.245 -> 1.114e-03 6.627e-01
12(1) 69263159322.443 -> 3.908e-03 8.025e-01
13(1) 111358051208.420 -> 3.229e-03 7.957e-01
14(1) 118090295671.539 -> 4.790e-03 7.703e-01
15(1) 116857231924.578 -> 5.433e-04 5.738e-01
16(1) 88101751786.460 -> 3.274e-03 7.909e-01
17(1) 136282897204.468 -> 1.260e-03 7.192e-01
18(1) 90934663096.465 -> 1.089e-03 6.017e-01
19(1) 87046741591.751 -> 2.784e-03 7.075e-01
20(1) 81879534325.096 -> 5.397e-03 8.592e-01
21(1) 67657088951.016 -> 2.570e-03 7.481e-01
22(1) 151633530886.797 -> 3.940e-03 8.630e-01
23(1) 143976050603.445 -> 2.112e-03 8.442e-01
24(1) 100828203402.445 -> 5.695e-04 6.841e-01
25(1) 58984989312.448 -> 1.233e-03 7.139e-01
26(1) 80221917105.918 -> 1.768e-03 7.072e-01
27(1) 114484932957.495 -> 1.408e-03 6.847e-01
28(1) 116139214358.065 -> 1.836e-03 7.049e-01
29(1) 75290729273.849 -> 2.495e-03 7.586e-01
30(1) 104295823242.827 -> 1.934e-03 6.336e-01
31(1) 226497970350.903 -> 1.071e-03 7.984e-01
32(1) 108151501480.210 -> 2.931e-03 7.494e-01
33(1) 200950557235.000 -> 2.368e-04 6.175e-01
34(1) 53394696223.626 -> 5.539e-04 7.012e-01
35(1) 134768249330.182 -> 3.774e-03 6.455e-01
36(1) 107143900278.281 -> 6.072e-03 8.787e-01
37(1) 114886587465.913 -> 1.184e-03 7.154e-01
38(1) 119157423005.206 -> 2.170e-03 7.478e-01
39(1) 66571463787.797 -> 3.160e-03 8.023e-01
40(1) 109775956625.208 -> 1.417e-03 5.696e-01
41(1) 177129856877.194 -> 3.833e-04 7.402e-01
42(1) 99604006264.661 -> 3.195e-03 9.416e-01
43(1) 49864710173.456 -> 1.571e-03 6.946e-01
44(1) 96477015203.450 -> 9.986e-04 7.069e-01
45(1) 127097393902.539 -> 2.080e-03 6.701e-01
46(1) 116838915858.267 -> 2.160e-03 7.565e-01
47(1) 85412681110.455 -> 7.046e-03 8.576e-01
48(1) 105917097634.829 -> 2.813e-03 8.205e-01
49(1) 97547461999.512 -> 4.441e-03 8.249e-01
50(1) 109699554807.389 -> 3.391e-03 8.442e-01
51(1) 89027541720.561 -> 7.444e-04 6.295e-01
52(1) 139499457692.517 -> 7.049e-04 6.374e-01
53(1) 97279058266.541 -> 4.526e-03 7.739e-01
54(1) 133757298635.235 -> 2.190e-03 8.540e-01
55(1) 92083244523.636 -> 1.362e-03 7.802e-01
56(1) 97814670216.409 -> 1.142e-03 7.677e-01
57(1) 145566602408.244 -> 1.879e-03 5.973e-01
58(1) 109078451097.150 -> 1.957e-03 7.196e-01
59(1) 156238640330.948 -> 3.340e-04 7.500e-01
60(1) 121991268664.280 -> 6.018e-04 6.155e-01
61(1) 120838317828.862 -> 2.855e-03 9.116e-01
62(1) 78377961557.672 -> 1.255e-03 6.759e-01
63(1) 45848078275.950 -> 2.533e-03 7.272e-01
64(1) 151565428562.224 -> 1.249e-03 5.789e-01
65(1) 134876048580.402 -> 2.337e-03 7.940e-01
66(1) 92935954762.141 -> 4.111e-04 7.140e-01
67(1) 88452053434.982 -> 1.988e-03 7.230e-01
68(1) 97758501791.306 -> 1.892e-03 7.370e-01
69(1) 130883724917.646 -> 5.058e-03 1.000e+00
70(1) 67623380847.099 -> 1.093e-03 6.874e-01
71(1) 153141131252.489 -> 1.352e-03 8.006e-01
72(1) 127145397510.828 -> 4.769e-03 9.511e-01
73(1) 108240670068.651 -> 2.933e-03 8.112e-01
74(1) 138515856707.146 -> 2.574e-03 7.284e-01
75(1) 68112154671.278 -> 5.229e-04 6.408e-01
76(1) 129218545738.352 -> 2.280e-03 7.941e-01
77(1) 113775302607.510 -> 3.081e-03 7.866e-01
78(1) 120107608885.806 -> 5.662e-03 7.665e-01
79(1) 67077008929.075 -> 1.715e-03 7.594e-01
80(1) 64643174259.962 -> 8.337e-04 7.364e-01
81(1) 89779887223.656 -> 1.932e-03 7.729e-01
82(1) 196995168632.833 -> 1.728e-03 7.686e-01
83(1) 135033031451.294 -> 1.193e-03 7.827e-01
84(1) 149580641340.205 -> 1.269e-03 8.710e-01
85(1) 97701643102.248 -> 3.572e-03 7.116e-01
86(1) 76084719403.553 -> 1.292e-03 6.243e-01
87(1) 213687625918.682 -> 7.212e-03 8.756e-01
88(1) 105539313696.884 -> 1.447e-03 7.172e-01
89(1) 118869990460.452 -> 1.129e-03 7.192e-01
90(1) 150865056888.908 -> 2.654e-03 7.826e-01
91(1) 121379064340.052 -> 3.670e-03 1.000e+00
92(1) 91622354713.933 -> 2.053e-03 7.092e-01
93(1) 86127171948.409 -> 5.765e-03 9.299e-01
94(1) 107076566780.847 -> 2.035e-03 8.593e-01
95(1) 64066157227.034 -> 3.473e-03 7.126e-01
96(1) 83865404064.031 -> 1.019e-03 6.579e-01
97(1) 112944872197.762 -> 2.368e-03 8.377e-01
98(1) 117651033567.580 -> 1.649e-03 6.317e-01
99(1) 129409004293.388 -> 2.572e-03 7.594e-01
100(1) 100605612078.067 -> 3.761e-03 8.738e-01
101(1) 86842566824.408 -> 6.600e-04 6.387e-01
102(1) 138678712936.677 -> 4.273e-04 7.139e-01
103(1) 251909889595.866 -> 4.177e-03 8.004e-01
104(1) 127374147513.548 -> 2.076e-03 8.082e-01
105(1) 101906060019.626 -> 2.088e-03 7.090e-01
106(1) 140497788159.123 -> 2.155e-03 8.753e-01
107(1) 131529554370.986 -> 2.905e-03 8.474e-01
108(1) 79758577961.853 -> 1.116e-03 6.543e-01
109(1) 123101763591.109 -> 3.045e-03 7.465e-01
110(1) 111258127283.370 -> 2.754e-03 7.941e-01
111(1) 194200125282.163 -> 3.042e-03 7.764e-01
112(1) 133427131544.260 -> 1.123e-03 7.072e-01
113(1) 154319743574.014 -> 1.336e-03 6.880e-01
114(1) 78157694612.465 -> 3.039e-03 8.275e-01
115(1) 161253563306.149 -> 1.102e-03 6.888e-01
116(1) 174463931442.267 -> 6.978e-03 1.000e+00
117(1) 85119621579.973 -> 2.283e-03 7.291e-01
118(1) 143392821139.472 -> 2.192e-03 7.072e-01
119(1) 102766282350.941 -> 1.916e-03 8.646e-01
120(1) 87160635122.749 -> 6.143e-03 8.168e-01
121(1) 151111389706.550 -> 9.381e-04 8.037e-01
122(1) 42963972837.179 -> 7.256e-04 6.553e-01
123(1) 154934630252.568 -> 3.423e-03 7.577e-01
124(1) 115132782335.792 -> 5.204e-03 9.847e-01
125(1) 102449472742.068 -> 4.396e-03 8.180e-01
1(1) 61642567695.304 -> 2.738e-03 7.538e-01
2(1) 134647463184.326 -> 1.683e-03 7.240e-01
3(1) 136231256787.679 -> 2.267e-03 7.982e-01
4(1) 96720844047.168 -> 4.990e-03 7.654e-01
5(1) 90745167698.738 -> 1.316e-03 7.889e-01
6(1) 89285909640.417 -> 3.582e-03 8.065e-01
7(1) 170786134866.938 -> 2.794e-03 6.584e-01
1(1) 133654494110.877 -> 8.410e-04 7.509e-01
2(1) 78265126539.102 -> 3.095e-03 7.266e-01
3(1) 123249848245.941 -> 1.309e-03 8.632e-01
4(1) 121848124006.362 -> 9.215e-04 7.057e-01
5(1) 145495659363.527 -> 7.850e-04 6.859e-01
6(1) 149646075986.206 -> 2.941e-03 8.379e-01
7(1) 155880987519.336 -> 1.273e-03 6.860e-01
8(1) 145460195748.426 -> 2.005e-03 6.418e-01
9(1) 168980506734.336 -> 8.648e-04 8.478e-01
10(1) 67508341280.884 -> 5.148e-04 6.323e-01
11(1) 89669249444.882 -> 3.922e-03 8.571e-01
1(1) 56772049222.201 -> 1.199e-03 6.945e-01
2(1) 130631398852.530 -> 1.596e-03 6.633e-01
3(1) 101177667112.145 -> 7.365e-04 6.832e-01
4(1) 113434210714.297 -> 6.880e-04 7.164e-01
5(1) 93741072023.403 -> 1.688e-03 7.630e-01
6(1) 77259209585.558 -> 1.295e-03 6.890e-01
7(1) 103133438148.690 -> 2.454e-03 6.925e-01
8(1) 94203640719.452 -> 2.547e-03 8.320e-01
9(1) 132430640771.375 -> 1.526e-03 7.494e-01
10(1) 134580955263.286 -> 3.243e-03 8.835e-01
11(1) 175714201091.200 -> 3.066e-03 7.608e-01
12(1) 100996441838.048 -> 5.185e-03 7.464e-01
13(1) 110139290771.467 -> 1.822e-03 8.330e-01
14(1) 75597670246.753 -> 1.358e-03 6.940e-01
15(1) 84443927136.841 -> 1.189e-03 7.016e-01
16(1) 85006749823.063 -> 4.503e-03 9.451e-01
17(1) 117126228091.961 -> 1.693e-05 5.407e-01
18(1) 121728364726.951 -> 4.079e-04 6.737e-01
19(1) 110140047372.591 -> 6.176e-04 6.775e-01
20(1) 148664086450.677 -> 5.245e-03 1.000e+00
21(1) 91840273503.846 -> 1.665e-03 6.695e-01
22(1) 87025913251.362 -> 2.974e-03 8.594e-01
23(1) 55821614571.826 -> 1.485e-03 6.988e-01
24(1) 154172728278.598 -> 2.720e-03 7.092e-01
25(1) 46775433251.168 -> 1.537e-03 6.778e-01
26(1) 50998268126.999 -> 1.734e-03 6.985e-01
27(1) 99759622991.577 -> 1.466e-03 5.582e-01
28(1) 63272081914.738 -> 1.559e-03 6.741e-01
29(1) 96350949809.815 -> 2.771e-03 8.004e-01
30(1) 152444471716.766 -> 2.678e-03 8.434e-01
31(1) 80798133311.186 -> 5.644e-04 6.895e-01
32(1) 136416402553.290 -> 2.794e-03 7.550e-01
33(1) 99345457798.244 -> 1.273e-03 5.999e-01
34(1) 136477472306.886 -> 2.668e-03 8.199e-01
35(1) 103953462047.878 -> 1.548e-03 7.287e-01
36(1) 92386945735.815 -> 8.116e-03 9.468e-01
37(1) 131665074840.218 -> 1.752e-03 6.553e-01
38(1) 69744627846.264 -> 2.546e-03 7.420e-01
39(1) 120691379039.016 -> 2.607e-03 8.799e-01
1(1) 122493733281.935 -> 5.143e-03 8.130e-01
2(1) 82533509244.014 -> 2.561e-03 8.298e-01
3(1) 112468053040.393 -> 8.547e-03 1.000e+00
4(1) 118863308439.316 -> 1.334e-03 7.897e-01
5(1) 47985328808.289 -> 1.943e-03 6.667e-01
6(1) 50423587579.224 -> 4.623e-03 7.408e-01
7(1) 136421854707.812 -> 1.091e-03 8.334e-01
8(1) 89763928509.495 -> 1.149e-03 6.759e-01
9(1) 162586013749.964 -> 4.443e-04 6.763e-01
10(1) 147039058218.694 -> 1.866e-03 6.880e-01
11(1) 104734421247.405 -> 1.794e-04 6.452e-01
12(1) 65208569330.241 -> 1.552e-03 7.117e-01
13(1) 74650407919.351 -> 1.129e-03 6.518e-01
14(1) 186260343703.070 -> 3.383e-03 8.291e-01
15(1) 66449798467.359 -> 1.369e-03 7.132e-01
16(1) 90415306237.775 -> 4.244e-04 6.666e-01
17(1) 48669382846.885 -> 3.728e-03 8.420e-01
18(1) 173190579460.797 -> 3.647e-03 8.483e-01
1(1) 84066536116.161 -> 2.871e-03 7.550e-01
2(1) 110150389852.186 -> 8.316e-04 7.218e-01
3(1) 89502216849.791 -> 4.261e-03 8.835e-01
4(1) 101046896501.099 -> 2.431e-03 8.728e-01
5(1) 157247729907.213 -> 1.181e-03 6.122e-01
6(1) 114909586428.902 -> 4.144e-03 7.857e-01
7(1) 98221096616.966 -> 5.297e-03 8.341e-01
8(1) 91646691153.437 -> 3.917e-03 8.363e-01
9(1) 106173480445.663 -> 6.846e-04 7.360e-01
10(1) 96049413834.112 -> 1.078e-03 7.456e-01
11(1) 103631125847.816 -> 1.961e-03 6.636e-01
12(1) 110043815543.172 -> 5.770e-04 6.366e-01
13(1) 79817213783.156 -> 4.258e-03 7.686e-01
1(1) 109225049430.939 -> 2.374e-03 9.239e-01
2(1) 133777825091.925 -> 2.371e-03 8.094e-01
3(1) 100251976390.427 -> 1.462e-03 6.773e-01
4(1) 97783694878.042 -> 1.694e-03 6.893e-01
5(1) 168937325283.626 -> 1.414e-03 6.985e-01
6(1) 198822708146.201 -> 1.373e-03 8.276e-01
7(1) 145977943949.638 -> 5.197e-04 6.782e-01
8(1) 90118698271.002 -> 1.784e-03 6.885e-01
9(1) 110217974253.440 -> 2.014e-03 7.261e-01
10(1) 48913295554.726 -> 1.748e-03 7.647e-01
11(1) 109183221482.283 -> 3.803e-03 7.838e-01
12(1) 151630002649.532 -> 4.456e-03 8.156e-01
13(1) 85531267229.133 -> 1.863e-03 7.600e-01
14(1) 101097025296.186 -> 2.652e-03 8.036e-01
15(1) 77556942217.497 -> 1.228e-03 7.795e-01
16(1) 113118784112.684 -> 4.638e-03 9.721e-01
17(1) 140288543300.736 -> 6.075e-03 8.220e-01
18(1) 92575947222.191 -> 3.295e-04 6.434e-01
19(1) 103119997748.344 -> 2.817e-03 6.706e-01
20(1) 96394759029.113 -> 1.131e-03 5.991e-01
21(1) 124462830133.645 -> 3.644e-03 7.195e-01
22(1) 159027242708.093 -> 2.865e-03 7.925e-01
23(1) 122091936872.952 -> 2.088e-03 6.969e-01
24(1) 65564400465.396 -> 1.740e-03 6.697e-01
25(1) 127296968030.661 -> 9.993e-04 6.667e-01
26(1) 55584975399.842 -> 1.641e-03 6.809e-01
27(1) 133964216873.726 -> 2.316e-03 8.561e-01
28(1) 92060596978.592 -> 2.862e-04 6.784e-01
29(1) 91806172054.216 -> 2.178e-03 7.242e-01
30(1) 111677913739.392 -> 1.711e-03 6.774e-01
31(1) 111048220255.208 -> 4.746e-03 7.715e-01
32(1) 136211237201.186 -> 2.110e-03 7.762e-01
33(1) 85395752509.147 -> 7.871e-04 7.323e-01
34(1) 126467295742.579 -> 2.252e-03 8.540e-01
35(1) 86646705694.657 -> 3.698e-03 9.276e-01
1(1) 75128272795.050 -> 1.359e-03 6.775e-01
2(1) 99050975518.016 -> 3.958e-03 8.304e-01
3(1) 111040714571.553 -> 1.095e-03 6.988e-01
4(1) 124665818004.217 -> 2.587e-03 7.927e-01
5(1) 109193528176.996 -> 3.872e-03 6.756e-01
6(1) 70037298088.822 -> 1.337e-03 6.159e-01
7(1) 75399136217.932 -> 5.268e-04 7.380e-01
8(1) 105769709278.559 -> 1.951e-03 7.077e-01
9(1) 93926190038.723 -> 1.350e-03 7.466e-01
10(1) 151104151911.898 -> 3.935e-03 8.524e-01
11(1) 85096089270.469 -> 9.885e-04 7.403e-01
12(1) 119566668293.571 -> 2.698e-03 6.753e-01
13(1) 89794782062.826 -> 2.503e-03 7.062e-01
14(1) 117779059616.215 -> 3.857e-03 7.317e-01
15(1) 130268485103.688 -> 2.554e-03 7.266e-01
16(1) 94477253631.746 -> 8.740e-04 5.881e-01
17(1) 148499506594.201 -> 3.237e-03 8.497e-01
18(1) 172469267448.172 -> 1.055e-03 6.288e-01
19(1) 119902267550.883 -> 6.041e-04 5.866e-01
20(1) 109177303199.611 -> 6.828e-04 6.940e-01
21(1) 117547190207.594 -> 1.059e-03 6.901e-01
22(1) 99676149891.676 -> 2.103e-03 7.737e-01
23(1) 90743325597.584 -> 8.521e-04 6.357e-01
24(1) 135782055813.536 -> 3.779e-04 6.127e-01
25(1) 113042870828.427 -> 2.941e-03 7.021e-01
26(1) 79979016564.306 -> 1.571e-03 6.579e-01
27(1) 114156300149.426 -> 3.784e-04 6.014e-01
28(1) 151643238126.263 -> 7.653e-04 7.798e-01
29(1) 135888274491.381 -> 3.301e-03 6.874e-01
30(1) 90651596969.265 -> 3.452e-03 7.384e-01
1(1) 92267887702.382 -> 3.494e-03 8.668e-01
2(1) 134535316259.227 -> 1.898e-03 7.285e-01
3(1) 186773020804.328 -> 2.914e-03 7.915e-01
4(1) 170300282453.846 -> 9.305e-04 6.587e-01
5(1) 133913610838.670 -> 2.070e-03 7.158e-01
6(1) 103297583895.966 -> 1.049e-03 8.465e-01
7(1) 133272371795.949 -> 1.096e-03 6.895e-01
1(1) 63188321371.973 -> 3.361e-03 7.426e-01
2(1) 146171142594.283 -> 5.184e-04 7.041e-01
3(1) 125623842720.259 -> 3.118e-03 8.491e-01
4(1) 103855921532.795 -> 4.065e-03 9.213e-01
5(1) 96600426640.683 -> 1.969e-03 5.976e-01
6(1) 119643437410.338 -> 5.037e-03 9.265e-01
7(1) 180479963137.725 -> 6.838e-03 9.183e-01
8(1) 148435164272.174 -> 1.393e-03 6.542e-01
9(1) 119971335525.453 -> 1.368e-03 8.012e-01
10(1) 70985963371.690 -> 2.556e-03 7.606e-01
11(1) 66947347996.174 -> 3.053e-03 7.891e-01
12(1) 72940235026.343 -> 1.477e-03 7.533e-01
13(1) 95139886818.578 -> 4.147e-03 8.738e-01
14(1) 138057598496.356 -> 1.632e-03 8.003e-01
15(1) 144663036590.538 -> 3.210e-03 8.005e-01
16(1) 152739078215.351 -> 3.607e-03 7.910e-01
17(1) 85660200412.446 -> 5.222e-04 6.869e-01
18(1) 98598419689.241 -> 8.878e-04 7.262e-01
19(1) 98974398655.868 -> 3.857e-03 6.961e-01
20(1) 88394269281.304 -> 5.184e-03 9.129e-01
21(1) 41292320827.103 -> 1.885e-03 6.661e-01
22(1) 83424306146.075 -> 4.680e-03 7.903e-01
23(1) 78190949167.745 -> 9.304e-04 6.676e-01
24(1) 106529648847.245 -> 2.193e-03 7.156e-01
25(1) 169847756018.355 -> 6.664e-04 7.259e-01
26(1) 132875625665.046 -> 1.348e-03 8.662e-01
27(1) 153315843160.811 -> 7.074e-03 8.997e-01
28(1) 119146697282.847 -> 1.147e-03 6.378e-01
29(1) 157932785826.948 -> 1.708e-03 7.370e-01
30(1) 124670255851.255 -> 5.009e-03 1.000e+00
31(1) 113564211690.965 -> 1.908e-03 7.317e-01
32(1) 85808792364.376 -> 1.241e-03 6.748e-01
1(1) 164373504251.772 -> 9.637e-04 6.720e-01
2(1) 116513480335.998 -> 3.171e-04 6.160e-01
3(1) 82507725128.403 -> 1.381e-03 7.964e-01
4(1) 94904403234.956 -> 1.785e-03 6.605e-01
5(1) 89408818237.377 -> 1.246e-03 6.723e-01
6(1) 207778086903.832 -> 1.385e-03 6.637e-01
7(1) 99528590327.623 -> 1.985e-03 6.918e-01
8(1) 111488993669.271 -> 1.158e-03 6.856e-01
9(1) 117689284276.426 -> 1.368e-03 7.522e-01
10(1) 113830310527.489 -> 2.884e-03 8.133e-01
11(1) 104932888640.052 -> 1.274e-03 6.311e-01
12(1) 162866000004.721 -> 3.796e-03 8.451e-01
13(1) 116584050394.128 -> 2.764e-03 6.877e-01
14(1) 82695569586.275 -> 2.030e-03 8.048e-01
15(1) 88613971709.735 -> 2.611e-03 9.216e-01
16(1) 136152273117.177 -> 6.741e-03 1.000e+00
17(1) 101927021996.922 -> 4.005e-03 8.113e-01
18(1) 97149414473.798 -> 2.152e-03 8.088e-01
1(1) 66903777188.062 -> 8.568e-04 6.350e-01
2(1) 157268262717.863 -> 8.890e-04 6.971e-01
3(1) 59990995594.318 -> 2.836e-03 8.066e-01
4(1) 105649629563.898 -> 2.858e-03 7.969e-01
5(1) 89447712855.003 -> 5.958e-03 7.217e-01
6(1) 95016859557.349 -> 1.420e-03 6.928e-01
7(1) 101214195619.648 -> 1.743e-03 7.490e-01
8(1) 102081102502.532 -> 1.973e-03 7.090e-01
9(1) 162256748603.198 -> 3.032e-03 8.909e-01
10(1) 92847104037.659 -> 1.481e-03 6.703e-01
11(1) 118067729024.875 -> 7.372e-03 1.000e+00
12(1) 119418242328.720 -> 5.012e-04 6.726e-01
13(1) 130165126556.565 -> 4.387e-03 8.259e-01
14(1) 106065692961.837 -> 2.312e-03 7.026e-01
15(1) 204872485536.692 -> 1.330e-03 7.871e-01
16(1) 148728448770.576 -> 9.667e-04 6.501e-01
17(1) 187219903001.768 -> 2.312e-03 6.688e-01
18(1) 109148322236.714 -> 2.388e-03 7.185e-01
19(1) 80701562407.866 -> 3.630e-03 8.721e-01
20(1) 74384894413.348 -> 3.331e-03 7.424e-01
21(1) 100279950219.711 -> 1.017e-03 6.005e-01
22(1) 107853659390.654 -> 9.460e-04 6.446e-01
23(1) 118380733868.925 -> 1.054e-03 6.479e-01
24(1) 122575920760.544 -> 1.411e-03 6.936e-01
25(1) 83001999813.451 -> 2.656e-03 6.547e-01
26(1) 116715334796.378 -> 2.902e-03 7.947e-01
27(1) 130915072461.749 -> 1.134e-03 6.506e-01
28(1) 90079824544.953 -> 1.243e-03 7.060e-01
29(1) 73124569674.519 -> 3.356e-03 8.379e-01
30(1) 109129985604.921 -> 7.060e-03 1.000e+00
31(1) 110347404371.703 -> 1.111e-03 6.608e-01
32(1) 87260953854.290 -> 1.943e-03 7.075e-01
33(1) 121008240100.635 -> 1.851e-03 7.964e-01
34(1) 190434182322.331 -> 1.282e-03 7.424e-01
35(1) 169994551349.116 -> 1.741e-03 7.150e-01
36(1) 82717402858.444 -> 1.110e-03 6.727e-01
37(1) 87410173470.714 -> 1.819e-03 6.866e-01
38(1) 134780528731.997 -> 1.073e-03 7.417e-01
39(1) 119840011706.119 -> 3.871e-04 7.249e-01
40(1) 95778276008.095 -> 6.173e-03 9.045e-01
41(1) 56941392171.708 -> 2.080e-03 6.388e-01
42(1) 211612315200.812 -> 2.352e-03 7.863e-01
43(1) 114821975225.570 -> 1.668e-03 7.110e-01
44(1) 107838278495.526 -> 1.280e-03 7.287e-01
45(1) 101923026636.513 -> 6.327e-04 6.961e-01
46(1) 67266069370.438 -> 1.970e-03 7.316e-01
47(1) 147944647104.776 -> 1.412e-03 7.287e-01
48(1) 92134002131.465 -> 3.309e-03 7.774e-01
49(1) 120021643570.133 -> 1.058e-03 7.637e-01
50(1) 113304196923.849 -> 1.590e-03 8.073e-01
51(1) 78048444037.229 -> 1.383e-03 6.984e-01
52(1) 93933913455.707 -> 2.002e-03 7.248e-01
53(1) 132342872948.431 -> 1.040e-03 8.100e-01
54(1) 74477079116.707 -> 1.464e-03 7.531e-01
55(1) 118780491404.270 -> 3.507e-03 8.803e-01
56(1) 132273273137.138 -> 3.096e-03 8.689e-01
57(1) 116994027384.245 -> 1.312e-03 6.941e-01
58(1) 97771561619.690 -> 1.819e-03 7.195e-01
59(1) 77933102333.143 -> 5.598e-03 9.276e-01
60(1) 114707355161.301 -> 2.570e-03 7.440e-01
61(1) 132666867507.237 -> 1.494e-03 6.473e-01
62(1) 101782993011.772 -> 1.282e-03 7.011e-01
63(1) 203310123443.311 -> 2.069e-03 7.932e-01
64(1) 135178970641.222 -> 3.499e-03 8.692e-01
65(1) 146809333625.930 -> 2.803e-03 8.734e-01
66(1) 122502693410.166 -> 4.394e-03 7.708e-01
67(1) 115918075467.988 -> 1.367e-03 7.363e-01
68(1) 70984312337.429 -> 2.898e-03 6.934e-01
69(1) 131683030158.349 -> 1.506e-03 7.480e-01
70(1) 143212208423.522 -> 2.480e-03 6.534e-01
71(1) 86001731274.849 -> 1.601e-03 7.015e-01
72(1) 103415252304.296 -> 1.516e-03 6.311e-01
73(1) 120830130529.079 -> 7.722e-04 7.082e-01
74(1) 108365582493.410 -> 1.458e-03 6.662e-01
75(1) 72503112887.476 -> 1.060e-03 6.462e-01
76(1) 100183711155.078 -> 1.634e-03 6.866e-01
77(1) 79636045508.615 -> 3.614e-03 7.720e-01
78(1) 110850431846.071 -> 1.159e-03 7.721e-01
79(1) 105533518932.770 -> 6.078e-03 1.000e+00
80(1) 125482245540.271 -> 1.647e-03 6.917e-01
81(1) 59353272417.974 -> 1.705e-03 6.443e-01
82(1) 115597539584.574 -> 9.591e-04 6.354e-01
83(1) 76859481594.084 -> 1.402e-03 6.801e-01
84(1) 111589777299.819 -> 7.748e-03 8.661e-01
85(1) 86869144197.618 -> 1.148e-03 7.075e-01
86(1) 95419101322.246 -> 2.043e-03 8.451e-01
87(1) 172253855159.455 -> 1.346e-03 7.750e-01
88(1) 105137290204.191 -> 2.795e-03 7.165e-01
89(1) 102632463561.722 -> 2.510e-03 7.006e-01
90(1) 107605682946.727 -> 2.236e-03 7.806e-01
91(1) 114142829228.108 -> 1.764e-03 6.825e-01
92(1) 195238886150.644 -> 7.028e-03 1.000e+00
93(1) 131579866558.003 -> 3.138e-03 7.869e-01
94(1) 108073745673.651 -> 2.841e-03 7.500e-01
95(1) 118578463660.620 -> 1.833e-03 7.943e-01
96(1) 165933955516.144 -> 9.578e-04 7.642e-01
97(1) 79513656709.816 -> 4.047e-03 8.180e-01
98(1) 125324225615.392 -> 6.628e-03 7.402e-01
99(1) 68387374763.561 -> 2.460e-03 7.817e-01
