1(1) 71182625320.482 -> 1.465e-02 9.988e-01
2(1) 138021194177.412 -> 1.526e-02 9.992e-01
3(1) 134002502390.030 -> 1.343e-02 9.990e-01
4(1) 118747968043.719 -> 6.933e-03 8.593e-01
5(1) 147644151854.866 -> 2.140e-03 4.940e-01
6(1) 64850691864.833 -> 1.116e-02 8.559e-01
7(1) 92528698634.951 -> 1.246e-02 9.991e-01
8(1) 198685125510.868 -> 1.516e-02 9.998e-01
9(1) 29962019138.740 -> 6.752e-03 6.823e-01
10(1) 207771717782.382 -> 7.358e-03 6.268e-01
11(1) 113393572822.997 -> 1.124e-02 9.966e-01
12(1) 195925989301.019 -> 5.266e-03 6.619e-01
13(1) 225447655285.717 -> 9.676e-03 8.547e-01
14(1) 43557274828.098 -> 9.020e-03 8.086e-01
15(1) 78539845846.282 -> 6.517e-03 7.536e-01
16(1) 82517904766.462 -> 5.451e-03 6.842e-01
17(1) 126850076231.399 -> 3.730e-03 5.150e-01
18(1) 42445263267.634 -> 1.032e-02 9.387e-01
19(1) 75404431535.403 -> 6.208e-03 7.176e-01
20(1) 184542296365.807 -> 4.697e-03 7.252e-01
21(1) 140589320463.012 -> 1.299e-02 9.937e-01
22(1) 96249739571.643 -> 8.878e-03 8.072e-01
23(1) 167417522751.389 -> 5.842e-03 7.012e-01
24(1) 140930821395.655 -> 9.766e-03 9.668e-01
25(1) 158909317837.843 -> 4.682e-03 7.056e-01
26(1) 175612620873.457 -> 6.340e-03 7.668e-01
27(1) 85697401441.848 -> 6.889e-03 7.174e-01
28(1) 161185753236.310 -> 3.435e-03 6.286e-01
29(1) 137963613264.904 -> 1.645e-02 9.995e-01
30(1) 65839403678.793 -> 5.279e-03 6.820e-01
31(1) 154355735592.195 -> 1.213e-02 9.502e-01
32(1) 70474367922.241 -> 4.385e-03 5.795e-01
33(1) 198069301041.725 -> 3.621e-03 5.683e-01
34(1) 118503043960.686 -> 7.822e-03 7.879e-01
35(1) 67170082665.235 -> 5.672e-03 7.335e-01
36(1) 129558325557.191 -> 1.443e-02 9.997e-01
37(1) 136768476392.633 -> 1.367e-02 9.687e-01
38(1) 65393376192.792 -> 8.562e-03 9.189e-01
39(1) 108609998827.030 -> 3.971e-03 6.098e-01
40(1) 70555527803.391 -> 5.460e-03 7.004e-01
41(1) 151991671644.159 -> 1.353e-02 9.991e-01
42(1) 331674327976.159 -> 8.620e-03 7.711e-01
43(1) 52084139556.430 -> 6.209e-03 7.961e-01
44(1) 93421540918.361 -> 1.266e-02 9.948e-01
45(1) 93027656980.784 -> 6.532e-03 7.638e-01
46(1) 141035176164.198 -> 1.068e-03 4.267e-01
47(1) 112448335181.089 -> 6.130e-03 7.382e-01
48(1) 132886254524.046 -> 9.534e-03 9.995e-01
49(1) 86755125226.939 -> 5.567e-03 6.932e-01
50(1) 134006768461.047 -> 3.524e-03 5.477e-01
51(1) 50342353307.619 -> 7.439e-03 8.921e-01
52(1) 91492266028.642 -> 8.750e-03 8.310e-01
53(1) 120684788617.504 -> 6.912e-03 7.166e-01
54(1) 139810338253.762 -> 1.025e-02 9.972e-01
55(1) 62727686381.689 -> 4.759e-03 6.836e-01
56(1) 99602179917.969 -> 6.194e-03 6.856e-01
57(1) 88257496351.416 -> 9.080e-03 9.312e-01
58(1) 196063844949.150 -> 2.244e-02 9.999e-01
59(1) 100474853497.484 -> 3.859e-03 5.563e-01
60(1) 112195202746.806 -> 7.829e-03 8.224e-01
61(1) 191340878358.445 -> 3.353e-03 5.775e-01
62(1) 77781742694.356 -> 6.219e-03 7.519e-01
63(1) 90936714234.717 -> 7.361e-03 8.138e-01
64(1) 23820435806.680 -> 1.204e-02 9.999e-01
65(1) 87658653387.953 -> 3.595e-03 6.627e-01
66(1) 64309235861.608 -> 7.794e-03 7.847e-01
67(1) 59113523601.580 -> 1.287e-02 9.155e-01
68(1) 81924840156.513 -> 1.079e-02 9.227e-01
69(1) 18925802819.295 -> 7.993e-03 7.297e-01
70(1) 100771527704.960 -> 4.562e-03 6.400e-01
71(1) 106090538669.267 -> 3.763e-03 5.503e-01
72(1) 216522604850.932 -> 1.429e-02 9.995e-01
73(1) 82052227466.723 -> 7.594e-03 9.449e-01
74(1) 198542889151.980 -> 8.722e-03 8.107e-01
75(1) 155412196317.954 -> 6.917e-03 7.446e-01
76(1) 26216717926.901 -> 1.114e-02 9.474e-01
77(1) 121624851480.799 -> 5.044e-03 6.986e-01
78(1) 117291143598.825 -> 5.226e-03 7.367e-01
79(1) 87903395200.929 -> 1.108e-02 8.169e-01
80(1) 76516117619.820 -> 6.179e-03 7.264e-01
81(1) 173908673080.056 -> 1.535e-02 9.978e-01
82(1) 129165467316.018 -> 3.647e-03 4.826e-01
83(1) 78601942146.445 -> 4.601e-03 6.346e-01
84(1) 82453157537.830 -> 1.113e-02 9.983e-01
85(1) 122800809998.276 -> 3.552e-03 6.545e-01
86(1) 155068749031.437 -> 2.102e-02 9.992e-01
87(1) 237349538265.820 -> 3.363e-03 5.287e-01
88(1) 211938867551.627 -> 5.255e-03 7.443e-01
89(1) 131257803736.099 -> 1.268e-02 1.000e+00
90(1) 155934752746.392 -> 9.789e-03 9.651e-01
91(1) 153162314639.863 -> 1.271e-02 9.964e-01
92(1) 159981550310.241 -> 1.442e-02 9.951e-01
93(1) 90828623744.365 -> 4.050e-03 6.345e-01
94(1) 157852102999.661 -> 1.504e-02 9.997e-01
95(1) 55621691094.002 -> 1.160e-02 9.324e-01
96(1) 195063823635.451 -> 6.406e-03 6.895e-01
97(1) 191990410853.100 -> 6.746e-03 7.139e-01
98(1) 135035768551.184 -> 3.615e-03 4.534e-01
99(1) 127247534296.521 -> 6.637e-03 6.996e-01
100(1) 82292959099.789 -> 1.305e-02 9.983e-01
101(1) 101159038759.658 -> 2.495e-03 5.864e-01
102(1) 87109717190.464 -> 1.267e-02 9.997e-01
103(1) 90583163467.285 -> 3.974e-03 5.036e-01
104(1) 137606986963.291 -> 1.377e-02 9.892e-01
105(1) 116918157698.476 -> 4.888e-03 6.296e-01
106(1) 54657225328.598 -> 9.131e-03 8.929e-01
107(1) 136219541329.737 -> 4.966e-03 6.910e-01
108(1) 138404129351.129 -> 5.947e-03 9.323e-01
109(1) 81918335891.816 -> 4.948e-03 6.642e-01
110(1) 52929874825.335 -> 1.284e-02 9.999e-01
111(1) 161960006526.775 -> 1.133e-02 9.953e-01
112(1) 93609505362.122 -> 9.703e-03 8.472e-01
113(1) 130382703077.012 -> 3.940e-03 6.078e-01
114(1) 123382557318.059 -> 8.781e-03 9.421e-01
115(1) 101485682795.997 -> 8.721e-03 9.996e-01
116(1) 66812141686.759 -> 1.085e-02 8.723e-01
117(1) 82335628023.826 -> 8.264e-03 7.315e-01
118(1) 172130196056.894 -> 6.781e-03 8.954e-01
119(1) 94130979140.373 -> 2.403e-03 5.977e-01
120(1) 111574210745.808 -> 1.474e-02 9.993e-01
121(1) 96931356393.858 -> 5.847e-03 7.446e-01
122(1) 108579202382.044 -> 7.157e-03 6.517e-01
123(1) 82547690327.069 -> 6.461e-03 7.524e-01
124(1) 58645586764.919 -> 8.991e-03 9.105e-01
125(1) 106653127570.395 -> 5.338e-03 7.199e-01
126(1) 171095948260.140 -> 1.300e-02 9.997e-01
127(1) 80013513219.672 -> 4.551e-03 6.100e-01
128(1) 176525546962.817 -> 6.038e-03 7.163e-01
129(1) 81611340889.417 -> 6.997e-03 7.325e-01
130(1) 36632268634.876 -> 4.787e-03 6.643e-01
131(1) 120225819827.172 -> 1.192e-02 9.804e-01
132(1) 84479799491.106 -> 7.366e-03 8.637e-01
133(1) 137290839657.536 -> 7.880e-03 6.772e-01
134(1) 179321080509.896 -> 6.156e-03 6.920e-01
135(1) 131546616281.218 -> 9.834e-03 9.975e-01
136(1) 17697849238.140 -> 4.180e-03 6.039e-01
137(1) 44907373151.241 -> 9.939e-03 9.327e-01
138(1) 131409894223.091 -> 7.967e-03 7.090e-01
139(1) 90212554106.133 -> 1.725e-02 9.990e-01
140(1) 96450474967.158 -> 9.953e-03 9.998e-01
141(1) 105901112870.636 -> 5.344e-03 6.886e-01
142(1) 47512355565.813 -> 1.284e-02 9.186e-01
143(1) 62007074480.495 -> 1.649e-03 4.973e-01
144(1) 145514490530.442 -> 6.404e-03 7.268e-01
145(1) 105027377477.893 -> 8.981e-03 5.602e-01
146(1) 91090851840.412 -> 5.561e-03 7.008e-01
147(1) 136655233754.615 -> 1.033e-02 9.325e-01
148(1) 56844327835.834 -> 6.782e-03 6.499e-01
149(1) 178075543898.349 -> 1.256e-02 9.966e-01
150(1) 88955203562.521 -> 2.328e-03 6.245e-01
151(1) 47058415479.198 -> 1.357e-02 9.999e-01
152(1) 126705610465.842 -> 9.201e-03 1.000e+00
153(1) 39594390545.183 -> 7.528e-03 7.898e-01
154(1) 210262677922.804 -> 1.207e-02 9.991e-01
155(1) 48171097130.727 -> 1.104e-02 9.364e-01
156(1) 94377356087.409 -> 1.259e-02 7.690e-01
157(1) 162180185919.416 -> 1.116e-02 8.962e-01
158(1) 45536342708.620 -> 4.532e-03 5.452e-01
159(1) 97492589371.528 -> 8.728e-03 8.092e-01
160(1) 78908380394.097 -> 1.012e-02 9.950e-01
161(1) 120484690307.010 -> 1.002e-02 9.969e-01
162(1) 194627397388.099 -> 1.273e-03 3.803e-01
163(1) 87565093596.162 -> 5.549e-03 8.789e-01
164(1) 81446800010.901 -> 7.135e-03 7.712e-01
165(1) 129724373637.981 -> 8.614e-03 1.000e+00
166(1) 103934854820.583 -> 4.501e-03 6.156e-01
167(1) 99600453199.516 -> 3.842e-03 5.466e-01
168(1) 86788084579.622 -> 6.015e-03 7.174e-01
169(1) 27571201146.409 -> 6.511e-03 7.508e-01
170(1) 110671636238.647 -> 3.112e-03 5.976e-01
171(1) 93645318026.865 -> 1.142e-02 8.687e-01
172(1) 65949895247.643 -> 5.943e-03 7.054e-01
173(1) 141023305385.823 -> 3.222e-03 5.560e-01
174(1) 96644456013.071 -> 6.581e-03 7.057e-01
175(1) 69534295532.461 -> 5.704e-03 8.083e-01
176(1) 95344369662.679 -> 9.304e-03 9.993e-01
177(1) 127443086354.338 -> 1.190e-02 9.986e-01
178(1) 122920262819.783 -> 9.464e-03 9.144e-01
179(1) 231627017291.449 -> 2.229e-03 5.079e-01
180(1) 98752077948.819 -> 9.317e-03 8.353e-01
181(1) 61585476642.371 -> 6.272e-03 7.371e-01
182(1) 136430578369.788 -> 5.786e-03 6.481e-01
183(1) 164888830881.899 -> 2.798e-03 5.105e-01
184(1) 161954927084.277 -> 6.494e-03 7.856e-01
185(1) 44111567883.068 -> 6.874e-03 8.154e-01
186(1) 88977485749.455 -> 5.075e-03 5.325e-01
187(1) 45576518778.897 -> 5.008e-03 6.682e-01
188(1) 119314826965.112 -> 4.017e-03 6.193e-01
189(1) 101521629594.281 -> 1.274e-02 9.273e-01
190(1) 64026872797.025 -> 4.632e-03 6.802e-01
191(1) 91957335662.215 -> 3.105e-03 5.702e-01
192(1) 229646546479.820 -> 2.022e-03 5.617e-01
193(1) 137722590075.709 -> 6.131e-03 7.448e-01
194(1) 77730175374.502 -> 1.686e-02 9.998e-01
195(1) 53841262815.937 -> 5.202e-03 6.685e-01
196(1) 52887779797.554 -> 8.450e-03 7.861e-01
197(1) 166581340978.497 -> 1.558e-02 9.990e-01
198(1) 48665188511.663 -> 9.490e-03 9.971e-01
199(1) 105883340518.952 -> 3.465e-03 5.805e-01
200(1) 117273386699.474 -> 5.516e-03 5.687e-01
201(1) 99720877549.233 -> 6.851e-03 6.519e-01
202(1) 100249838143.352 -> 1.248e-03 4.157e-01
203(1) 98318506100.468 -> 1.455e-02 9.595e-01
204(1) 64687421597.483 -> 5.897e-03 6.891e-01
205(1) 85733393980.212 -> 5.240e-03 6.988e-01
206(1) 97602592421.044 -> 8.816e-03 8.875e-01
207(1) 175019156380.077 -> 4.526e-03 6.283e-01
208(1) 93343480838.550 -> 1.040e-02 9.999e-01
209(1) 86318670635.792 -> 1.325e-02 9.993e-01
210(1) 110452038029.452 -> 1.778e-02 9.999e-01
211(1) 107568958703.848 -> 1.346e-02 9.988e-01
212(1) 178829727641.286 -> 1.291e-02 9.954e-01
213(1) 48171252541.389 -> 6.072e-03 7.474e-01
214(1) 66517399897.260 -> 4.912e-03 6.349e-01
215(1) 120905724455.948 -> 6.009e-03 5.711e-01
216(1) 195893089512.555 -> 1.429e-03 4.031e-01
217(1) 196154829208.149 -> 1.289e-02 9.934e-01
218(1) 101559898874.160 -> 1.207e-02 9.990e-01
219(1) 119147893016.536 -> 7.910e-03 9.058e-01
220(1) 113746322447.691 -> 3.707e-03 5.652e-01
221(1) 104521603142.062 -> 6.059e-03 7.396e-01
222(1) 47926021414.638 -> 7.977e-03 8.484e-01
223(1) 65593802840.207 -> 1.716e-03 5.244e-01
224(1) 88444247783.330 -> 9.922e-03 8.978e-01
225(1) 67838094050.729 -> 3.787e-03 6.486e-01
226(1) 93837467754.190 -> 5.570e-03 6.561e-01
227(1) 151084412167.541 -> 1.629e-03 5.355e-01
228(1) 144571857902.578 -> 1.162e-02 8.429e-01
229(1) 181706393366.135 -> 9.130e-03 9.693e-01
230(1) 153654600689.887 -> 1.089e-02 9.989e-01
231(1) 151583529623.985 -> 3.242e-03 5.642e-01
232(1) 55791322842.645 -> 8.667e-03 8.798e-01
233(1) 197909133657.676 -> 3.621e-03 5.587e-01
234(1) 53040890698.061 -> 7.975e-03 9.981e-01
235(1) 121283331531.702 -> 1.049e-02 9.981e-01
236(1) 111531412872.167 -> 5.252e-03 6.972e-01
237(1) 180672848018.960 -> 3.992e-03 6.388e-01
238(1) 125811397961.368 -> 1.785e-02 9.999e-01
239(1) 121140333684.409 -> 4.129e-03 5.582e-01
240(1) 71262030301.526 -> 1.428e-02 1.000e+00
241(1) 48994629770.642 -> 6.682e-03 7.834e-01
242(1) 192973117219.127 -> 1.426e-03 4.873e-01
243(1) 121946465542.837 -> 1.454e-02 9.982e-01
244(1) 91143257948.538 -> 2.611e-03 6.346e-01
245(1) 138472103428.038 -> 7.299e-03 7.989e-01
246(1) 65396745401.975 -> 1.335e-02 9.990e-01
247(1) 47044066675.542 -> 5.638e-03 6.913e-01
248(1) 123249910099.963 -> 1.214e-02 9.730e-01
249(1) 136693307827.407 -> 5.493e-03 6.591e-01
250(1) 72553130245.899 -> 8.577e-03 8.028e-01
251(1) 126633935763.051 -> 2.298e-03 4.723e-01
252(1) 144897931111.894 -> 9.625e-03 9.992e-01
253(1) 111853981776.269 -> 4.720e-03 5.860e-01
254(1) 66820724810.192 -> 2.381e-03 5.736e-01
255(1) 134344800611.775 -> 8.253e-03 9.989e-01
256(1) 363017320148.798 -> 4.534e-03 5.646e-01
257(1) 80122563386.417 -> 2.703e-03 5.538e-01
258(1) 135217601604.585 -> 1.071e-02 9.994e-01
259(1) 60780757005.296 -> 1.419e-03 5.155e-01
260(1) 107693103163.734 -> 6.669e-03 7.696e-01
261(1) 109520973295.569 -> 1.600e-02 1.000e+00
262(1) 47197073262.636 -> 6.584e-03 7.884e-01
263(1) 80539689044.749 -> 7.524e-03 7.054e-01
264(1) 71041244970.160 -> 3.411e-03 6.668e-01
265(1) 43541082683.382 -> 3.725e-03 5.881e-01
266(1) 43756225920.186 -> 6.470e-03 7.304e-01
267(1) 37952047137.848 -> 1.232e-02 9.999e-01
268(1) 31556443830.441 -> 5.452e-03 7.693e-01
269(1) 181780281170.523 -> 3.807e-03 7.428e-01
270(1) 25229991706.867 -> 9.801e-03 9.897e-01
271(1) 132221564313.545 -> 6.583e-03 8.039e-01
272(1) 102829038488.838 -> 6.702e-03 6.191e-01
273(1) 104337148037.391 -> 2.542e-03 5.489e-01
274(1) 67837332349.481 -> 4.906e-03 6.048e-01
275(1) 97214462680.625 -> 9.649e-03 9.991e-01
276(1) 96320498813.550 -> 1.090e-02 9.535e-01
277(1) 126436291549.187 -> 7.759e-03 8.750e-01
278(1) 159453837408.675 -> 5.090e-03 6.878e-01
279(1) 155645111332.037 -> 5.091e-03 7.201e-01
280(1) 102012365046.259 -> 5.703e-03 7.278e-01
281(1) 71326508641.754 -> 7.951e-03 6.887e-01
282(1) 194808472555.342 -> 1.423e-02 9.990e-01
283(1) 39098549889.090 -> 7.811e-03 8.134e-01
284(1) 130602296474.351 -> 4.070e-03 5.630e-01
285(1) 50690486208.718 -> 5.955e-03 6.913e-01
286(1) 106722824573.771 -> 4.689e-03 7.180e-01
287(1) 121323547990.918 -> 6.630e-03 7.710e-01
288(1) 129860587900.508 -> 8.535e-03 9.999e-01
289(1) 159412130887.508 -> 3.808e-03 5.321e-01
290(1) 64563391636.382 -> 5.832e-03 7.012e-01
291(1) 83883707334.180 -> 2.538e-03 5.813e-01
292(1) 75050034460.757 -> 1.661e-03 4.769e-01
293(1) 84865012139.145 -> 9.940e-03 9.449e-01
294(1) 48472937217.093 -> 1.055e-02 9.990e-01
295(1) 152056238795.988 -> 1.155e-02 9.928e-01
296(1) 138891268232.234 -> 1.825e-02 9.996e-01
297(1) 134285149941.900 -> 1.319e-02 9.972e-01
298(1) 60559498944.178 -> 3.717e-03 6.062e-01
299(1) 164530227597.423 -> 1.351e-02 9.859e-01
300(1) 96786551682.742 -> 6.529e-03 8.138e-01
301(1) 57748099120.154 -> 5.333e-03 7.392e-01
302(1) 144665267826.024 -> 8.445e-03 8.539e-01
303(1) 220452656086.413 -> 6.347e-03 6.428e-01
304(1) 52678935397.177 -> 7.203e-03 7.866e-01
305(1) 118205352291.486 -> 1.129e-02 9.525e-01
306(1) 34684077620.825 -> 9.477e-03 9.042e-01
307(1) 89768290812.747 -> 7.894e-03 8.086e-01
308(1) 96399799077.326 -> 4.623e-03 6.440e-01
309(1) 104110420721.327 -> 1.665e-03 4.885e-01
310(1) 38723956547.931 -> 6.687e-03 7.613e-01
311(1) 141488606114.044 -> 9.806e-03 8.020e-01
312(1) 72640183329.934 -> 6.141e-03 7.199e-01
313(1) 112201005755.770 -> 1.827e-03 5.475e-01
314(1) 179818470114.613 -> 1.038e-02 9.191e-01
315(1) 128623801370.923 -> 1.140e-02 8.393e-01
316(1) 119455864544.709 -> 3.829e-03 4.732e-01
317(1) 222058393635.096 -> 1.296e-02 9.834e-01
318(1) 103162709867.302 -> 3.669e-03 6.016e-01
319(1) 30948375639.874 -> 1.058e-02 7.828e-01
320(1) 71292768824.746 -> 6.319e-03 6.607e-01
321(1) 200874691249.283 -> 1.823e-02 9.943e-01
322(1) 102355231083.982 -> 6.017e-03 7.420e-01
323(1) 71448124952.536 -> 6.425e-03 7.285e-01
324(1) 168623030117.828 -> 1.575e-02 9.996e-01
325(1) 100229320491.463 -> 5.187e-03 6.408e-01
326(1) 104828185314.095 -> 5.389e-03 6.010e-01
327(1) 57228815986.261 -> 9.603e-03 8.124e-01
328(1) 81428446519.856 -> 2.934e-03 6.314e-01
329(1) 86552390966.106 -> 4.276e-03 6.979e-01
330(1) 164425708656.862 -> 6.019e-03 8.229e-01
331(1) 19333286207.976 -> 7.874e-03 7.633e-01
332(1) 245686134734.245 -> 1.460e-02 9.949e-01
333(1) 113638361766.683 -> 1.432e-02 9.985e-01
334(1) 57339191358.841 -> 1.386e-02 9.999e-01
335(1) 50226854366.837 -> 7.138e-03 7.926e-01
336(1) 181948808593.769 -> 3.211e-03 4.786e-01
337(1) 92067816618.955 -> 3.391e-03 6.264e-01
338(1) 175249761445.916 -> 6.086e-03 6.443e-01
339(1) 90984818419.402 -> 8.412e-03 9.502e-01
340(1) 134974725283.706 -> 3.299e-03 6.530e-01
341(1) 86605800629.926 -> 4.093e-03 6.461e-01
342(1) 78859850965.006 -> 1.617e-03 5.879e-01
343(1) 100993558246.252 -> 5.183e-03 6.996e-01
344(1) 102460566831.118 -> 2.914e-03 6.237e-01
345(1) 78469931475.341 -> 1.371e-02 9.998e-01
346(1) 53172879187.651 -> 8.831e-03 6.907e-01
347(1) 165754737617.487 -> 4.923e-03 6.081e-01
348(1) 108788262865.456 -> 4.572e-03 6.513e-01
349(1) 122954822349.454 -> 4.973e-03 6.461e-01
350(1) 230472476596.016 -> 6.778e-03 6.267e-01
351(1) 61791156366.409 -> 1.654e-02 1.000e+00
352(1) 271090979590.776 -> 3.816e-03 5.566e-01
353(1) 76629799798.422 -> 4.569e-03 6.175e-01
354(1) 82085241191.854 -> 5.730e-03 7.155e-01
355(1) 45987861547.369 -> 1.988e-03 5.008e-01
356(1) 125329243758.375 -> 6.028e-03 6.758e-01
357(1) 141318118741.078 -> 6.630e-03 6.051e-01
358(1) 105995212886.796 -> 1.284e-02 9.997e-01
359(1) 159441819238.185 -> 1.430e-02 9.989e-01
360(1) 200281433933.831 -> 2.434e-02 9.768e-01
361(1) 99499260632.627 -> 1.013e-02 9.977e-01
362(1) 183405814747.182 -> 1.122e-02 8.491e-01
363(1) 27461522552.659 -> 4.611e-03 6.053e-01
364(1) 43066682094.153 -> 6.889e-03 8.329e-01
365(1) 149225011216.972 -> 1.209e-02 9.899e-01
366(1) 45298433454.639 -> 4.356e-03 6.692e-01
367(1) 48865263073.145 -> 7.300e-03 7.586e-01
368(1) 91872560991.116 -> 3.740e-03 5.732e-01
369(1) 153210695827.346 -> 7.990e-03 7.773e-01
370(1) 112862768080.194 -> 3.558e-03 5.450e-01
371(1) 75054461793.821 -> 9.346e-03 9.546e-01
372(1) 181477389291.201 -> 7.831e-03 7.964e-01
373(1) 193957569323.901 -> 6.983e-03 7.626e-01
374(1) 124670777111.378 -> 1.127e-02 9.946e-01
375(1) 106783210716.026 -> 7.336e-04 4.669e-01
376(1) 155297933718.463 -> 2.830e-03 6.684e-01
377(1) 91191035193.386 -> 1.385e-02 1.000e+00
378(1) 88725206679.203 -> 1.237e-02 9.989e-01
379(1) 220955079765.413 -> 1.273e-02 8.160e-01
380(1) 194052334756.140 -> 4.321e-03 6.269e-01
381(1) 124295508066.286 -> 4.547e-03 6.910e-01
382(1) 132958769965.611 -> 3.258e-03 4.499e-01
383(1) 245326768160.530 -> 4.895e-03 6.575e-01
384(1) 134886363966.385 -> 4.233e-03 5.759e-01
385(1) 112519906147.369 -> 5.048e-03 6.593e-01
386(1) 50597947945.819 -> 9.084e-03 8.242e-01
387(1) 245000838882.319 -> 5.581e-03 5.858e-01
388(1) 84632928403.251 -> 8.261e-03 8.709e-01
389(1) 50351251687.477 -> 3.816e-03 5.885e-01
390(1) 98666853402.175 -> 6.073e-03 6.208e-01
391(1) 56839971927.020 -> 5.599e-03 6.640e-01
392(1) 111795612604.252 -> 7.341e-03 6.756e-01
393(1) 110447072986.452 -> 8.782e-03 7.981e-01
394(1) 57494849806.883 -> 3.306e-03 5.950e-01
395(1) 78358928072.813 -> 4.803e-03 6.109e-01
396(1) 130645614235.331 -> 3.672e-03 6.108e-01
397(1) 154207066817.940 -> 9.243e-03 9.985e-01
398(1) 97946529864.644 -> 3.358e-03 5.635e-01
399(1) 114440245290.215 -> 1.283e-02 9.980e-01
400(1) 96463036609.712 -> 7.505e-03 8.663e-01
401(1) 28338486318.878 -> 1.101e-02 1.000e+00
402(1) 109494377923.161 -> 1.190e-02 9.371e-01
403(1) 34390599601.492 -> 6.869e-03 7.812e-01
404(1) 49999639372.379 -> 7.331e-03 7.416e-01
405(1) 118643940276.349 -> 8.859e-03 8.412e-01
406(1) 148638056403.761 -> 1.802e-02 9.977e-01
407(1) 108689851037.599 -> 5.179e-03 6.345e-01
408(1) 129852347297.780 -> 7.281e-03 6.903e-01
409(1) 106616227705.236 -> 1.504e-02 9.995e-01
410(1) 114017854259.139 -> 5.163e-03 6.056e-01
411(1) 44306996040.729 -> 1.875e-03 5.699e-01
412(1) 64261518066.537 -> 8.275e-03 7.495e-01
413(1) 109481361628.396 -> 1.266e-02 9.991e-01
414(1) 153828457571.675 -> 5.242e-03 5.565e-01
415(1) 102862728679.112 -> 1.613e-02 9.988e-01
416(1) 118161064119.943 -> 4.436e-03 5.504e-01
417(1) 93123156956.500 -> 5.689e-03 6.846e-01
418(1) 200459984306.747 -> 2.674e-03 4.876e-01
419(1) 38766560662.104 -> 1.321e-02 9.972e-01
420(1) 31279592005.304 -> 8.871e-03 8.463e-01
421(1) 87910849155.657 -> 7.555e-03 7.732e-01
422(1) 124717600201.599 -> 1.054e-02 7.888e-01
423(1) 102316497597.545 -> 7.885e-03 7.623e-01
424(1) 132544649162.765 -> 5.795e-03 7.588e-01
425(1) 202959514506.192 -> 3.026e-03 5.675e-01
426(1) 62112137891.220 -> 9.253e-03 9.156e-01
427(1) 131552384254.194 -> 7.378e-03 6.992e-01
428(1) 55971533021.030 -> 1.052e-02 9.987e-01
429(1) 41231193075.943 -> 5.070e-03 7.145e-01
430(1) 80315656454.797 -> 6.338e-03 7.355e-01
431(1) 198845577031.026 -> 1.114e-02 9.998e-01
432(1) 144192099266.891 -> 8.468e-03 8.278e-01
433(1) 193556701061.715 -> 4.522e-03 5.100e-01
434(1) 107825929376.513 -> 7.062e-03 7.407e-01
435(1) 114730056874.390 -> 9.604e-03 7.330e-01
436(1) 356879435785.554 -> 1.741e-03 4.627e-01
437(1) 235308853209.525 -> 5.863e-03 7.656e-01
438(1) 134579639009.744 -> 3.107e-03 5.890e-01
439(1) 156071882509.728 -> 9.221e-03 8.209e-01
440(1) 116531682082.902 -> 1.210e-02 8.194e-01
441(1) 70354216931.117 -> 7.547e-03 7.917e-01
442(1) 83985336213.033 -> 9.787e-03 9.996e-01
443(1) 117416252538.881 -> 1.504e-02 1.000e+00
444(1) 141384283558.476 -> 1.348e-02 9.292e-01
445(1) 150428159442.124 -> 4.828e-03 6.679e-01
446(1) 145351026595.766 -> 5.412e-03 7.505e-01
447(1) 99092798820.940 -> 2.486e-03 5.895e-01
448(1) 224440439581.309 -> 1.057e-02 9.971e-01
449(1) 144820227682.644 -> 6.261e-03 7.675e-01
450(1) 129076196681.626 -> 1.185e-02 9.503e-01
451(1) 133712698599.468 -> 9.578e-03 9.997e-01
452(1) 91248528830.959 -> 1.133e-02 9.999e-01
453(1) 164483459041.040 -> 1.571e-03 4.802e-01
454(1) 121280763173.727 -> 5.384e-03 6.248e-01
455(1) 81165268843.998 -> 6.630e-03 7.266e-01
456(1) 109503717766.473 -> 3.206e-03 5.736e-01
457(1) 84515527247.494 -> 8.909e-03 9.984e-01
458(1) 143671974912.686 -> 1.244e-02 9.382e-01
459(1) 62373430472.318 -> 1.028e-02 9.999e-01
460(1) 311169816089.164 -> 3.356e-03 5.641e-01
461(1) 164643450426.235 -> 5.765e-03 7.019e-01
462(1) 224453131596.199 -> 6.753e-03 7.254e-01
463(1) 126739412396.399 -> 8.294e-03 8.754e-01
464(1) 203990284262.957 -> 1.036e-02 9.971e-01
465(1) 101497013943.320 -> 1.154e-02 9.984e-01
466(1) 65579332203.930 -> 4.198e-03 7.123e-01
467(1) 87064866952.361 -> 1.537e-02 9.947e-01
468(1) 66239695613.216 -> 1.576e-02 9.996e-01
469(1) 70087434093.956 -> 8.151e-03 7.413e-01
470(1) 256019784643.290 -> 3.502e-03 6.640e-01
471(1) 51870656816.661 -> 1.053e-02 8.996e-01
472(1) 174446802150.713 -> 1.088e-02 7.228e-01
473(1) 155068520314.060 -> 9.969e-03 9.297e-01
474(1) 38865291707.338 -> 9.273e-03 8.597e-01
475(1) 67588640200.357 -> 9.091e-03 9.998e-01
476(1) 115882713185.840 -> 1.133e-02 9.950e-01
477(1) 125903561774.392 -> 5.295e-03 7.040e-01
478(1) 106022608392.646 -> 4.148e-03 5.999e-01
479(1) 172571668685.942 -> 5.138e-03 6.209e-01
480(1) 91923046890.158 -> 1.061e-02 7.710e-01
481(1) 108719546104.397 -> 1.363e-02 9.626e-01
482(1) 129957490046.407 -> 5.540e-03 7.324e-01
483(1) 133070282640.489 -> 1.123e-02 9.483e-01
484(1) 124569538866.047 -> 3.515e-03 6.969e-01
485(1) 156121625844.013 -> 1.602e-02 9.996e-01
486(1) 81142686178.506 -> 7.505e-03 8.497e-01
487(1) 161757120351.731 -> 4.808e-03 6.920e-01
488(1) 93727074520.528 -> 1.324e-02 9.984e-01
489(1) 108614839027.010 -> 7.567e-03 6.874e-01
490(1) 57803163475.754 -> 5.892e-03 7.198e-01
491(1) 94145339769.469 -> 8.633e-03 7.768e-01
492(1) 180002934886.653 -> 7.080e-03 7.676e-01
493(1) 92338938452.070 -> 6.107e-03 6.811e-01
494(1) 110403753599.427 -> 4.492e-03 6.111e-01
495(1) 117817025208.523 -> 1.389e-02 9.947e-01
496(1) 120572997086.782 -> 2.334e-03 5.539e-01
497(1) 106387090560.968 -> 2.741e-03 6.817e-01
498(1) 272130652980.480 -> 1.060e-02 9.981e-01
499(1) 115561722318.109 -> 6.699e-03 7.656e-01
500(1) 176516079285.950 -> 1.472e-02 9.994e-01
501(1) 149404797552.595 -> 8.263e-03 8.181e-01
502(1) 131173478285.525 -> 9.624e-03 7.919e-01
503(1) 203629094922.119 -> 2.169e-03 6.124e-01
504(1) 85699153620.261 -> 1.125e-02 9.405e-01
505(1) 227067945680.622 -> 5.021e-03 5.828e-01
506(1) 121843910136.534 -> 5.982e-03 7.354e-01
507(1) 160530281396.828 -> 5.599e-03 6.143e-01
508(1) 166726641721.519 -> 6.777e-03 8.719e-01
509(1) 96296806577.701 -> 7.358e-03 7.641e-01
510(1) 78186242239.617 -> 1.458e-03 4.654e-01
511(1) 177292790750.556 -> 1.160e-02 9.530e-01
512(1) 146943823480.404 -> 6.579e-03 7.753e-01
513(1) 42073013757.717 -> 9.490e-03 9.516e-01
514(1) 160125995775.609 -> 7.115e-03 7.163e-01
515(1) 105176346157.966 -> 1.837e-02 9.999e-01
516(1) 106863606845.305 -> 1.052e-03 4.872e-01
517(1) 95960275884.775 -> 1.276e-02 8.243e-01
518(1) 52603004340.469 -> 3.621e-03 6.533e-01
519(1) 48023885668.564 -> 4.581e-03 6.832e-01
520(1) 142344420698.568 -> 1.077e-02 9.866e-01
521(1) 85958849666.789 -> 4.375e-03 6.205e-01
522(1) 194980684968.155 -> 1.704e-02 9.993e-01
523(1) 101667895255.955 -> 9.363e-03 9.439e-01
524(1) 266997909375.754 -> 8.680e-03 1.000e+00
525(1) 221923156933.982 -> 1.524e-02 9.988e-01
526(1) 139199690341.676 -> 5.912e-03 7.114e-01
527(1) 196896821904.197 -> 1.026e-02 9.974e-01
528(1) 96675394408.560 -> 1.551e-02 9.971e-01
529(1) 64160779613.626 -> 9.853e-03 9.995e-01
530(1) 92907405006.081 -> 4.540e-03 6.620e-01
531(1) 117631252470.413 -> 1.212e-02 9.999e-01
532(1) 63186784432.933 -> 6.518e-03 7.517e-01
533(1) 107892426835.023 -> 1.701e-03 5.456e-01
534(1) 204084158903.215 -> 8.469e-03 8.387e-01
535(1) 36574211902.517 -> 1.223e-02 9.999e-01
536(1) 19041215685.116 -> 9.365e-03 7.738e-01
537(1) 71065327682.838 -> 6.507e-03 7.979e-01
538(1) 198796262471.457 -> 1.323e-02 9.992e-01
539(1) 36503627366.674 -> 7.663e-03 8.408e-01
540(1) 82352938195.814 -> 1.229e-02 1.000e+00
541(1) 53703306994.262 -> 1.272e-02 9.855e-01
542(1) 182503964003.413 -> 4.253e-03 5.756e-01
543(1) 209590110505.919 -> 1.025e-02 8.871e-01
544(1) 128087298208.569 -> 1.442e-02 9.982e-01
545(1) 132896567357.633 -> 1.237e-02 9.991e-01
546(1) 92430450333.423 -> 1.361e-02 9.994e-01
547(1) 120525457974.698 -> 7.397e-03 7.800e-01
548(1) 107400910403.696 -> 7.724e-03 7.392e-01
549(1) 105097139737.647 -> 7.499e-03 9.912e-01
550(1) 104347652021.774 -> 3.443e-03 5.920e-01
551(1) 145209008920.465 -> 1.012e-02 9.993e-01
552(1) 80256298544.334 -> 8.010e-03 8.105e-01
553(1) 159995478543.362 -> 6.199e-03 7.052e-01
554(1) 92339499882.742 -> 9.453e-03 9.460e-01
555(1) 126236612142.684 -> 5.119e-03 7.089e-01
556(1) 179766345554.029 -> 4.467e-03 7.156e-01
557(1) 90292734148.846 -> 4.176e-03 6.015e-01
558(1) 80704949850.351 -> 7.401e-03 8.511e-01
559(1) 137161151187.520 -> 7.815e-03 8.800e-01
560(1) 111621998424.728 -> 8.713e-03 8.656e-01
561(1) 129693310869.409 -> 1.600e-02 9.990e-01
562(1) 171460076912.867 -> 3.018e-03 5.632e-01
563(1) 25073210419.977 -> 9.287e-03 9.326e-01
564(1) 121205242960.548 -> 1.217e-03 5.583e-01
565(1) 160572593592.636 -> 6.485e-03 7.303e-01
566(1) 70373620249.036 -> 7.681e-03 9.421e-01
567(1) 77939153865.245 -> 1.577e-02 9.902e-01
568(1) 117522765426.264 -> 7.176e-03 7.691e-01
569(1) 136638452291.227 -> 6.688e-03 7.290e-01
570(1) 211024951856.785 -> 7.231e-03 8.155e-01
571(1) 193900015665.898 -> 1.536e-02 9.965e-01
572(1) 81088731478.647 -> 2.319e-03 6.005e-01
573(1) 65849902381.649 -> 3.762e-03 5.173e-01
574(1) 99760548456.300 -> 7.878e-03 8.006e-01
575(1) 109609816410.431 -> 5.500e-03 6.861e-01
576(1) 69054918693.085 -> 5.011e-03 6.686e-01
577(1) 219878250561.662 -> 1.640e-02 9.629e-01
578(1) 186130070907.983 -> 2.650e-03 4.664e-01
579(1) 114085876298.630 -> 4.112e-03 5.555e-01
580(1) 151431552282.884 -> 3.841e-03 6.363e-01
581(1) 76243202916.962 -> 5.962e-03 7.553e-01
582(1) 52157151289.012 -> 9.358e-03 1.000e+00
583(1) 54751328963.283 -> 5.795e-03 7.239e-01
584(1) 103222673342.938 -> 1.552e-02 9.972e-01
585(1) 50488679045.841 -> 7.456e-03 7.826e-01
586(1) 80002301767.851 -> 4.401e-03 7.124e-01
587(1) 86002814734.679 -> 6.748e-03 7.374e-01
588(1) 111855207253.570 -> 4.506e-03 6.533e-01
589(1) 62387816942.218 -> 3.129e-03 6.580e-01
590(1) 52374198436.307 -> 1.398e-02 9.987e-01
591(1) 68375538135.394 -> 6.190e-03 7.978e-01
592(1) 80052625841.728 -> 8.477e-03 7.547e-01
593(1) 99920640992.136 -> 1.493e-02 1.000e+00
594(1) 236710356082.100 -> 2.473e-02 9.969e-01
595(1) 165176320900.981 -> 5.775e-03 7.147e-01
596(1) 144635001577.926 -> 1.423e-02 9.972e-01
597(1) 67053865673.513 -> 1.252e-02 9.874e-01
598(1) 161632900584.477 -> 6.579e-03 7.698e-01
599(1) 21567140259.016 -> 4.820e-03 6.697e-01
600(1) 106238236718.343 -> 4.902e-03 6.395e-01
601(1) 35566974009.000 -> 1.116e-02 9.998e-01
602(1) 169887968065.054 -> 1.243e-02 9.965e-01
603(1) 219235756329.636 -> 9.291e-03 7.415e-01
604(1) 67220425814.652 -> 6.258e-03 7.547e-01
605(1) 143339090213.873 -> 1.882e-02 9.984e-01
606(1) 105693714891.529 -> 1.475e-02 9.958e-01
607(1) 71810340026.637 -> 1.284e-02 9.999e-01
608(1) 106143231417.507 -> 2.074e-03 4.854e-01
609(1) 85020223669.551 -> 1.645e-02 9.995e-01
610(1) 58688123280.936 -> 3.062e-03 5.997e-01
611(1) 98804046626.722 -> 4.899e-03 7.084e-01
612(1) 39683757579.639 -> 8.885e-03 8.600e-01
613(1) 175389794472.540 -> 1.241e-02 8.183e-01
614(1) 156160242472.960 -> 2.395e-03 5.230e-01
615(1) 53513308016.099 -> 9.737e-03 8.963e-01
616(1) 58649379040.464 -> 7.980e-03 8.591e-01
617(1) 102035977106.241 -> 1.615e-02 9.999e-01
618(1) 146300579403.828 -> 1.042e-02 8.479e-01
619(1) 140882131883.294 -> 1.135e-02 9.710e-01
620(1) 104303599901.944 -> 3.462e-03 6.630e-01
621(1) 146929451237.492 -> 7.166e-03 7.553e-01
622(1) 202082821274.696 -> 8.587e-03 8.267e-01
623(1) 142293746666.776 -> 3.797e-03 5.785e-01
624(1) 92951574415.704 -> 3.269e-03 6.134e-01
625(1) 131879519411.427 -> 6.363e-03 7.190e-01
626(1) 273515374478.965 -> 5.976e-03 6.328e-01
627(1) 77356872326.505 -> 1.800e-03 4.795e-01
628(1) 52356373781.657 -> 1.560e-02 9.990e-01
629(1) 50336225030.848 -> 1.062e-02 9.991e-01
630(1) 110244347029.805 -> 2.798e-03 5.730e-01
631(1) 164740187675.610 -> 8.158e-03 6.937e-01
632(1) 134904713419.725 -> 4.521e-03 6.509e-01
633(1) 200208738576.124 -> 7.124e-03 7.992e-01
634(1) 93942926080.249 -> 2.029e-03 5.169e-01
635(1) 120430505447.339 -> 1.009e-02 7.302e-01
636(1) 59625688974.916 -> 1.379e-02 9.987e-01
637(1) 120740363291.485 -> 1.215e-02 1.000e+00
638(1) 171690725391.576 -> 1.146e-02 9.957e-01
639(1) 108062282929.826 -> 1.383e-02 9.522e-01
640(1) 156875839424.381 -> 1.248e-02 9.176e-01
641(1) 201588887082.423 -> 8.410e-03 6.482e-01
642(1) 41557906567.351 -> 1.194e-02 1.000e+00
643(1) 88094865409.569 -> 4.499e-03 6.144e-01
644(1) 165171330546.333 -> 5.076e-03 6.635e-01
645(1) 64922332894.658 -> 9.625e-03 9.992e-01
646(1) 88360010337.370 -> 5.377e-03 7.472e-01
647(1) 102086654810.484 -> 1.129e-02 9.744e-01
648(1) 124395668528.972 -> 2.060e-02 1.000e+00
649(1) 108887470131.180 -> 1.833e-02 9.771e-01
650(1) 93109249966.529 -> 3.277e-03 6.796e-01
651(1) 153314644329.383 -> 4.543e-03 6.206e-01
652(1) 121479987375.676 -> 5.669e-03 5.677e-01
653(1) 192037902311.406 -> 1.280e-02 9.292e-01
654(1) 73994594398.194 -> 5.406e-03 7.415e-01
655(1) 83556441384.539 -> 8.636e-03 8.415e-01
656(1) 106560932462.329 -> 7.099e-03 6.788e-01
657(1) 146606159742.739 -> 1.718e-02 9.693e-01
658(1) 60291538491.627 -> 2.455e-03 5.779e-01
659(1) 102358173934.222 -> 7.759e-03 8.196e-01
660(1) 76842768119.998 -> 9.767e-03 9.491e-01
661(1) 104402668779.286 -> 4.407e-03 6.420e-01
662(1) 81785102629.837 -> 8.261e-03 8.144e-01
663(1) 134917071520.361 -> 7.742e-03 7.990e-01
664(1) 39909923203.635 -> 3.093e-03 5.322e-01
665(1) 157259239065.040 -> 1.327e-02 7.850e-01
666(1) 22782819990.887 -> 7.059e-03 7.574e-01
667(1) 282410162643.201 -> 5.748e-03 4.948e-01
668(1) 52762102003.426 -> 7.027e-03 7.100e-01
669(1) 72927002667.514 -> 4.615e-03 6.957e-01
670(1) 48694142145.102 -> 7.336e-03 7.916e-01
671(1) 91594756692.723 -> 3.982e-03 6.318e-01
672(1) 107820412928.460 -> 8.626e-03 8.856e-01
673(1) 42892517452.095 -> 7.248e-03 7.565e-01
674(1) 48738932334.760 -> 1.072e-02 9.993e-01
675(1) 62834922701.354 -> 1.713e-02 9.995e-01
676(1) 113480498390.372 -> 9.261e-03 7.916e-01
677(1) 57584846746.259 -> 4.157e-03 6.076e-01
678(1) 81720052253.223 -> 7.210e-03 8.165e-01
679(1) 163453080930.733 -> 9.489e-03 9.790e-01
680(1) 69126835696.800 -> 5.047e-03 7.013e-01
681(1) 150443999510.621 -> 4.541e-03 6.973e-01
682(1) 97451568993.703 -> 2.992e-03 6.079e-01
683(1) 146505728255.979 -> 2.018e-02 9.060e-01
684(1) 169670697728.947 -> 4.085e-03 6.281e-01
685(1) 87546242491.452 -> 1.520e-03 4.607e-01
686(1) 136685504654.097 -> 1.537e-02 1.000e+00
687(1) 157430092602.905 -> 1.767e-03 4.795e-01
688(1) 64272803324.927 -> 1.686e-03 4.568e-01
689(1) 105789534113.175 -> 3.938e-03 5.990e-01
690(1) 132435013738.533 -> 9.693e-03 9.993e-01
691(1) 71072629003.119 -> 3.100e-03 5.526e-01
692(1) 114137353663.752 -> 1.134e-02 8.378e-01
693(1) 107945132022.750 -> 9.442e-03 8.896e-01
694(1) 104275913364.294 -> 1.029e-02 9.224e-01
695(1) 78641866974.100 -> 1.299e-02 9.994e-01
696(1) 184502662456.033 -> 1.188e-02 9.730e-01
697(1) 70119106118.277 -> 7.543e-03 7.447e-01
698(1) 69219060778.688 -> 9.329e-03 9.997e-01
699(1) 77135011500.980 -> 3.875e-03 6.782e-01
700(1) 119577881791.581 -> 1.262e-02 9.997e-01
701(1) 174869672021.618 -> 1.733e-02 9.992e-01
702(1) 61117300916.560 -> 4.580e-03 5.931e-01
703(1) 157628443652.308 -> 1.144e-02 9.975e-01
704(1) 78426999954.634 -> 7.784e-03 8.460e-01
705(1) 86867583976.671 -> 2.859e-03 5.199e-01
706(1) 51390282404.431 -> 6.768e-03 7.525e-01
707(1) 90166419542.399 -> 1.335e-02 9.997e-01
708(1) 83735073708.083 -> 6.196e-03 6.903e-01
709(1) 139429043281.943 -> 6.640e-03 8.046e-01
710(1) 59949344529.692 -> 6.563e-03 7.995e-01
711(1) 162616260370.248 -> 3.934e-03 6.687e-01
712(1) 56472522829.447 -> 5.080e-03 7.121e-01
713(1) 170116465718.168 -> 2.884e-03 4.965e-01
714(1) 114901127059.128 -> 1.119e-02 9.177e-01
715(1) 50038609403.556 -> 6.555e-03 7.602e-01
716(1) 165018569001.029 -> 3.842e-03 7.089e-01
717(1) 128549499153.877 -> 2.445e-04 4.507e-01
718(1) 118312323813.860 -> 5.470e-03 8.500e-01
719(1) 81267274487.007 -> 2.852e-03 5.996e-01
720(1) 239817382382.084 -> 1.492e-03 4.316e-01
721(1) 139952591013.359 -> 3.352e-03 6.664e-01
722(1) 125547820482.692 -> 1.121e-02 1.000e+00
723(1) 95998260833.540 -> 2.537e-03 4.638e-01
724(1) 93769422377.166 -> 8.266e-03 8.717e-01
725(1) 145277822791.530 -> 1.118e-02 9.629e-01
726(1) 173032133371.310 -> 3.865e-03 6.402e-01
727(1) 135046209835.610 -> 7.215e-03 7.803e-01
728(1) 167059001174.689 -> 7.310e-03 8.409e-01
729(1) 102689361751.729 -> 1.225e-02 9.763e-01
730(1) 160240114402.356 -> 1.486e-02 9.806e-01
731(1) 73677081967.007 -> 5.123e-03 6.866e-01
732(1) 110395051100.049 -> 1.452e-02 9.988e-01
733(1) 88324646645.913 -> 5.440e-03 6.944e-01
734(1) 128529150596.397 -> 7.104e-03 8.639e-01
735(1) 75237426223.093 -> 3.952e-03 6.135e-01
736(1) 97215322792.626 -> 9.335e-03 9.607e-01
737(1) 116215571061.968 -> 1.224e-02 9.989e-01
738(1) 66508826746.189 -> 1.361e-02 8.434e-01
739(1) 73385382715.303 -> 9.519e-03 9.999e-01
740(1) 152151812720.516 -> 5.406e-03 7.176e-01
741(1) 78998299973.813 -> 9.899e-03 8.363e-01
742(1) 188447876147.615 -> 1.418e-02 7.733e-01
743(1) 151762353378.649 -> 1.023e-02 9.901e-01
744(1) 86282282174.799 -> 1.146e-02 9.537e-01
745(1) 43014425629.962 -> 4.587e-03 7.568e-01
746(1) 43391196029.218 -> 3.883e-03 5.960e-01
747(1) 86169795770.380 -> 6.179e-03 7.077e-01
748(1) 75363457614.842 -> 1.356e-02 1.000e+00
749(1) 97618471754.087 -> 8.613e-03 8.285e-01
750(1) 49988737057.372 -> 6.148e-03 7.226e-01
751(1) 83603030325.243 -> 2.608e-03 6.442e-01
752(1) 67053183269.281 -> 7.956e-03 8.759e-01
753(1) 154138066342.601 -> 1.352e-02 9.930e-01
754(1) 102290913030.656 -> 9.916e-03 9.998e-01
755(1) 60750886847.102 -> 9.989e-03 9.998e-01
756(1) 60133139406.503 -> 6.552e-03 7.168e-01
757(1) 57897589425.854 -> 9.003e-03 8.225e-01
758(1) 172510862154.374 -> 4.544e-03 5.760e-01
759(1) 135142238234.212 -> 1.106e-02 9.997e-01
760(1) 104391214690.053 -> 8.577e-03 8.768e-01
761(1) 112219658079.919 -> 1.441e-02 9.988e-01
762(1) 95562408093.194 -> 1.583e-02 9.989e-01
763(1) 180634542860.202 -> 8.002e-03 7.257e-01
764(1) 164498456242.867 -> 1.536e-03 4.490e-01
765(1) 58556452875.064 -> 9.586e-03 8.373e-01
766(1) 111581987247.881 -> 1.466e-02 7.516e-01
767(1) 118489773583.819 -> 4.815e-03 5.950e-01
768(1) 149034029382.674 -> 1.213e-02 9.104e-01
769(1) 83930252285.618 -> 1.191e-02 9.980e-01
770(1) 59617667312.125 -> 1.036e-02 9.942e-01
771(1) 154972207758.496 -> 9.660e-03 8.714e-01
772(1) 133674256238.684 -> 1.706e-03 4.519e-01
773(1) 52236640373.298 -> 6.400e-03 7.188e-01
774(1) 59191434157.531 -> 5.084e-03 6.359e-01
775(1) 103819701804.122 -> 4.563e-03 6.838e-01
776(1) 74538372743.809 -> 5.204e-03 6.348e-01
777(1) 40073744043.848 -> 3.615e-03 7.231e-01
778(1) 53753302081.789 -> 1.124e-02 9.995e-01
779(1) 76286488765.101 -> 1.028e-02 8.745e-01
780(1) 119090377523.445 -> 3.742e-03 5.872e-01
781(1) 138300994083.032 -> 6.904e-03 6.465e-01
782(1) 138201904689.980 -> 9.925e-03 9.929e-01
783(1) 88453159364.178 -> 3.364e-03 5.681e-01
784(1) 134160572581.734 -> 7.624e-03 7.669e-01
785(1) 126712047829.232 -> 7.634e-03 6.394e-01
786(1) 81970286550.098 -> 1.011e-02 9.083e-01
787(1) 106933200562.035 -> 3.708e-03 5.711e-01
788(1) 103230441129.741 -> 5.014e-03 6.168e-01
789(1) 114066957357.544 -> 1.539e-02 9.995e-01
790(1) 119003151170.232 -> 6.104e-03 7.017e-01
791(1) 80172636036.749 -> 6.196e-03 7.160e-01
792(1) 24249260074.004 -> 6.490e-03 7.878e-01
793(1) 162848053662.198 -> 1.718e-03 4.846e-01
794(1) 74417475228.434 -> 6.400e-03 9.161e-01
795(1) 135350285109.626 -> 4.346e-03 5.933e-01
796(1) 124760714789.412 -> 1.007e-02 9.684e-01
797(1) 98264963899.939 -> 1.360e-02 1.000e+00
798(1) 100534484808.684 -> 4.278e-03 6.228e-01
799(1) 123029851744.354 -> 3.157e-03 5.081e-01
800(1) 64948199129.301 -> 9.684e-03 9.998e-01
801(1) 71615113328.044 -> 2.407e-03 5.353e-01
802(1) 56612855178.507 -> 3.635e-03 6.272e-01
803(1) 87258917453.566 -> 1.416e-02 1.000e+00
804(1) 122403065267.032 -> 2.121e-03 4.809e-01
805(1) 129423339415.595 -> 1.196e-02 8.277e-01
806(1) 195179818152.066 -> 4.494e-03 5.961e-01
807(1) 76867292091.528 -> 1.631e-02 9.948e-01
808(1) 202398383652.250 -> 6.948e-03 6.403e-01
809(1) 174028475644.748 -> 6.275e-03 7.610e-01
810(1) 58858417416.629 -> 8.550e-03 8.227e-01
811(1) 239199685355.433 -> 5.905e-03 6.259e-01
812(1) 99484273876.333 -> 7.215e-03 8.733e-01
813(1) 107422274388.078 -> 5.739e-03 7.487e-01
814(1) 114438834073.333 -> 2.822e-03 6.177e-01
815(1) 71260541089.294 -> 8.260e-03 8.153e-01
816(1) 113074360402.805 -> 1.028e-02 9.991e-01
817(1) 166660189642.025 -> 2.063e-02 9.997e-01
818(1) 125756619458.542 -> 3.352e-03 5.501e-01
819(1) 87450655626.655 -> 4.629e-03 6.548e-01
820(1) 67182412755.422 -> 6.715e-03 7.951e-01
821(1) 172549927562.690 -> 3.858e-03 6.151e-01
822(1) 170331898212.761 -> 9.027e-03 8.770e-01
823(1) 95232313808.269 -> 3.948e-03 6.016e-01
824(1) 94549330696.602 -> 6.431e-03 7.696e-01
825(1) 78210196494.588 -> 9.845e-03 9.996e-01
826(1) 136637052434.080 -> 3.123e-03 5.449e-01
827(1) 92773242919.214 -> 3.551e-03 5.658e-01
828(1) 145530341047.145 -> 5.143e-03 6.540e-01
829(1) 206560892999.355 -> 1.369e-03 5.858e-01
830(1) 181408195520.612 -> 6.729e-03 6.227e-01
831(1) 152293881005.096 -> 6.625e-03 6.476e-01
832(1) 127772298859.851 -> 1.619e-03 4.745e-01
833(1) 87627394860.803 -> 2.336e-03 5.345e-01
834(1) 148013618569.075 -> 6.979e-03 6.386e-01
835(1) 85379794014.842 -> 4.564e-03 6.275e-01
836(1) 157439108997.694 -> 5.802e-03 6.656e-01
837(1) 41664644044.235 -> 6.498e-03 7.600e-01
838(1) 152261076200.098 -> 6.928e-03 7.606e-01
839(1) 126096106896.355 -> 1.093e-03 4.765e-01
840(1) 154695644960.678 -> 3.048e-03 5.553e-01
841(1) 36876148890.541 -> 5.830e-03 6.804e-01
842(1) 67684271383.134 -> 9.266e-03 7.846e-01
843(1) 192086107296.037 -> 3.622e-03 4.829e-01
844(1) 117640086881.402 -> 1.062e-02 9.993e-01
845(1) 143902691204.454 -> 8.940e-03 8.352e-01
846(1) 90766780796.343 -> 1.001e-02 9.903e-01
847(1) 236099859434.324 -> 4.329e-03 6.352e-01
848(1) 146081471033.899 -> 6.976e-03 8.036e-01
849(1) 154049852316.748 -> 9.592e-03 9.295e-01
850(1) 115607778707.424 -> 5.799e-03 7.387e-01
851(1) 171695875142.878 -> 7.481e-03 7.253e-01
852(1) 83671772892.668 -> 1.414e-02 1.000e+00
853(1) 224515759537.874 -> 3.021e-03 5.330e-01
854(1) 190783782289.201 -> 4.614e-03 5.988e-01
855(1) 88330553867.438 -> 4.302e-03 7.011e-01
856(1) 188318786282.753 -> 5.290e-03 5.530e-01
857(1) 74620147821.637 -> 4.716e-03 6.617e-01
858(1) 74038107416.481 -> 6.042e-03 6.421e-01
859(1) 183118051842.923 -> 4.549e-03 6.591e-01
860(1) 218844707588.582 -> 2.988e-03 6.396e-01
861(1) 64219811638.851 -> 7.457e-03 8.050e-01
862(1) 169755114544.525 -> 7.534e-03 6.092e-01
863(1) 48829668764.115 -> 3.390e-03 5.835e-01
864(1) 128046063775.396 -> 3.587e-03 6.640e-01
865(1) 90892714337.736 -> 9.267e-03 8.342e-01
866(1) 99821737249.701 -> 3.330e-03 5.765e-01
867(1) 133805550605.034 -> 1.300e-02 9.992e-01
868(1) 124663116347.275 -> 1.256e-02 9.995e-01
869(1) 152272278051.006 -> 4.725e-03 6.257e-01
870(1) 72574214723.480 -> 1.400e-02 9.999e-01
871(1) 105614720023.610 -> 8.371e-03 7.076e-01
872(1) 132210642479.999 -> 1.111e-02 8.281e-01
873(1) 45592221822.923 -> 6.719e-03 7.544e-01
874(1) 57412859646.535 -> 2.071e-03 4.843e-01
875(1) 40275480312.527 -> 5.835e-03 7.543e-01
876(1) 173467230762.493 -> 1.303e-02 9.660e-01
877(1) 114903695472.646 -> 1.716e-03 5.226e-01
878(1) 73602803689.246 -> 1.324e-02 9.990e-01
879(1) 69171265375.560 -> 1.719e-02 9.995e-01
880(1) 131448293743.648 -> 1.203e-02 9.039e-01
881(1) 77106769043.872 -> 3.656e-03 6.238e-01
882(1) 112535221283.275 -> 1.081e-02 9.585e-01
883(1) 97871385476.087 -> 5.261e-03 6.381e-01
884(1) 61373785206.015 -> 1.121e-02 8.360e-01
885(1) 168776675521.845 -> 5.047e-03 6.605e-01
886(1) 110255973640.622 -> 4.934e-03 6.971e-01
887(1) 156071151126.376 -> 5.771e-03 7.949e-01
888(1) 39937865227.236 -> 5.136e-03 6.795e-01
889(1) 94199011367.992 -> 3.390e-03 5.755e-01
890(1) 77646446439.816 -> 1.352e-02 9.955e-01
891(1) 134676769510.912 -> 1.530e-02 8.487e-01
892(1) 74496547441.005 -> 5.026e-03 6.403e-01
893(1) 114706628362.085 -> 5.129e-03 6.346e-01
894(1) 60944282890.197 -> 4.349e-03 6.292e-01
895(1) 80485205896.657 -> 5.575e-03 7.910e-01
896(1) 46860643581.291 -> 1.997e-03 5.243e-01
897(1) 84995354280.169 -> 1.956e-03 4.825e-01
898(1) 106794223623.647 -> 1.062e-02 9.763e-01
899(1) 153346087243.440 -> 7.214e-03 7.690e-01
900(1) 104669778746.360 -> 6.288e-03 7.341e-01
901(1) 115424650465.140 -> 1.911e-02 1.000e+00
902(1) 55904347395.946 -> 5.703e-03 7.567e-01
903(1) 210365075865.730 -> 1.567e-03 5.070e-01
904(1) 108418702903.935 -> 6.384e-03 7.290e-01
905(1) 151348206435.366 -> 8.830e-03 9.880e-01
906(1) 69707752917.440 -> 3.909e-03 6.389e-01
907(1) 95152720444.574 -> 6.488e-03 9.999e-01
908(1) 34515858404.224 -> 2.278e-03 4.723e-01
909(1) 138824718024.772 -> 3.106e-03 5.407e-01
910(1) 159827079973.887 -> 1.307e-02 9.460e-01
911(1) 244471502353.011 -> 1.626e-03 3.810e-01
912(1) 100316642963.528 -> 4.249e-03 5.685e-01
913(1) 169086775797.771 -> 8.942e-03 9.893e-01
914(1) 95698696758.428 -> 5.903e-03 7.034e-01
915(1) 57844143444.750 -> 4.931e-03 7.486e-01
916(1) 112897838803.129 -> 4.096e-03 6.538e-01
917(1) 128736455981.176 -> 8.118e-03 7.871e-01
918(1) 127589078891.062 -> 1.141e-02 9.387e-01
919(1) 38134894375.317 -> 5.826e-03 7.118e-01
920(1) 118188649077.445 -> 2.824e-03 5.511e-01
921(1) 135240121508.374 -> 7.192e-03 7.870e-01
922(1) 104007016307.470 -> 9.657e-03 9.998e-01
923(1) 62771499437.372 -> 1.089e-02 8.167e-01
924(1) 133486668042.712 -> 6.556e-03 7.748e-01
925(1) 101986824775.270 -> 1.056e-02 9.992e-01
926(1) 115773721151.433 -> 6.302e-03 9.229e-01
927(1) 175712738247.837 -> 6.953e-03 6.923e-01
928(1) 121020894350.446 -> 5.224e-03 5.840e-01
929(1) 87762106901.375 -> 6.657e-03 7.885e-01
930(1) 109972946551.223 -> 9.404e-03 8.925e-01
931(1) 96296331928.894 -> 1.745e-02 9.941e-01
932(1) 125907099076.923 -> 6.578e-03 6.694e-01
933(1) 147577102652.020 -> 1.648e-02 9.962e-01
934(1) 84093212461.245 -> 6.808e-03 8.095e-01
935(1) 141687813071.288 -> 2.169e-03 5.061e-01
936(1) 155902436065.589 -> 1.456e-02 1.000e+00
937(1) 68740399138.044 -> 7.667e-03 6.640e-01
938(1) 51529207728.014 -> 5.768e-03 7.166e-01
939(1) 58370110006.058 -> 1.437e-03 5.191e-01
940(1) 117004830028.292 -> 5.398e-03 7.740e-01
941(1) 94663867585.415 -> 9.642e-03 8.531e-01
942(1) 112920660255.575 -> 1.328e-02 9.998e-01
943(1) 38932604046.418 -> 3.861e-03 6.847e-01
944(1) 69841555042.534 -> 1.515e-02 1.000e+00
945(1) 76311871248.329 -> 6.735e-03 7.747e-01
946(1) 166569704241.515 -> 6.449e-03 6.304e-01
947(1) 63644285669.939 -> 7.957e-03 8.357e-01
948(1) 52228119700.018 -> 6.158e-03 8.452e-01
949(1) 137229135053.006 -> 6.921e-03 6.887e-01
950(1) 104891535895.942 -> 7.645e-03 7.431e-01
951(1) 158808629688.201 -> 6.323e-03 7.283e-01
952(1) 109284158647.763 -> 5.561e-03 6.324e-01
953(1) 111999942665.578 -> 7.217e-03 6.740e-01
954(1) 152152485629.392 -> 1.421e-02 1.000e+00
955(1) 76512816219.635 -> 6.573e-03 7.426e-01
956(1) 90476525348.278 -> 5.500e-03 6.154e-01
957(1) 103322596045.588 -> 6.565e-03 7.479e-01
958(1) 147421900675.893 -> 1.282e-02 9.998e-01
959(1) 46947481014.197 -> 3.503e-03 5.757e-01
960(1) 109198538158.136 -> 3.283e-03 5.992e-01
961(1) 174255342871.377 -> 5.472e-03 5.927e-01
962(1) 176368048261.480 -> 5.960e-03 7.319e-01
963(1) 154722980896.412 -> 1.126e-02 8.307e-01
964(1) 252218501579.014 -> 3.292e-03 6.245e-01
965(1) 107867554568.953 -> 4.009e-03 7.265e-01
966(1) 43983198701.504 -> 9.763e-03 9.989e-01
967(1) 180666640589.935 -> 1.808e-03 5.523e-01
968(1) 161994093841.991 -> 1.584e-02 9.997e-01
969(1) 125072722162.887 -> 5.017e-03 5.721e-01
970(1) 138969504063.187 -> 1.963e-02 9.983e-01
971(1) 189935221053.123 -> 1.016e-02 9.339e-01
972(1) 147855300274.734 -> 1.084e-02 9.722e-01
973(1) 123559454341.168 -> 9.979e-03 8.742e-01
974(1) 43741864943.512 -> 5.555e-03 6.841e-01
975(1) 78240839142.346 -> 5.406e-03 7.243e-01
976(1) 50243106533.589 -> 6.355e-03 7.292e-01
977(1) 95701618822.032 -> 4.257e-03 6.718e-01
978(1) 88007076333.801 -> 1.932e-03 5.345e-01
979(1) 210495164335.329 -> 9.771e-03 6.619e-01
980(1) 185824379573.039 -> 1.042e-02 9.972e-01
981(1) 39478383166.376 -> 6.334e-03 7.007e-01
982(1) 105063523153.243 -> 5.289e-03 6.418e-01
983(1) 76197030771.339 -> 5.987e-03 7.363e-01
984(1) 83163149745.099 -> 1.015e-02 9.998e-01
985(1) 73421303738.434 -> 9.652e-03 7.869e-01
986(1) 87909332023.521 -> 2.658e-03 5.345e-01
987(1) 104679974502.981 -> 4.996e-03 6.911e-01
988(1) 107837738738.339 -> 5.632e-03 7.026e-01
989(1) 100609159401.764 -> 6.948e-03 7.379e-01
990(1) 127941971712.583 -> 4.061e-03 6.356e-01
991(1) 175340663658.296 -> 8.773e-03 9.035e-01
992(1) 88755377111.865 -> 4.644e-03 7.204e-01
993(1) 44753784258.864 -> 2.843e-03 5.671e-01
994(1) 61578782885.998 -> 4.295e-03 5.989e-01
995(1) 165042914490.822 -> 7.613e-03 7.734e-01
996(1) 188521267954.154 -> 1.548e-02 9.993e-01
997(1) 98198027603.083 -> 9.908e-03 9.982e-01
998(1) 30498800476.263 -> 6.005e-03 7.523e-01
999(1) 119111586496.698 -> 1.029e-02 8.319e-01
1000(1) 63539893681.730 -> 5.754e-03 7.776e-01

# Non-parametric (median = 500th, lower=25th, upper=975th)
median = [ 0.00690421 0.756802]
Lower  = [ 0.00166092 0.478569]
Upper  = [ 0.0165442 0.999955]
Bootstrap trials: trial(converged?) ssr -> params
1(1) 71182625320.48 -> 1.4648e-02 9.9877e-01
2(1) 138021194177.41 -> 1.5256e-02 9.9923e-01
3(1) 134002502390.03 -> 1.3433e-02 9.9901e-01
4(1) 118747968043.72 -> 6.9331e-03 8.5932e-01
5(1) 147644151854.87 -> 2.1395e-03 4.9402e-01
6(1) 64850691864.83 -> 1.1163e-02 8.5586e-01
7(1) 92528698634.95 -> 1.2459e-02 9.9911e-01
8(1) 198685125510.87 -> 1.5158e-02 9.9976e-01
9(1) 29962019138.74 -> 6.7524e-03 6.8226e-01
10(1) 207771717782.38 -> 7.3583e-03 6.2682e-01
11(1) 113393572823.00 -> 1.1242e-02 9.9661e-01
12(1) 195925989301.02 -> 5.2662e-03 6.6189e-01
13(1) 225447655285.72 -> 9.6756e-03 8.5472e-01
14(1) 43557274828.10 -> 9.0199e-03 8.0857e-01
15(1) 78539845846.28 -> 6.5166e-03 7.5359e-01
16(1) 82517904766.46 -> 5.4514e-03 6.8421e-01
17(1) 126850076231.40 -> 3.7296e-03 5.1500e-01
18(1) 42445263267.63 -> 1.0324e-02 9.3871e-01
19(1) 75404431535.40 -> 6.2079e-03 7.1763e-01
20(1) 184542296365.81 -> 4.6972e-03 7.2517e-01
21(1) 140589320463.01 -> 1.2991e-02 9.9368e-01
22(1) 96249739571.64 -> 8.8784e-03 8.0724e-01
23(1) 167417522751.39 -> 5.8423e-03 7.0122e-01
24(1) 140930821395.65 -> 9.7663e-03 9.6677e-01
25(1) 158909317837.84 -> 4.6825e-03 7.0562e-01
26(1) 175612620873.46 -> 6.3404e-03 7.6675e-01
27(1) 85697401441.85 -> 6.8889e-03 7.1742e-01
28(1) 161185753236.31 -> 3.4346e-03 6.2859e-01
29(1) 137963613264.90 -> 1.6448e-02 9.9954e-01
30(1) 65839403678.79 -> 5.2793e-03 6.8200e-01
31(1) 154355735592.20 -> 1.2129e-02 9.5021e-01
32(1) 70474367922.24 -> 4.3849e-03 5.7946e-01
33(1) 198069301041.73 -> 3.6209e-03 5.6834e-01
34(1) 118503043960.69 -> 7.8221e-03 7.8785e-01
35(1) 67170082665.23 -> 5.6724e-03 7.3354e-01
36(1) 129558325557.19 -> 1.4432e-02 9.9974e-01
37(1) 136768476392.63 -> 1.3670e-02 9.6865e-01
38(1) 65393376192.79 -> 8.5615e-03 9.1890e-01
39(1) 108609998827.03 -> 3.9712e-03 6.0981e-01
40(1) 70555527803.39 -> 5.4601e-03 7.0041e-01
41(1) 151991671644.16 -> 1.3527e-02 9.9911e-01
42(1) 331674327976.16 -> 8.6201e-03 7.7106e-01
43(1) 52084139556.43 -> 6.2093e-03 7.9615e-01
44(1) 93421540918.36 -> 1.2663e-02 9.9483e-01
45(1) 93027656980.78 -> 6.5316e-03 7.6378e-01
46(1) 141035176164.20 -> 1.0684e-03 4.2675e-01
47(1) 112448335181.09 -> 6.1297e-03 7.3819e-01
48(1) 132886254524.05 -> 9.5340e-03 9.9955e-01
49(1) 86755125226.94 -> 5.5671e-03 6.9316e-01
50(1) 134006768461.05 -> 3.5240e-03 5.4775e-01
51(1) 50342353307.62 -> 7.4389e-03 8.9213e-01
52(1) 91492266028.64 -> 8.7498e-03 8.3102e-01
53(1) 120684788617.50 -> 6.9118e-03 7.1658e-01
54(1) 139810338253.76 -> 1.0254e-02 9.9721e-01
55(1) 62727686381.69 -> 4.7592e-03 6.8363e-01
56(1) 99602179917.97 -> 6.1936e-03 6.8562e-01
57(1) 88257496351.42 -> 9.0803e-03 9.3118e-01
58(1) 196063844949.15 -> 2.2437e-02 9.9989e-01
59(1) 100474853497.48 -> 3.8591e-03 5.5634e-01
60(1) 112195202746.81 -> 7.8292e-03 8.2239e-01
61(1) 191340878358.44 -> 3.3526e-03 5.7748e-01
62(1) 77781742694.36 -> 6.2195e-03 7.5194e-01
63(1) 90936714234.72 -> 7.3610e-03 8.1384e-01
64(1) 23820435806.68 -> 1.2041e-02 9.9994e-01
65(1) 87658653387.95 -> 3.5946e-03 6.6267e-01
66(1) 64309235861.61 -> 7.7937e-03 7.8474e-01
67(1) 59113523601.58 -> 1.2872e-02 9.1547e-01
68(1) 81924840156.51 -> 1.0786e-02 9.2271e-01
69(1) 18925802819.30 -> 7.9934e-03 7.2971e-01
70(1) 100771527704.96 -> 4.5619e-03 6.4000e-01
71(1) 106090538669.27 -> 3.7635e-03 5.5032e-01
72(1) 216522604850.93 -> 1.4293e-02 9.9948e-01
73(1) 82052227466.72 -> 7.5944e-03 9.4489e-01
74(1) 198542889151.98 -> 8.7222e-03 8.1067e-01
75(1) 155412196317.95 -> 6.9168e-03 7.4462e-01
76(1) 26216717926.90 -> 1.1138e-02 9.4741e-01
77(1) 121624851480.80 -> 5.0443e-03 6.9864e-01
78(1) 117291143598.82 -> 5.2259e-03 7.3669e-01
79(1) 87903395200.93 -> 1.1077e-02 8.1689e-01
80(1) 76516117619.82 -> 6.1788e-03 7.2644e-01
81(1) 173908673080.06 -> 1.5345e-02 9.9778e-01
82(1) 129165467316.02 -> 3.6474e-03 4.8257e-01
83(1) 78601942146.44 -> 4.6013e-03 6.3459e-01
84(1) 82453157537.83 -> 1.1128e-02 9.9827e-01
85(1) 122800809998.28 -> 3.5521e-03 6.5449e-01
86(1) 155068749031.44 -> 2.1017e-02 9.9921e-01
87(1) 237349538265.82 -> 3.3626e-03 5.2872e-01
88(1) 211938867551.63 -> 5.2549e-03 7.4433e-01
89(1) 131257803736.10 -> 1.2679e-02 1.0000e+00
90(1) 155934752746.39 -> 9.7890e-03 9.6513e-01
91(1) 153162314639.86 -> 1.2706e-02 9.9645e-01
92(1) 159981550310.24 -> 1.4420e-02 9.9507e-01
93(1) 90828623744.36 -> 4.0498e-03 6.3448e-01
94(1) 157852102999.66 -> 1.5043e-02 9.9971e-01
95(1) 55621691094.00 -> 1.1604e-02 9.3242e-01
96(1) 195063823635.45 -> 6.4055e-03 6.8952e-01
97(1) 191990410853.10 -> 6.7460e-03 7.1391e-01
98(1) 135035768551.18 -> 3.6147e-03 4.5343e-01
99(1) 127247534296.52 -> 6.6370e-03 6.9955e-01
100(1) 82292959099.79 -> 1.3048e-02 9.9829e-01
101(1) 101159038759.66 -> 2.4951e-03 5.8644e-01
102(1) 87109717190.46 -> 1.2675e-02 9.9973e-01
103(1) 90583163467.29 -> 3.9740e-03 5.0357e-01
104(1) 137606986963.29 -> 1.3772e-02 9.8919e-01
105(1) 116918157698.48 -> 4.8881e-03 6.2960e-01
106(1) 54657225328.60 -> 9.1312e-03 8.9287e-01
107(1) 136219541329.74 -> 4.9664e-03 6.9096e-01
108(1) 138404129351.13 -> 5.9474e-03 9.3231e-01
109(1) 81918335891.82 -> 4.9478e-03 6.6424e-01
110(1) 52929874825.33 -> 1.2840e-02 9.9995e-01
111(1) 161960006526.78 -> 1.1328e-02 9.9528e-01
112(1) 93609505362.12 -> 9.7027e-03 8.4722e-01
113(1) 130382703077.01 -> 3.9395e-03 6.0781e-01
114(1) 123382557318.06 -> 8.7806e-03 9.4211e-01
115(1) 101485682796.00 -> 8.7214e-03 9.9955e-01
116(1) 66812141686.76 -> 1.0846e-02 8.7229e-01
117(1) 82335628023.83 -> 8.2641e-03 7.3146e-01
118(1) 172130196056.89 -> 6.7806e-03 8.9545e-01
119(1) 94130979140.37 -> 2.4026e-03 5.9772e-01
120(1) 111574210745.81 -> 1.4744e-02 9.9931e-01
121(1) 96931356393.86 -> 5.8465e-03 7.4464e-01
122(1) 108579202382.04 -> 7.1567e-03 6.5169e-01
123(1) 82547690327.07 -> 6.4614e-03 7.5242e-01
124(1) 58645586764.92 -> 8.9906e-03 9.1051e-01
125(1) 106653127570.40 -> 5.3382e-03 7.1986e-01
126(1) 171095948260.14 -> 1.3005e-02 9.9971e-01
127(1) 80013513219.67 -> 4.5511e-03 6.0998e-01
128(1) 176525546962.82 -> 6.0379e-03 7.1632e-01
129(1) 81611340889.42 -> 6.9974e-03 7.3247e-01
130(1) 36632268634.88 -> 4.7872e-03 6.6431e-01
131(1) 120225819827.17 -> 1.1924e-02 9.8044e-01
132(1) 84479799491.11 -> 7.3656e-03 8.6371e-01
133(1) 137290839657.54 -> 7.8802e-03 6.7723e-01
134(1) 179321080509.90 -> 6.1560e-03 6.9200e-01
135(1) 131546616281.22 -> 9.8344e-03 9.9750e-01
136(1) 17697849238.14 -> 4.1801e-03 6.0389e-01
137(1) 44907373151.24 -> 9.9391e-03 9.3269e-01
138(1) 131409894223.09 -> 7.9668e-03 7.0902e-01
139(1) 90212554106.13 -> 1.7254e-02 9.9905e-01
140(1) 96450474967.16 -> 9.9534e-03 9.9979e-01
141(1) 105901112870.64 -> 5.3440e-03 6.8860e-01
142(1) 47512355565.81 -> 1.2839e-02 9.1855e-01
143(1) 62007074480.49 -> 1.6491e-03 4.9728e-01
144(1) 145514490530.44 -> 6.4039e-03 7.2681e-01
145(1) 105027377477.89 -> 8.9813e-03 5.6019e-01
146(1) 91090851840.41 -> 5.5615e-03 7.0083e-01
147(1) 136655233754.62 -> 1.0326e-02 9.3255e-01
148(1) 56844327835.83 -> 6.7824e-03 6.4988e-01
149(1) 178075543898.35 -> 1.2557e-02 9.9660e-01
150(1) 88955203562.52 -> 2.3276e-03 6.2454e-01
151(1) 47058415479.20 -> 1.3570e-02 9.9990e-01
152(1) 126705610465.84 -> 9.2005e-03 9.9998e-01
153(1) 39594390545.18 -> 7.5276e-03 7.8981e-01
154(1) 210262677922.80 -> 1.2072e-02 9.9910e-01
155(1) 48171097130.73 -> 1.1044e-02 9.3637e-01
156(1) 94377356087.41 -> 1.2588e-02 7.6902e-01
157(1) 162180185919.42 -> 1.1162e-02 8.9623e-01
158(1) 45536342708.62 -> 4.5316e-03 5.4525e-01
159(1) 97492589371.53 -> 8.7285e-03 8.0923e-01
160(1) 78908380394.10 -> 1.0124e-02 9.9500e-01
161(1) 120484690307.01 -> 1.0022e-02 9.9685e-01
162(1) 194627397388.10 -> 1.2726e-03 3.8032e-01
163(1) 87565093596.16 -> 5.5489e-03 8.7892e-01
164(1) 81446800010.90 -> 7.1352e-03 7.7125e-01
165(1) 129724373637.98 -> 8.6144e-03 1.0000e+00
166(1) 103934854820.58 -> 4.5013e-03 6.1563e-01
167(1) 99600453199.52 -> 3.8419e-03 5.4658e-01
168(1) 86788084579.62 -> 6.0148e-03 7.1742e-01
169(1) 27571201146.41 -> 6.5108e-03 7.5077e-01
170(1) 110671636238.65 -> 3.1124e-03 5.9758e-01
171(1) 93645318026.87 -> 1.1416e-02 8.6872e-01
172(1) 65949895247.64 -> 5.9433e-03 7.0543e-01
173(1) 141023305385.82 -> 3.2223e-03 5.5603e-01
174(1) 96644456013.07 -> 6.5812e-03 7.0565e-01
175(1) 69534295532.46 -> 5.7044e-03 8.0832e-01
176(1) 95344369662.68 -> 9.3037e-03 9.9928e-01
177(1) 127443086354.34 -> 1.1899e-02 9.9865e-01
178(1) 122920262819.78 -> 9.4637e-03 9.1445e-01
179(1) 231627017291.45 -> 2.2293e-03 5.0795e-01
180(1) 98752077948.82 -> 9.3173e-03 8.3534e-01
181(1) 61585476642.37 -> 6.2715e-03 7.3707e-01
182(1) 136430578369.79 -> 5.7855e-03 6.4811e-01
183(1) 164888830881.90 -> 2.7978e-03 5.1051e-01
184(1) 161954927084.28 -> 6.4942e-03 7.8558e-01
185(1) 44111567883.07 -> 6.8745e-03 8.1538e-01
186(1) 88977485749.45 -> 5.0752e-03 5.3252e-01
187(1) 45576518778.90 -> 5.0081e-03 6.6822e-01
188(1) 119314826965.11 -> 4.0172e-03 6.1935e-01
189(1) 101521629594.28 -> 1.2738e-02 9.2729e-01
190(1) 64026872797.02 -> 4.6320e-03 6.8022e-01
191(1) 91957335662.21 -> 3.1045e-03 5.7024e-01
192(1) 229646546479.82 -> 2.0222e-03 5.6175e-01
193(1) 137722590075.71 -> 6.1309e-03 7.4483e-01
194(1) 77730175374.50 -> 1.6860e-02 9.9977e-01
195(1) 53841262815.94 -> 5.2019e-03 6.6854e-01
196(1) 52887779797.55 -> 8.4498e-03 7.8610e-01
197(1) 166581340978.50 -> 1.5580e-02 9.9905e-01
198(1) 48665188511.66 -> 9.4904e-03 9.9710e-01
199(1) 105883340518.95 -> 3.4655e-03 5.8046e-01
200(1) 117273386699.47 -> 5.5158e-03 5.6873e-01
201(1) 99720877549.23 -> 6.8507e-03 6.5186e-01
202(1) 100249838143.35 -> 1.2484e-03 4.1568e-01
203(1) 98318506100.47 -> 1.4552e-02 9.5948e-01
204(1) 64687421597.48 -> 5.8967e-03 6.8905e-01
205(1) 85733393980.21 -> 5.2405e-03 6.9883e-01
206(1) 97602592421.04 -> 8.8159e-03 8.8754e-01
207(1) 175019156380.08 -> 4.5263e-03 6.2833e-01
208(1) 93343480838.55 -> 1.0405e-02 9.9987e-01
209(1) 86318670635.79 -> 1.3246e-02 9.9930e-01
210(1) 110452038029.45 -> 1.7780e-02 9.9986e-01
211(1) 107568958703.85 -> 1.3457e-02 9.9876e-01
212(1) 178829727641.29 -> 1.2910e-02 9.9542e-01
213(1) 48171252541.39 -> 6.0718e-03 7.4736e-01
214(1) 66517399897.26 -> 4.9119e-03 6.3489e-01
215(1) 120905724455.95 -> 6.0086e-03 5.7107e-01
216(1) 195893089512.56 -> 1.4293e-03 4.0313e-01
217(1) 196154829208.15 -> 1.2895e-02 9.9345e-01
218(1) 101559898874.16 -> 1.2068e-02 9.9899e-01
219(1) 119147893016.54 -> 7.9096e-03 9.0581e-01
220(1) 113746322447.69 -> 3.7068e-03 5.6518e-01
221(1) 104521603142.06 -> 6.0587e-03 7.3965e-01
222(1) 47926021414.64 -> 7.9770e-03 8.4836e-01
223(1) 65593802840.21 -> 1.7158e-03 5.2444e-01
224(1) 88444247783.33 -> 9.9218e-03 8.9779e-01
225(1) 67838094050.73 -> 3.7872e-03 6.4856e-01
226(1) 93837467754.19 -> 5.5698e-03 6.5611e-01
227(1) 151084412167.54 -> 1.6290e-03 5.3549e-01
228(1) 144571857902.58 -> 1.1623e-02 8.4288e-01
229(1) 181706393366.13 -> 9.1295e-03 9.6930e-01
230(1) 153654600689.89 -> 1.0890e-02 9.9894e-01
231(1) 151583529623.98 -> 3.2417e-03 5.6421e-01
232(1) 55791322842.64 -> 8.6672e-03 8.7980e-01
233(1) 197909133657.68 -> 3.6213e-03 5.5865e-01
234(1) 53040890698.06 -> 7.9746e-03 9.9807e-01
235(1) 121283331531.70 -> 1.0494e-02 9.9814e-01
236(1) 111531412872.17 -> 5.2516e-03 6.9715e-01
237(1) 180672848018.96 -> 3.9922e-03 6.3876e-01
238(1) 125811397961.37 -> 1.7847e-02 9.9990e-01
239(1) 121140333684.41 -> 4.1289e-03 5.5825e-01
240(1) 71262030301.53 -> 1.4278e-02 9.9999e-01
241(1) 48994629770.64 -> 6.6818e-03 7.8336e-01
242(1) 192973117219.13 -> 1.4260e-03 4.8727e-01
243(1) 121946465542.84 -> 1.4537e-02 9.9816e-01
244(1) 91143257948.54 -> 2.6112e-03 6.3464e-01
245(1) 138472103428.04 -> 7.2994e-03 7.9890e-01
246(1) 65396745401.97 -> 1.3354e-02 9.9897e-01
247(1) 47044066675.54 -> 5.6378e-03 6.9125e-01
248(1) 123249910099.96 -> 1.2143e-02 9.7300e-01
249(1) 136693307827.41 -> 5.4934e-03 6.5908e-01
250(1) 72553130245.90 -> 8.5766e-03 8.0277e-01
251(1) 126633935763.05 -> 2.2976e-03 4.7229e-01
252(1) 144897931111.89 -> 9.6251e-03 9.9915e-01
253(1) 111853981776.27 -> 4.7201e-03 5.8599e-01
254(1) 66820724810.19 -> 2.3809e-03 5.7359e-01
255(1) 134344800611.77 -> 8.2534e-03 9.9890e-01
256(1) 363017320148.80 -> 4.5341e-03 5.6456e-01
257(1) 80122563386.42 -> 2.7029e-03 5.5380e-01
258(1) 135217601604.58 -> 1.0708e-02 9.9937e-01
259(1) 60780757005.30 -> 1.4193e-03 5.1550e-01
260(1) 107693103163.73 -> 6.6693e-03 7.6956e-01
261(1) 109520973295.57 -> 1.6000e-02 1.0000e+00
262(1) 47197073262.64 -> 6.5841e-03 7.8839e-01
263(1) 80539689044.75 -> 7.5236e-03 7.0543e-01
264(1) 71041244970.16 -> 3.4105e-03 6.6678e-01
265(1) 43541082683.38 -> 3.7248e-03 5.8806e-01
266(1) 43756225920.19 -> 6.4698e-03 7.3037e-01
267(1) 37952047137.85 -> 1.2316e-02 9.9994e-01
268(1) 31556443830.44 -> 5.4524e-03 7.6934e-01
269(1) 181780281170.52 -> 3.8070e-03 7.4284e-01
270(1) 25229991706.87 -> 9.8014e-03 9.8973e-01
271(1) 132221564313.54 -> 6.5832e-03 8.0391e-01
272(1) 102829038488.84 -> 6.7016e-03 6.1908e-01
273(1) 104337148037.39 -> 2.5418e-03 5.4886e-01
274(1) 67837332349.48 -> 4.9063e-03 6.0478e-01
275(1) 97214462680.63 -> 9.6487e-03 9.9908e-01
276(1) 96320498813.55 -> 1.0904e-02 9.5347e-01
277(1) 126436291549.19 -> 7.7591e-03 8.7496e-01
278(1) 159453837408.67 -> 5.0895e-03 6.8780e-01
279(1) 155645111332.04 -> 5.0915e-03 7.2013e-01
280(1) 102012365046.26 -> 5.7032e-03 7.2777e-01
281(1) 71326508641.75 -> 7.9512e-03 6.8872e-01
282(1) 194808472555.34 -> 1.4228e-02 9.9903e-01
283(1) 39098549889.09 -> 7.8109e-03 8.1340e-01
284(1) 130602296474.35 -> 4.0703e-03 5.6296e-01
285(1) 50690486208.72 -> 5.9553e-03 6.9127e-01
286(1) 106722824573.77 -> 4.6889e-03 7.1796e-01
287(1) 121323547990.92 -> 6.6299e-03 7.7097e-01
288(1) 129860587900.51 -> 8.5350e-03 9.9994e-01
289(1) 159412130887.51 -> 3.8081e-03 5.3213e-01
290(1) 64563391636.38 -> 5.8316e-03 7.0124e-01
291(1) 83883707334.18 -> 2.5375e-03 5.8135e-01
292(1) 75050034460.76 -> 1.6609e-03 4.7689e-01
293(1) 84865012139.14 -> 9.9398e-03 9.4490e-01
294(1) 48472937217.09 -> 1.0546e-02 9.9902e-01
295(1) 152056238795.99 -> 1.1550e-02 9.9284e-01
296(1) 138891268232.23 -> 1.8252e-02 9.9960e-01
297(1) 134285149941.90 -> 1.3191e-02 9.9716e-01
298(1) 60559498944.18 -> 3.7167e-03 6.0619e-01
299(1) 164530227597.42 -> 1.3505e-02 9.8592e-01
300(1) 96786551682.74 -> 6.5290e-03 8.1380e-01
301(1) 57748099120.15 -> 5.3334e-03 7.3923e-01
302(1) 144665267826.02 -> 8.4446e-03 8.5392e-01
303(1) 220452656086.41 -> 6.3473e-03 6.4279e-01
304(1) 52678935397.18 -> 7.2028e-03 7.8662e-01
305(1) 118205352291.49 -> 1.1290e-02 9.5251e-01
306(1) 34684077620.83 -> 9.4768e-03 9.0422e-01
307(1) 89768290812.75 -> 7.8937e-03 8.0864e-01
308(1) 96399799077.33 -> 4.6227e-03 6.4400e-01
309(1) 104110420721.33 -> 1.6651e-03 4.8845e-01
310(1) 38723956547.93 -> 6.6871e-03 7.6129e-01
311(1) 141488606114.04 -> 9.8060e-03 8.0199e-01
312(1) 72640183329.93 -> 6.1410e-03 7.1988e-01
313(1) 112201005755.77 -> 1.8273e-03 5.4752e-01
314(1) 179818470114.61 -> 1.0380e-02 9.1913e-01
315(1) 128623801370.92 -> 1.1398e-02 8.3931e-01
316(1) 119455864544.71 -> 3.8290e-03 4.7317e-01
317(1) 222058393635.10 -> 1.2960e-02 9.8339e-01
318(1) 103162709867.30 -> 3.6690e-03 6.0164e-01
319(1) 30948375639.87 -> 1.0577e-02 7.8277e-01
320(1) 71292768824.75 -> 6.3193e-03 6.6070e-01
321(1) 200874691249.28 -> 1.8228e-02 9.9427e-01
322(1) 102355231083.98 -> 6.0172e-03 7.4196e-01
323(1) 71448124952.54 -> 6.4254e-03 7.2848e-01
324(1) 168623030117.83 -> 1.5746e-02 9.9959e-01
325(1) 100229320491.46 -> 5.1873e-03 6.4079e-01
326(1) 104828185314.09 -> 5.3891e-03 6.0099e-01
327(1) 57228815986.26 -> 9.6035e-03 8.1236e-01
328(1) 81428446519.86 -> 2.9344e-03 6.3136e-01
329(1) 86552390966.11 -> 4.2756e-03 6.9788e-01
330(1) 164425708656.86 -> 6.0194e-03 8.2289e-01
331(1) 19333286207.98 -> 7.8742e-03 7.6333e-01
332(1) 245686134734.24 -> 1.4598e-02 9.9492e-01
333(1) 113638361766.68 -> 1.4325e-02 9.9854e-01
334(1) 57339191358.84 -> 1.3858e-02 9.9989e-01
335(1) 50226854366.84 -> 7.1384e-03 7.9258e-01
336(1) 181948808593.77 -> 3.2113e-03 4.7857e-01
337(1) 92067816618.95 -> 3.3905e-03 6.2635e-01
338(1) 175249761445.92 -> 6.0864e-03 6.4434e-01
339(1) 90984818419.40 -> 8.4117e-03 9.5019e-01
340(1) 134974725283.71 -> 3.2992e-03 6.5300e-01
341(1) 86605800629.93 -> 4.0926e-03 6.4615e-01
342(1) 78859850965.01 -> 1.6171e-03 5.8787e-01
343(1) 100993558246.25 -> 5.1835e-03 6.9957e-01
344(1) 102460566831.12 -> 2.9145e-03 6.2367e-01
345(1) 78469931475.34 -> 1.3706e-02 9.9977e-01
346(1) 53172879187.65 -> 8.8314e-03 6.9065e-01
347(1) 165754737617.49 -> 4.9229e-03 6.0811e-01
348(1) 108788262865.46 -> 4.5721e-03 6.5128e-01
349(1) 122954822349.45 -> 4.9726e-03 6.4611e-01
350(1) 230472476596.02 -> 6.7777e-03 6.2674e-01
351(1) 61791156366.41 -> 1.6544e-02 9.9998e-01
352(1) 271090979590.78 -> 3.8161e-03 5.5660e-01
353(1) 76629799798.42 -> 4.5692e-03 6.1747e-01
354(1) 82085241191.85 -> 5.7303e-03 7.1547e-01
355(1) 45987861547.37 -> 1.9878e-03 5.0079e-01
356(1) 125329243758.37 -> 6.0278e-03 6.7576e-01
357(1) 141318118741.08 -> 6.6303e-03 6.0515e-01
358(1) 105995212886.80 -> 1.2838e-02 9.9969e-01
359(1) 159441819238.18 -> 1.4299e-02 9.9893e-01
360(1) 200281433933.83 -> 2.4336e-02 9.7680e-01
361(1) 99499260632.63 -> 1.0129e-02 9.9770e-01
362(1) 183405814747.18 -> 1.1215e-02 8.4913e-01
363(1) 27461522552.66 -> 4.6113e-03 6.0528e-01
364(1) 43066682094.15 -> 6.8889e-03 8.3292e-01
365(1) 149225011216.97 -> 1.2095e-02 9.8994e-01
366(1) 45298433454.64 -> 4.3557e-03 6.6925e-01
367(1) 48865263073.14 -> 7.3002e-03 7.5865e-01
368(1) 91872560991.12 -> 3.7402e-03 5.7316e-01
369(1) 153210695827.35 -> 7.9899e-03 7.7726e-01
370(1) 112862768080.19 -> 3.5580e-03 5.4500e-01
371(1) 75054461793.82 -> 9.3457e-03 9.5460e-01
372(1) 181477389291.20 -> 7.8305e-03 7.9645e-01
373(1) 193957569323.90 -> 6.9833e-03 7.6262e-01
374(1) 124670777111.38 -> 1.1269e-02 9.9462e-01
375(1) 106783210716.03 -> 7.3364e-04 4.6694e-01
376(1) 155297933718.46 -> 2.8301e-03 6.6841e-01
377(1) 91191035193.39 -> 1.3845e-02 1.0000e+00
378(1) 88725206679.20 -> 1.2370e-02 9.9892e-01
379(1) 220955079765.41 -> 1.2730e-02 8.1597e-01
380(1) 194052334756.14 -> 4.3211e-03 6.2689e-01
381(1) 124295508066.29 -> 4.5474e-03 6.9098e-01
382(1) 132958769965.61 -> 3.2583e-03 4.4994e-01
383(1) 245326768160.53 -> 4.8950e-03 6.5748e-01
384(1) 134886363966.38 -> 4.2327e-03 5.7589e-01
385(1) 112519906147.37 -> 5.0478e-03 6.5934e-01
386(1) 50597947945.82 -> 9.0843e-03 8.2419e-01
387(1) 245000838882.32 -> 5.5815e-03 5.8578e-01
388(1) 84632928403.25 -> 8.2613e-03 8.7094e-01
389(1) 50351251687.48 -> 3.8164e-03 5.8846e-01
390(1) 98666853402.18 -> 6.0729e-03 6.2082e-01
391(1) 56839971927.02 -> 5.5993e-03 6.6396e-01
392(1) 111795612604.25 -> 7.3409e-03 6.7560e-01
393(1) 110447072986.45 -> 8.7819e-03 7.9814e-01
394(1) 57494849806.88 -> 3.3057e-03 5.9496e-01
395(1) 78358928072.81 -> 4.8033e-03 6.1092e-01
396(1) 130645614235.33 -> 3.6722e-03 6.1079e-01
397(1) 154207066817.94 -> 9.2428e-03 9.9850e-01
398(1) 97946529864.64 -> 3.3577e-03 5.6353e-01
399(1) 114440245290.21 -> 1.2827e-02 9.9804e-01
400(1) 96463036609.71 -> 7.5052e-03 8.6631e-01
401(1) 28338486318.88 -> 1.1007e-02 9.9997e-01
402(1) 109494377923.16 -> 1.1899e-02 9.3711e-01
403(1) 34390599601.49 -> 6.8695e-03 7.8119e-01
404(1) 49999639372.38 -> 7.3313e-03 7.4163e-01
405(1) 118643940276.35 -> 8.8594e-03 8.4121e-01
406(1) 148638056403.76 -> 1.8019e-02 9.9771e-01
407(1) 108689851037.60 -> 5.1791e-03 6.3453e-01
408(1) 129852347297.78 -> 7.2811e-03 6.9031e-01
409(1) 106616227705.24 -> 1.5043e-02 9.9952e-01
410(1) 114017854259.14 -> 5.1626e-03 6.0564e-01
411(1) 44306996040.73 -> 1.8752e-03 5.6987e-01
412(1) 64261518066.54 -> 8.2752e-03 7.4953e-01
413(1) 109481361628.40 -> 1.2661e-02 9.9907e-01
414(1) 153828457571.68 -> 5.2425e-03 5.5650e-01
415(1) 102862728679.11 -> 1.6132e-02 9.9880e-01
416(1) 118161064119.94 -> 4.4356e-03 5.5045e-01
417(1) 93123156956.50 -> 5.6887e-03 6.8464e-01
418(1) 200459984306.75 -> 2.6745e-03 4.8758e-01
419(1) 38766560662.10 -> 1.3214e-02 9.9720e-01
420(1) 31279592005.30 -> 8.8713e-03 8.4633e-01
421(1) 87910849155.66 -> 7.5553e-03 7.7316e-01
422(1) 124717600201.60 -> 1.0540e-02 7.8882e-01
423(1) 102316497597.55 -> 7.8846e-03 7.6230e-01
424(1) 132544649162.77 -> 5.7953e-03 7.5877e-01
425(1) 202959514506.19 -> 3.0263e-03 5.6754e-01
426(1) 62112137891.22 -> 9.2532e-03 9.1564e-01
427(1) 131552384254.19 -> 7.3780e-03 6.9918e-01
428(1) 55971533021.03 -> 1.0523e-02 9.9875e-01
429(1) 41231193075.94 -> 5.0700e-03 7.1454e-01
430(1) 80315656454.80 -> 6.3379e-03 7.3551e-01
431(1) 198845577031.03 -> 1.1140e-02 9.9977e-01
432(1) 144192099266.89 -> 8.4682e-03 8.2781e-01
433(1) 193556701061.71 -> 4.5218e-03 5.1000e-01
434(1) 107825929376.51 -> 7.0616e-03 7.4065e-01
435(1) 114730056874.39 -> 9.6037e-03 7.3301e-01
436(1) 356879435785.55 -> 1.7408e-03 4.6267e-01
437(1) 235308853209.53 -> 5.8633e-03 7.6560e-01
438(1) 134579639009.74 -> 3.1075e-03 5.8897e-01
439(1) 156071882509.73 -> 9.2207e-03 8.2094e-01
440(1) 116531682082.90 -> 1.2098e-02 8.1943e-01
441(1) 70354216931.12 -> 7.5468e-03 7.9173e-01
442(1) 83985336213.03 -> 9.7872e-03 9.9956e-01
443(1) 117416252538.88 -> 1.5036e-02 1.0000e+00
444(1) 141384283558.48 -> 1.3484e-02 9.2917e-01
445(1) 150428159442.12 -> 4.8281e-03 6.6795e-01
446(1) 145351026595.77 -> 5.4117e-03 7.5053e-01
447(1) 99092798820.94 -> 2.4864e-03 5.8951e-01
448(1) 224440439581.31 -> 1.0571e-02 9.9705e-01
449(1) 144820227682.64 -> 6.2606e-03 7.6754e-01
450(1) 129076196681.63 -> 1.1847e-02 9.5032e-01
451(1) 133712698599.47 -> 9.5778e-03 9.9966e-01
452(1) 91248528830.96 -> 1.1333e-02 9.9987e-01
453(1) 164483459041.04 -> 1.5708e-03 4.8016e-01
454(1) 121280763173.73 -> 5.3841e-03 6.2478e-01
455(1) 81165268844.00 -> 6.6300e-03 7.2659e-01
456(1) 109503717766.47 -> 3.2064e-03 5.7358e-01
457(1) 84515527247.49 -> 8.9089e-03 9.9843e-01
458(1) 143671974912.69 -> 1.2437e-02 9.3822e-01
459(1) 62373430472.32 -> 1.0283e-02 9.9987e-01
460(1) 311169816089.16 -> 3.3560e-03 5.6409e-01
461(1) 164643450426.24 -> 5.7650e-03 7.0189e-01
462(1) 224453131596.20 -> 6.7533e-03 7.2540e-01
463(1) 126739412396.40 -> 8.2937e-03 8.7543e-01
464(1) 203990284262.96 -> 1.0358e-02 9.9710e-01
465(1) 101497013943.32 -> 1.1543e-02 9.9838e-01
466(1) 65579332203.93 -> 4.1983e-03 7.1234e-01
467(1) 87064866952.36 -> 1.5367e-02 9.9469e-01
468(1) 66239695613.22 -> 1.5759e-02 9.9957e-01
469(1) 70087434093.96 -> 8.1512e-03 7.4132e-01
470(1) 256019784643.29 -> 3.5019e-03 6.6398e-01
471(1) 51870656816.66 -> 1.0528e-02 8.9957e-01
472(1) 174446802150.71 -> 1.0877e-02 7.2277e-01
473(1) 155068520314.06 -> 9.9692e-03 9.2970e-01
474(1) 38865291707.34 -> 9.2734e-03 8.5974e-01
475(1) 67588640200.36 -> 9.0911e-03 9.9976e-01
476(1) 115882713185.84 -> 1.1328e-02 9.9503e-01
477(1) 125903561774.39 -> 5.2951e-03 7.0399e-01
478(1) 106022608392.65 -> 4.1483e-03 5.9988e-01
479(1) 172571668685.94 -> 5.1376e-03 6.2089e-01
480(1) 91923046890.16 -> 1.0610e-02 7.7096e-01
481(1) 108719546104.40 -> 1.3632e-02 9.6260e-01
482(1) 129957490046.41 -> 5.5397e-03 7.3241e-01
483(1) 133070282640.49 -> 1.1225e-02 9.4831e-01
484(1) 124569538866.05 -> 3.5147e-03 6.9689e-01
485(1) 156121625844.01 -> 1.6022e-02 9.9958e-01
486(1) 81142686178.51 -> 7.5053e-03 8.4970e-01
487(1) 161757120351.73 -> 4.8080e-03 6.9203e-01
488(1) 93727074520.53 -> 1.3244e-02 9.9839e-01
489(1) 108614839027.01 -> 7.5668e-03 6.8742e-01
490(1) 57803163475.75 -> 5.8922e-03 7.1977e-01
491(1) 94145339769.47 -> 8.6329e-03 7.7676e-01
492(1) 180002934886.65 -> 7.0805e-03 7.6758e-01
493(1) 92338938452.07 -> 6.1072e-03 6.8113e-01
494(1) 110403753599.43 -> 4.4921e-03 6.1108e-01
495(1) 117817025208.52 -> 1.3894e-02 9.9470e-01
496(1) 120572997086.78 -> 2.3342e-03 5.5386e-01
497(1) 106387090560.97 -> 2.7406e-03 6.8171e-01
498(1) 272130652980.48 -> 1.0601e-02 9.9807e-01
499(1) 115561722318.11 -> 6.6985e-03 7.6557e-01
500(1) 176516079285.95 -> 1.4720e-02 9.9939e-01
501(1) 149404797552.59 -> 8.2633e-03 8.1806e-01
502(1) 131173478285.52 -> 9.6243e-03 7.9194e-01
503(1) 203629094922.12 -> 2.1692e-03 6.1236e-01
504(1) 85699153620.26 -> 1.1246e-02 9.4047e-01
505(1) 227067945680.62 -> 5.0209e-03 5.8283e-01
506(1) 121843910136.53 -> 5.9816e-03 7.3540e-01
507(1) 160530281396.83 -> 5.5994e-03 6.1432e-01
508(1) 166726641721.52 -> 6.7773e-03 8.7187e-01
509(1) 96296806577.70 -> 7.3580e-03 7.6412e-01
510(1) 78186242239.62 -> 1.4584e-03 4.6538e-01
511(1) 177292790750.56 -> 1.1605e-02 9.5298e-01
512(1) 146943823480.40 -> 6.5788e-03 7.7534e-01
513(1) 42073013757.72 -> 9.4896e-03 9.5159e-01
514(1) 160125995775.61 -> 7.1148e-03 7.1634e-01
515(1) 105176346157.97 -> 1.8372e-02 9.9986e-01
516(1) 106863606845.31 -> 1.0515e-03 4.8720e-01
517(1) 95960275884.78 -> 1.2759e-02 8.2433e-01
518(1) 52603004340.47 -> 3.6209e-03 6.5328e-01
519(1) 48023885668.56 -> 4.5806e-03 6.8317e-01
520(1) 142344420698.57 -> 1.0768e-02 9.8657e-01
521(1) 85958849666.79 -> 4.3755e-03 6.2045e-01
522(1) 194980684968.15 -> 1.7045e-02 9.9927e-01
523(1) 101667895255.95 -> 9.3630e-03 9.4392e-01
524(1) 266997909375.75 -> 8.6802e-03 9.9997e-01
525(1) 221923156933.98 -> 1.5242e-02 9.9885e-01
526(1) 139199690341.68 -> 5.9121e-03 7.1139e-01
527(1) 196896821904.20 -> 1.0263e-02 9.9739e-01
528(1) 96675394408.56 -> 1.5507e-02 9.9705e-01
529(1) 64160779613.63 -> 9.8532e-03 9.9948e-01
530(1) 92907405006.08 -> 4.5396e-03 6.6196e-01
531(1) 117631252470.41 -> 1.2122e-02 9.9989e-01
532(1) 63186784432.93 -> 6.5176e-03 7.5172e-01
533(1) 107892426835.02 -> 1.7011e-03 5.4563e-01
534(1) 204084158903.21 -> 8.4690e-03 8.3873e-01
535(1) 36574211902.52 -> 1.2232e-02 9.9990e-01
536(1) 19041215685.12 -> 9.3650e-03 7.7377e-01
537(1) 71065327682.84 -> 6.5073e-03 7.9789e-01
538(1) 198796262471.46 -> 1.3234e-02 9.9923e-01
539(1) 36503627366.67 -> 7.6627e-03 8.4081e-01
540(1) 82352938195.81 -> 1.2291e-02 1.0000e+00
541(1) 53703306994.26 -> 1.2720e-02 9.8554e-01
542(1) 182503964003.41 -> 4.2531e-03 5.7564e-01
543(1) 209590110505.92 -> 1.0249e-02 8.8715e-01
544(1) 128087298208.57 -> 1.4416e-02 9.9824e-01
545(1) 132896567357.63 -> 1.2371e-02 9.9907e-01
546(1) 92430450333.42 -> 1.3612e-02 9.9936e-01
547(1) 120525457974.70 -> 7.3973e-03 7.7997e-01
548(1) 107400910403.70 -> 7.7239e-03 7.3920e-01
549(1) 105097139737.65 -> 7.4989e-03 9.9119e-01
550(1) 104347652021.77 -> 3.4433e-03 5.9198e-01
551(1) 145209008920.47 -> 1.0117e-02 9.9932e-01
552(1) 80256298544.33 -> 8.0097e-03 8.1049e-01
553(1) 159995478543.36 -> 6.1994e-03 7.0522e-01
554(1) 92339499882.74 -> 9.4534e-03 9.4602e-01
555(1) 126236612142.68 -> 5.1188e-03 7.0890e-01
556(1) 179766345554.03 -> 4.4666e-03 7.1557e-01
557(1) 90292734148.85 -> 4.1757e-03 6.0147e-01
558(1) 80704949850.35 -> 7.4008e-03 8.5106e-01
559(1) 137161151187.52 -> 7.8150e-03 8.7999e-01
560(1) 111621998424.73 -> 8.7128e-03 8.6555e-01
561(1) 129693310869.41 -> 1.6002e-02 9.9896e-01
562(1) 171460076912.87 -> 3.0184e-03 5.6324e-01
563(1) 25073210419.98 -> 9.2866e-03 9.3264e-01
564(1) 121205242960.55 -> 1.2167e-03 5.5834e-01
565(1) 160572593592.64 -> 6.4851e-03 7.3034e-01
566(1) 70373620249.04 -> 7.6814e-03 9.4209e-01
567(1) 77939153865.24 -> 1.5769e-02 9.9022e-01
568(1) 117522765426.26 -> 7.1755e-03 7.6911e-01
569(1) 136638452291.23 -> 6.6880e-03 7.2896e-01
570(1) 211024951856.78 -> 7.2305e-03 8.1546e-01
571(1) 193900015665.90 -> 1.5356e-02 9.9650e-01
572(1) 81088731478.65 -> 2.3186e-03 6.0047e-01
573(1) 65849902381.65 -> 3.7618e-03 5.1734e-01
574(1) 99760548456.30 -> 7.8784e-03 8.0056e-01
575(1) 109609816410.43 -> 5.4996e-03 6.8606e-01
576(1) 69054918693.08 -> 5.0107e-03 6.6864e-01
577(1) 219878250561.66 -> 1.6402e-02 9.6289e-01
578(1) 186130070907.98 -> 2.6504e-03 4.6643e-01
579(1) 114085876298.63 -> 4.1115e-03 5.5547e-01
580(1) 151431552282.88 -> 3.8406e-03 6.3626e-01
581(1) 76243202916.96 -> 5.9623e-03 7.5528e-01
582(1) 52157151289.01 -> 9.3576e-03 9.9998e-01
583(1) 54751328963.28 -> 5.7946e-03 7.2393e-01
584(1) 103222673342.94 -> 1.5518e-02 9.9717e-01
585(1) 50488679045.84 -> 7.4562e-03 7.8264e-01
586(1) 80002301767.85 -> 4.4012e-03 7.1240e-01
587(1) 86002814734.68 -> 6.7484e-03 7.3744e-01
588(1) 111855207253.57 -> 4.5059e-03 6.5334e-01
589(1) 62387816942.22 -> 3.1288e-03 6.5805e-01
590(1) 52374198436.31 -> 1.3985e-02 9.9866e-01
591(1) 68375538135.39 -> 6.1905e-03 7.9775e-01
592(1) 80052625841.73 -> 8.4771e-03 7.5469e-01
593(1) 99920640992.14 -> 1.4925e-02 1.0000e+00
594(1) 236710356082.10 -> 2.4734e-02 9.9687e-01
595(1) 165176320900.98 -> 5.7751e-03 7.1472e-01
596(1) 144635001577.93 -> 1.4226e-02 9.9722e-01
597(1) 67053865673.51 -> 1.2519e-02 9.8737e-01
598(1) 161632900584.48 -> 6.5795e-03 7.6979e-01
599(1) 21567140259.02 -> 4.8203e-03 6.6972e-01
600(1) 106238236718.34 -> 4.9022e-03 6.3952e-01
601(1) 35566974009.00 -> 1.1165e-02 9.9978e-01
602(1) 169887968065.05 -> 1.2434e-02 9.9654e-01
603(1) 219235756329.64 -> 9.2906e-03 7.4150e-01
604(1) 67220425814.65 -> 6.2581e-03 7.5465e-01
605(1) 143339090213.87 -> 1.8818e-02 9.9837e-01
606(1) 105693714891.53 -> 1.4753e-02 9.9580e-01
607(1) 71810340026.64 -> 1.2840e-02 9.9988e-01
608(1) 106143231417.51 -> 2.0745e-03 4.8544e-01
609(1) 85020223669.55 -> 1.6451e-02 9.9946e-01
610(1) 58688123280.94 -> 3.0624e-03 5.9967e-01
611(1) 98804046626.72 -> 4.8990e-03 7.0839e-01
612(1) 39683757579.64 -> 8.8845e-03 8.6003e-01
613(1) 175389794472.54 -> 1.2406e-02 8.1827e-01
614(1) 156160242472.96 -> 2.3954e-03 5.2298e-01
615(1) 53513308016.10 -> 9.7370e-03 8.9626e-01
616(1) 58649379040.46 -> 7.9799e-03 8.5912e-01
617(1) 102035977106.24 -> 1.6155e-02 9.9987e-01
618(1) 146300579403.83 -> 1.0424e-02 8.4787e-01
619(1) 140882131883.29 -> 1.1348e-02 9.7105e-01
620(1) 104303599901.94 -> 3.4624e-03 6.6297e-01
621(1) 146929451237.49 -> 7.1656e-03 7.5531e-01
622(1) 202082821274.70 -> 8.5871e-03 8.2666e-01
623(1) 142293746666.78 -> 3.7967e-03 5.7846e-01
624(1) 92951574415.70 -> 3.2693e-03 6.1335e-01
625(1) 131879519411.43 -> 6.3632e-03 7.1897e-01
626(1) 273515374478.97 -> 5.9759e-03 6.3281e-01
627(1) 77356872326.50 -> 1.8000e-03 4.7954e-01
628(1) 52356373781.66 -> 1.5602e-02 9.9899e-01
629(1) 50336225030.85 -> 1.0624e-02 9.9914e-01
630(1) 110244347029.81 -> 2.7982e-03 5.7299e-01
631(1) 164740187675.61 -> 8.1584e-03 6.9367e-01
632(1) 134904713419.73 -> 4.5206e-03 6.5089e-01
633(1) 200208738576.12 -> 7.1236e-03 7.9917e-01
634(1) 93942926080.25 -> 2.0294e-03 5.1694e-01
635(1) 120430505447.34 -> 1.0092e-02 7.3019e-01
636(1) 59625688974.92 -> 1.3792e-02 9.9869e-01
637(1) 120740363291.49 -> 1.2153e-02 1.0000e+00
638(1) 171690725391.58 -> 1.1460e-02 9.9566e-01
639(1) 108062282929.83 -> 1.3828e-02 9.5220e-01
640(1) 156875839424.38 -> 1.2480e-02 9.1759e-01
641(1) 201588887082.42 -> 8.4095e-03 6.4823e-01
642(1) 41557906567.35 -> 1.1945e-02 9.9995e-01
643(1) 88094865409.57 -> 4.4988e-03 6.1440e-01
644(1) 165171330546.33 -> 5.0757e-03 6.6353e-01
645(1) 64922332894.66 -> 9.6246e-03 9.9919e-01
646(1) 88360010337.37 -> 5.3770e-03 7.4724e-01
647(1) 102086654810.48 -> 1.1286e-02 9.7442e-01
648(1) 124395668528.97 -> 2.0599e-02 1.0000e+00
649(1) 108887470131.18 -> 1.8334e-02 9.7713e-01
650(1) 93109249966.53 -> 3.2766e-03 6.7961e-01
651(1) 153314644329.38 -> 4.5433e-03 6.2056e-01
652(1) 121479987375.68 -> 5.6686e-03 5.6770e-01
653(1) 192037902311.41 -> 1.2801e-02 9.2918e-01
654(1) 73994594398.19 -> 5.4056e-03 7.4147e-01
655(1) 83556441384.54 -> 8.6359e-03 8.4155e-01
656(1) 106560932462.33 -> 7.0995e-03 6.7885e-01
657(1) 146606159742.74 -> 1.7184e-02 9.6926e-01
658(1) 60291538491.63 -> 2.4546e-03 5.7790e-01
659(1) 102358173934.22 -> 7.7592e-03 8.1962e-01
660(1) 76842768120.00 -> 9.7672e-03 9.4908e-01
661(1) 104402668779.29 -> 4.4071e-03 6.4200e-01
662(1) 81785102629.84 -> 8.2607e-03 8.1441e-01
663(1) 134917071520.36 -> 7.7421e-03 7.9901e-01
664(1) 39909923203.63 -> 3.0930e-03 5.3222e-01
665(1) 157259239065.04 -> 1.3268e-02 7.8501e-01
666(1) 22782819990.89 -> 7.0586e-03 7.5741e-01
667(1) 282410162643.20 -> 5.7480e-03 4.9482e-01
668(1) 52762102003.43 -> 7.0272e-03 7.0998e-01
669(1) 72927002667.51 -> 4.6148e-03 6.9572e-01
670(1) 48694142145.10 -> 7.3365e-03 7.9162e-01
671(1) 91594756692.72 -> 3.9825e-03 6.3181e-01
672(1) 107820412928.46 -> 8.6259e-03 8.8561e-01
673(1) 42892517452.10 -> 7.2480e-03 7.5647e-01
674(1) 48738932334.76 -> 1.0723e-02 9.9934e-01
675(1) 62834922701.35 -> 1.7131e-02 9.9948e-01
676(1) 113480498390.37 -> 9.2614e-03 7.9156e-01
677(1) 57584846746.26 -> 4.1574e-03 6.0758e-01
678(1) 81720052253.22 -> 7.2100e-03 8.1648e-01
679(1) 163453080930.73 -> 9.4893e-03 9.7899e-01
680(1) 69126835696.80 -> 5.0468e-03 7.0126e-01
681(1) 150443999510.62 -> 4.5407e-03 6.9733e-01
682(1) 97451568993.70 -> 2.9924e-03 6.0793e-01
683(1) 146505728255.98 -> 2.0182e-02 9.0598e-01
684(1) 169670697728.95 -> 4.0848e-03 6.2815e-01
685(1) 87546242491.45 -> 1.5201e-03 4.6071e-01
686(1) 136685504654.10 -> 1.5372e-02 1.0000e+00
687(1) 157430092602.90 -> 1.7667e-03 4.7951e-01
688(1) 64272803324.93 -> 1.6863e-03 4.5677e-01
689(1) 105789534113.18 -> 3.9379e-03 5.9904e-01
690(1) 132435013738.53 -> 9.6935e-03 9.9935e-01
691(1) 71072629003.12 -> 3.1003e-03 5.5256e-01
692(1) 114137353663.75 -> 1.1340e-02 8.3783e-01
693(1) 107945132022.75 -> 9.4421e-03 8.8960e-01
694(1) 104275913364.29 -> 1.0287e-02 9.2237e-01
695(1) 78641866974.10 -> 1.2987e-02 9.9944e-01
696(1) 184502662456.03 -> 1.1885e-02 9.7302e-01
697(1) 70119106118.28 -> 7.5428e-03 7.4472e-01
698(1) 69219060778.69 -> 9.3286e-03 9.9974e-01
699(1) 77135011500.98 -> 3.8751e-03 6.7819e-01
700(1) 119577881791.58 -> 1.2615e-02 9.9974e-01
701(1) 174869672021.62 -> 1.7334e-02 9.9925e-01
702(1) 61117300916.56 -> 4.5799e-03 5.9309e-01
703(1) 157628443652.31 -> 1.1442e-02 9.9752e-01
704(1) 78426999954.63 -> 7.7842e-03 8.4599e-01
705(1) 86867583976.67 -> 2.8591e-03 5.1995e-01
706(1) 51390282404.43 -> 6.7680e-03 7.5247e-01
707(1) 90166419542.40 -> 1.3353e-02 9.9970e-01
708(1) 83735073708.08 -> 6.1959e-03 6.9032e-01
709(1) 139429043281.94 -> 6.6404e-03 8.0461e-01
710(1) 59949344529.69 -> 6.5625e-03 7.9951e-01
711(1) 162616260370.25 -> 3.9337e-03 6.6870e-01
712(1) 56472522829.45 -> 5.0805e-03 7.1207e-01
713(1) 170116465718.17 -> 2.8841e-03 4.9649e-01
714(1) 114901127059.13 -> 1.1190e-02 9.1773e-01
715(1) 50038609403.56 -> 6.5547e-03 7.6023e-01
716(1) 165018569001.03 -> 3.8418e-03 7.0893e-01
717(1) 128549499153.88 -> 2.4452e-04 4.5074e-01
718(1) 118312323813.86 -> 5.4703e-03 8.5004e-01
719(1) 81267274487.01 -> 2.8518e-03 5.9960e-01
720(1) 239817382382.08 -> 1.4917e-03 4.3157e-01
721(1) 139952591013.36 -> 3.3515e-03 6.6637e-01
722(1) 125547820482.69 -> 1.1207e-02 1.0000e+00
723(1) 95998260833.54 -> 2.5373e-03 4.6382e-01
724(1) 93769422377.17 -> 8.2657e-03 8.7174e-01
725(1) 145277822791.53 -> 1.1179e-02 9.6293e-01
726(1) 173032133371.31 -> 3.8650e-03 6.4025e-01
727(1) 135046209835.61 -> 7.2147e-03 7.8026e-01
728(1) 167059001174.69 -> 7.3098e-03 8.4090e-01
729(1) 102689361751.73 -> 1.2249e-02 9.7631e-01
730(1) 160240114402.36 -> 1.4862e-02 9.8064e-01
731(1) 73677081967.01 -> 5.1230e-03 6.8664e-01
732(1) 110395051100.05 -> 1.4517e-02 9.9883e-01
733(1) 88324646645.91 -> 5.4401e-03 6.9442e-01
734(1) 128529150596.40 -> 7.1043e-03 8.6387e-01
735(1) 75237426223.09 -> 3.9524e-03 6.1350e-01
736(1) 97215322792.63 -> 9.3352e-03 9.6068e-01
737(1) 116215571061.97 -> 1.2235e-02 9.9886e-01
738(1) 66508826746.19 -> 1.3614e-02 8.4336e-01
739(1) 73385382715.30 -> 9.5186e-03 9.9987e-01
740(1) 152151812720.52 -> 5.4061e-03 7.1760e-01
741(1) 78998299973.81 -> 9.8987e-03 8.3629e-01
742(1) 188447876147.62 -> 1.4182e-02 7.7331e-01
743(1) 151762353378.65 -> 1.0229e-02 9.9008e-01
744(1) 86282282174.80 -> 1.1461e-02 9.5367e-01
745(1) 43014425629.96 -> 4.5866e-03 7.5680e-01
746(1) 43391196029.22 -> 3.8825e-03 5.9602e-01
747(1) 86169795770.38 -> 6.1794e-03 7.0768e-01
748(1) 75363457614.84 -> 1.3556e-02 1.0000e+00
749(1) 97618471754.09 -> 8.6131e-03 8.2848e-01
750(1) 49988737057.37 -> 6.1484e-03 7.2257e-01
751(1) 83603030325.24 -> 2.6076e-03 6.4423e-01
752(1) 67053183269.28 -> 7.9557e-03 8.7593e-01
753(1) 154138066342.60 -> 1.3520e-02 9.9296e-01
754(1) 102290913030.66 -> 9.9164e-03 9.9984e-01
755(1) 60750886847.10 -> 9.9892e-03 9.9981e-01
756(1) 60133139406.50 -> 6.5517e-03 7.1683e-01
757(1) 57897589425.85 -> 9.0034e-03 8.2247e-01
758(1) 172510862154.37 -> 4.5436e-03 5.7600e-01
759(1) 135142238234.21 -> 1.1059e-02 9.9971e-01
760(1) 104391214690.05 -> 8.5769e-03 8.7676e-01
761(1) 112219658079.92 -> 1.4410e-02 9.9881e-01
762(1) 95562408093.19 -> 1.5828e-02 9.9893e-01
763(1) 180634542860.20 -> 8.0017e-03 7.2567e-01
764(1) 164498456242.87 -> 1.5362e-03 4.4901e-01
765(1) 58556452875.06 -> 9.5861e-03 8.3732e-01
766(1) 111581987247.88 -> 1.4663e-02 7.5159e-01
767(1) 118489773583.82 -> 4.8147e-03 5.9502e-01
768(1) 149034029382.67 -> 1.2134e-02 9.1040e-01
769(1) 83930252285.62 -> 1.1911e-02 9.9804e-01
770(1) 59617667312.12 -> 1.0358e-02 9.9424e-01
771(1) 154972207758.50 -> 9.6602e-03 8.7138e-01
772(1) 133674256238.68 -> 1.7062e-03 4.5188e-01
773(1) 52236640373.30 -> 6.4001e-03 7.1879e-01
774(1) 59191434157.53 -> 5.0842e-03 6.3590e-01
775(1) 103819701804.12 -> 4.5630e-03 6.8378e-01
776(1) 74538372743.81 -> 5.2038e-03 6.3479e-01
777(1) 40073744043.85 -> 3.6148e-03 7.2308e-01
778(1) 53753302081.79 -> 1.1245e-02 9.9949e-01
779(1) 76286488765.10 -> 1.0283e-02 8.7445e-01
780(1) 119090377523.45 -> 3.7423e-03 5.8722e-01
781(1) 138300994083.03 -> 6.9042e-03 6.4647e-01
782(1) 138201904689.98 -> 9.9255e-03 9.9292e-01
783(1) 88453159364.18 -> 3.3636e-03 5.6807e-01
784(1) 134160572581.73 -> 7.6244e-03 7.6693e-01
785(1) 126712047829.23 -> 7.6341e-03 6.3938e-01
786(1) 81970286550.10 -> 1.0107e-02 9.0826e-01
787(1) 106933200562.04 -> 3.7077e-03 5.7112e-01
788(1) 103230441129.74 -> 5.0143e-03 6.1678e-01
789(1) 114066957357.54 -> 1.5393e-02 9.9950e-01
790(1) 119003151170.23 -> 6.1037e-03 7.0174e-01
791(1) 80172636036.75 -> 6.1964e-03 7.1596e-01
792(1) 24249260074.00 -> 6.4897e-03 7.8777e-01
793(1) 162848053662.20 -> 1.7180e-03 4.8460e-01
794(1) 74417475228.43 -> 6.4003e-03 9.1614e-01
795(1) 135350285109.63 -> 4.3463e-03 5.9330e-01
796(1) 124760714789.41 -> 1.0066e-02 9.6838e-01
797(1) 98264963899.94 -> 1.3602e-02 1.0000e+00
798(1) 100534484808.68 -> 4.2779e-03 6.2278e-01
799(1) 123029851744.35 -> 3.1572e-03 5.0808e-01
800(1) 64948199129.30 -> 9.6843e-03 9.9978e-01
801(1) 71615113328.04 -> 2.4069e-03 5.3529e-01
802(1) 56612855178.51 -> 3.6348e-03 6.2716e-01
803(1) 87258917453.57 -> 1.4161e-02 9.9998e-01
804(1) 122403065267.03 -> 2.1212e-03 4.8088e-01
805(1) 129423339415.59 -> 1.1963e-02 8.2767e-01
806(1) 195179818152.07 -> 4.4941e-03 5.9609e-01
807(1) 76867292091.53 -> 1.6312e-02 9.9480e-01
808(1) 202398383652.25 -> 6.9480e-03 6.4032e-01
809(1) 174028475644.75 -> 6.2751e-03 7.6100e-01
810(1) 58858417416.63 -> 8.5505e-03 8.2265e-01
811(1) 239199685355.43 -> 5.9052e-03 6.2586e-01
812(1) 99484273876.33 -> 7.2146e-03 8.7326e-01
813(1) 107422274388.08 -> 5.7389e-03 7.4872e-01
814(1) 114438834073.33 -> 2.8223e-03 6.1771e-01
815(1) 71260541089.29 -> 8.2602e-03 8.1533e-01
816(1) 113074360402.80 -> 1.0280e-02 9.9911e-01
817(1) 166660189642.02 -> 2.0629e-02 9.9969e-01
818(1) 125756619458.54 -> 3.3517e-03 5.5006e-01
819(1) 87450655626.66 -> 4.6288e-03 6.5484e-01
820(1) 67182412755.42 -> 6.7146e-03 7.9508e-01
821(1) 172549927562.69 -> 3.8580e-03 6.1506e-01
822(1) 170331898212.76 -> 9.0269e-03 8.7703e-01
823(1) 95232313808.27 -> 3.9476e-03 6.0165e-01
824(1) 94549330696.60 -> 6.4315e-03 7.6963e-01
825(1) 78210196494.59 -> 9.8447e-03 9.9964e-01
826(1) 136637052434.08 -> 3.1235e-03 5.4489e-01
827(1) 92773242919.21 -> 3.5515e-03 5.6580e-01
828(1) 145530341047.15 -> 5.1431e-03 6.5399e-01
829(1) 206560892999.36 -> 1.3694e-03 5.8584e-01
830(1) 181408195520.61 -> 6.7290e-03 6.2271e-01
831(1) 152293881005.10 -> 6.6254e-03 6.4763e-01
832(1) 127772298859.85 -> 1.6189e-03 4.7446e-01
833(1) 87627394860.80 -> 2.3358e-03 5.3451e-01
834(1) 148013618569.08 -> 6.9792e-03 6.3863e-01
835(1) 85379794014.84 -> 4.5643e-03 6.2753e-01
836(1) 157439108997.69 -> 5.8022e-03 6.6555e-01
837(1) 41664644044.24 -> 6.4979e-03 7.5996e-01
838(1) 152261076200.10 -> 6.9276e-03 7.6059e-01
839(1) 126096106896.35 -> 1.0931e-03 4.7654e-01
840(1) 154695644960.68 -> 3.0482e-03 5.5528e-01
841(1) 36876148890.54 -> 5.8301e-03 6.8042e-01
842(1) 67684271383.13 -> 9.2661e-03 7.8456e-01
843(1) 192086107296.04 -> 3.6224e-03 4.8291e-01
844(1) 117640086881.40 -> 1.0619e-02 9.9929e-01
845(1) 143902691204.45 -> 8.9404e-03 8.3523e-01
846(1) 90766780796.34 -> 1.0006e-02 9.9026e-01
847(1) 236099859434.32 -> 4.3287e-03 6.3518e-01
848(1) 146081471033.90 -> 6.9758e-03 8.0362e-01
849(1) 154049852316.75 -> 9.5923e-03 9.2950e-01
850(1) 115607778707.42 -> 5.7986e-03 7.3866e-01
851(1) 171695875142.88 -> 7.4808e-03 7.2525e-01
852(1) 83671772892.67 -> 1.4144e-02 1.0000e+00
853(1) 224515759537.87 -> 3.0205e-03 5.3300e-01
854(1) 190783782289.20 -> 4.6143e-03 5.9878e-01
855(1) 88330553867.44 -> 4.3024e-03 7.0108e-01
856(1) 188318786282.75 -> 5.2896e-03 5.5305e-01
857(1) 74620147821.64 -> 4.7156e-03 6.6165e-01
858(1) 74038107416.48 -> 6.0423e-03 6.4207e-01
859(1) 183118051842.92 -> 4.5485e-03 6.5909e-01
860(1) 218844707588.58 -> 2.9878e-03 6.3958e-01
861(1) 64219811638.85 -> 7.4568e-03 8.0496e-01
862(1) 169755114544.53 -> 7.5342e-03 6.0917e-01
863(1) 48829668764.11 -> 3.3905e-03 5.8349e-01
864(1) 128046063775.40 -> 3.5866e-03 6.6397e-01
865(1) 90892714337.74 -> 9.2668e-03 8.3425e-01
866(1) 99821737249.70 -> 3.3297e-03 5.7651e-01
867(1) 133805550605.03 -> 1.3001e-02 9.9917e-01
868(1) 124663116347.28 -> 1.2563e-02 9.9951e-01
869(1) 152272278051.01 -> 4.7251e-03 6.2574e-01
870(1) 72574214723.48 -> 1.4001e-02 9.9986e-01
871(1) 105614720023.61 -> 8.3705e-03 7.0764e-01
872(1) 132210642480.00 -> 1.1108e-02 8.2809e-01
873(1) 45592221822.92 -> 6.7186e-03 7.5437e-01
874(1) 57412859646.54 -> 2.0709e-03 4.8427e-01
875(1) 40275480312.53 -> 5.8352e-03 7.5433e-01
876(1) 173467230762.49 -> 1.3027e-02 9.6599e-01
877(1) 114903695472.65 -> 1.7160e-03 5.2264e-01
878(1) 73602803689.25 -> 1.3240e-02 9.9895e-01
879(1) 69171265375.56 -> 1.7187e-02 9.9951e-01
880(1) 131448293743.65 -> 1.2028e-02 9.0392e-01
881(1) 77106769043.87 -> 3.6558e-03 6.2380e-01
882(1) 112535221283.28 -> 1.0814e-02 9.5853e-01
883(1) 97871385476.09 -> 5.2607e-03 6.3807e-01
884(1) 61373785206.02 -> 1.1208e-02 8.3599e-01
885(1) 168776675521.84 -> 5.0467e-03 6.6050e-01
886(1) 110255973640.62 -> 4.9342e-03 6.9715e-01
887(1) 156071151126.38 -> 5.7714e-03 7.9487e-01
888(1) 39937865227.24 -> 5.1363e-03 6.7952e-01
889(1) 94199011367.99 -> 3.3896e-03 5.7547e-01
890(1) 77646446439.82 -> 1.3522e-02 9.9552e-01
891(1) 134676769510.91 -> 1.5304e-02 8.4869e-01
892(1) 74496547441.01 -> 5.0260e-03 6.4028e-01
893(1) 114706628362.08 -> 5.1293e-03 6.3455e-01
894(1) 60944282890.20 -> 4.3493e-03 6.2920e-01
895(1) 80485205896.66 -> 5.5748e-03 7.9098e-01
896(1) 46860643581.29 -> 1.9972e-03 5.2434e-01
897(1) 84995354280.17 -> 1.9558e-03 4.8252e-01
898(1) 106794223623.65 -> 1.0616e-02 9.7626e-01
899(1) 153346087243.44 -> 7.2139e-03 7.6899e-01
900(1) 104669778746.36 -> 6.2882e-03 7.3411e-01
901(1) 115424650465.14 -> 1.9107e-02 1.0000e+00
902(1) 55904347395.95 -> 5.7031e-03 7.5674e-01
903(1) 210365075865.73 -> 1.5672e-03 5.0695e-01
904(1) 108418702903.93 -> 6.3837e-03 7.2904e-01
905(1) 151348206435.37 -> 8.8299e-03 9.8797e-01
906(1) 69707752917.44 -> 3.9089e-03 6.3892e-01
907(1) 95152720444.57 -> 6.4877e-03 9.9991e-01
908(1) 34515858404.22 -> 2.2777e-03 4.7231e-01
909(1) 138824718024.77 -> 3.1063e-03 5.4072e-01
910(1) 159827079973.89 -> 1.3072e-02 9.4598e-01
911(1) 244471502353.01 -> 1.6255e-03 3.8096e-01
912(1) 100316642963.53 -> 4.2486e-03 5.6852e-01
913(1) 169086775797.77 -> 8.9418e-03 9.8926e-01
914(1) 95698696758.43 -> 5.9029e-03 7.0339e-01
915(1) 57844143444.75 -> 4.9309e-03 7.4865e-01
916(1) 112897838803.13 -> 4.0959e-03 6.5379e-01
917(1) 128736455981.18 -> 8.1181e-03 7.8714e-01
918(1) 127589078891.06 -> 1.1414e-02 9.3871e-01
919(1) 38134894375.32 -> 5.8255e-03 7.1181e-01
920(1) 118188649077.45 -> 2.8240e-03 5.5107e-01
921(1) 135240121508.37 -> 7.1920e-03 7.8704e-01
922(1) 104007016307.47 -> 9.6567e-03 9.9983e-01
923(1) 62771499437.37 -> 1.0890e-02 8.1665e-01
924(1) 133486668042.71 -> 6.5561e-03 7.7478e-01
925(1) 101986824775.27 -> 1.0559e-02 9.9921e-01
926(1) 115773721151.43 -> 6.3015e-03 9.2288e-01
927(1) 175712738247.84 -> 6.9531e-03 6.9231e-01
928(1) 121020894350.45 -> 5.2245e-03 5.8402e-01
929(1) 87762106901.37 -> 6.6572e-03 7.8852e-01
930(1) 109972946551.22 -> 9.4038e-03 8.9247e-01
931(1) 96296331928.89 -> 1.7450e-02 9.9409e-01
932(1) 125907099076.92 -> 6.5783e-03 6.6938e-01
933(1) 147577102652.02 -> 1.6483e-02 9.9622e-01
934(1) 84093212461.24 -> 6.8085e-03 8.0953e-01
935(1) 141687813071.29 -> 2.1694e-03 5.0615e-01
936(1) 155902436065.59 -> 1.4557e-02 1.0000e+00
937(1) 68740399138.04 -> 7.6673e-03 6.6395e-01
938(1) 51529207728.01 -> 5.7682e-03 7.1657e-01
939(1) 58370110006.06 -> 1.4371e-03 5.1906e-01
940(1) 117004830028.29 -> 5.3975e-03 7.7402e-01
941(1) 94663867585.42 -> 9.6420e-03 8.5309e-01
942(1) 112920660255.57 -> 1.3281e-02 9.9981e-01
943(1) 38932604046.42 -> 3.8607e-03 6.8468e-01
944(1) 69841555042.53 -> 1.5148e-02 1.0000e+00
945(1) 76311871248.33 -> 6.7349e-03 7.7471e-01
946(1) 166569704241.52 -> 6.4487e-03 6.3041e-01
947(1) 63644285669.94 -> 7.9566e-03 8.3566e-01
948(1) 52228119700.02 -> 6.1579e-03 8.4522e-01
949(1) 137229135053.01 -> 6.9208e-03 6.8869e-01
950(1) 104891535895.94 -> 7.6454e-03 7.4313e-01
951(1) 158808629688.20 -> 6.3226e-03 7.2829e-01
952(1) 109284158647.76 -> 5.5611e-03 6.3238e-01
953(1) 111999942665.58 -> 7.2171e-03 6.7399e-01
954(1) 152152485629.39 -> 1.4211e-02 1.0000e+00
955(1) 76512816219.63 -> 6.5734e-03 7.4265e-01
956(1) 90476525348.28 -> 5.4995e-03 6.1535e-01
957(1) 103322596045.59 -> 6.5653e-03 7.4787e-01
958(1) 147421900675.89 -> 1.2817e-02 9.9978e-01
959(1) 46947481014.20 -> 3.5031e-03 5.7568e-01
960(1) 109198538158.14 -> 3.2833e-03 5.9917e-01
961(1) 174255342871.38 -> 5.4723e-03 5.9267e-01
962(1) 176368048261.48 -> 5.9605e-03 7.3194e-01
963(1) 154722980896.41 -> 1.1255e-02 8.3074e-01
964(1) 252218501579.01 -> 3.2917e-03 6.2452e-01
965(1) 107867554568.95 -> 4.0087e-03 7.2651e-01
966(1) 43983198701.50 -> 9.7633e-03 9.9893e-01
967(1) 180666640589.94 -> 1.8078e-03 5.5229e-01
968(1) 161994093841.99 -> 1.5837e-02 9.9975e-01
969(1) 125072722162.89 -> 5.0167e-03 5.7212e-01
970(1) 138969504063.19 -> 1.9626e-02 9.9833e-01
971(1) 189935221053.12 -> 1.0157e-02 9.3395e-01
972(1) 147855300274.73 -> 1.0845e-02 9.7220e-01
973(1) 123559454341.17 -> 9.9790e-03 8.7417e-01
974(1) 43741864943.51 -> 5.5546e-03 6.8413e-01
975(1) 78240839142.35 -> 5.4056e-03 7.2435e-01
976(1) 50243106533.59 -> 6.3550e-03 7.2921e-01
977(1) 95701618822.03 -> 4.2568e-03 6.7179e-01
978(1) 88007076333.80 -> 1.9319e-03 5.3447e-01
979(1) 210495164335.33 -> 9.7708e-03 6.6187e-01
980(1) 185824379573.04 -> 1.0423e-02 9.9718e-01
981(1) 39478383166.38 -> 6.3342e-03 7.0071e-01
982(1) 105063523153.24 -> 5.2887e-03 6.4181e-01
983(1) 76197030771.34 -> 5.9873e-03 7.3629e-01
984(1) 83163149745.10 -> 1.0154e-02 9.9982e-01
985(1) 73421303738.43 -> 9.6522e-03 7.8691e-01
986(1) 87909332023.52 -> 2.6583e-03 5.3447e-01
987(1) 104679974502.98 -> 4.9964e-03 6.9113e-01
988(1) 107837738738.34 -> 5.6317e-03 7.0262e-01
989(1) 100609159401.76 -> 6.9482e-03 7.3790e-01
990(1) 127941971712.58 -> 4.0609e-03 6.3558e-01
991(1) 175340663658.30 -> 8.7729e-03 9.0348e-01
992(1) 88755377111.87 -> 4.6445e-03 7.2040e-01
993(1) 44753784258.86 -> 2.8432e-03 5.6711e-01
994(1) 61578782886.00 -> 4.2951e-03 5.9888e-01
995(1) 165042914490.82 -> 7.6132e-03 7.7339e-01
996(1) 188521267954.15 -> 1.5482e-02 9.9935e-01
997(1) 98198027603.08 -> 9.9077e-03 9.9823e-01
998(1) 30498800476.26 -> 6.0051e-03 7.5234e-01
999(1) 119111586496.70 -> 1.0289e-02 8.3193e-01
1000(1) 63539893681.73 -> 5.7535e-03 7.7762e-01
