1(1) 77233151836.869 -> 1.172e-02 8.756e-01
2(1) 73042564538.055 -> 1.206e-02 7.533e-01
3(1) 92495892825.705 -> 8.968e-03 7.496e-01
4(1) 114763503284.231 -> 7.214e-03 5.461e-01
5(1) 39988279765.642 -> 9.035e-03 6.859e-01
6(1) 50230418020.041 -> 1.013e-02 8.272e-01
7(1) 154943731732.930 -> 1.967e-02 1.000e+00
8(1) 47064094382.415 -> 1.002e-02 7.318e-01
9(1) 33279465660.060 -> 5.699e-03 6.870e-01
10(1) 115564692187.068 -> 2.492e-03 4.602e-01
11(1) 70096124904.695 -> 6.119e-03 5.600e-01
12(1) 44122045611.109 -> 9.706e-03 7.846e-01
13(1) 98818842012.331 -> 9.397e-03 7.330e-01
14(1) 66032066662.329 -> 5.182e-03 5.340e-01
15(1) 67265480306.206 -> 6.317e-03 5.318e-01
16(1) 63505772835.146 -> 1.429e-02 7.915e-01
17(1) 104079758738.506 -> 6.593e-03 6.082e-01
18(1) 24571020314.318 -> 7.564e-03 6.735e-01
19(1) 127798208756.974 -> 1.188e-02 9.878e-01
20(1) 109583844876.840 -> 5.486e-03 6.260e-01
21(1) 91924135698.106 -> 1.492e-02 9.975e-01
22(1) 139282600754.318 -> 5.770e-03 6.390e-01
23(1) 95469617689.756 -> 2.026e-03 4.021e-01
24(1) 91162018887.934 -> 6.986e-03 6.848e-01
25(1) 69871528252.389 -> 1.630e-02 9.999e-01
26(1) 42684389132.996 -> 8.770e-03 7.183e-01
27(1) 41595892105.811 -> 8.872e-03 7.562e-01
28(1) 52784686843.900 -> 1.676e-02 1.000e+00
29(1) 91649647684.943 -> 9.812e-03 7.382e-01
30(1) 104266779010.519 -> 1.018e-02 8.193e-01
31(1) 90410571531.063 -> 7.938e-03 7.020e-01
32(1) 46017856725.865 -> 1.120e-02 8.504e-01
33(1) 35707439947.441 -> 1.178e-02 8.547e-01
34(1) 47978441130.709 -> 3.977e-03 4.817e-01
35(1) 101394623094.859 -> 7.941e-03 6.554e-01
36(1) 90789958249.431 -> 5.196e-03 5.450e-01
37(1) 61103230545.258 -> 1.664e-02 9.235e-01
38(1) 73168913281.416 -> 7.453e-03 6.616e-01
39(1) 97768642831.812 -> 5.988e-03 5.007e-01
40(1) 107787645465.590 -> 1.070e-02 7.511e-01
41(1) 78710307337.824 -> 1.036e-02 8.140e-01
42(1) 102177707579.711 -> 1.109e-02 7.682e-01
43(1) 53302881166.962 -> 1.192e-02 7.915e-01
44(1) 53415789449.730 -> 1.556e-02 9.998e-01
45(1) 45269173697.597 -> 9.065e-03 7.137e-01
46(1) 39820766251.090 -> 4.186e-03 4.745e-01
47(1) 58382631728.777 -> 1.395e-02 9.992e-01
48(1) 20097451575.617 -> 6.039e-03 7.140e-01
49(1) 58403945876.184 -> 8.403e-03 6.665e-01
50(1) 70865528731.182 -> 9.091e-03 6.193e-01
51(1) 105992795069.165 -> 1.174e-02 7.723e-01
52(1) 62592253157.833 -> 1.282e-02 9.392e-01
53(1) 112493264179.294 -> 5.436e-03 6.118e-01
54(1) 103485532354.670 -> 9.942e-03 7.245e-01
55(1) 103256285570.289 -> 7.997e-03 6.756e-01
56(1) 110285744217.969 -> 1.336e-02 9.991e-01
57(1) 118490420489.979 -> 1.074e-02 7.639e-01
58(1) 34462775684.372 -> 2.180e-02 8.574e-01
59(1) 23894115055.214 -> 1.390e-02 9.998e-01
60(1) 74549079421.550 -> 7.923e-03 6.282e-01
61(1) 146396279598.261 -> 6.951e-03 6.660e-01
62(1) 103886545857.916 -> 1.199e-02 8.540e-01
63(1) 49828396940.727 -> 1.509e-02 1.000e+00
64(1) 25501601995.435 -> 4.912e-03 5.239e-01
65(1) 36366669143.394 -> 1.337e-02 8.700e-01
66(1) 81152924218.509 -> 1.217e-02 8.551e-01
67(1) 129908276824.643 -> 8.390e-03 7.928e-01
68(1) 67807019372.913 -> 6.896e-03 5.580e-01
69(1) 90754017070.359 -> 8.614e-03 7.266e-01
70(1) 130260541765.993 -> 6.603e-03 5.694e-01
71(1) 104427221441.533 -> 1.121e-02 7.847e-01
72(1) 110708926730.061 -> 8.790e-03 6.894e-01
73(1) 84687045793.344 -> 1.782e-02 9.998e-01
74(1) 108251861703.717 -> 6.086e-03 5.429e-01
75(1) 54398664776.421 -> 7.203e-03 7.231e-01
76(1) 126628527337.633 -> 6.101e-03 6.690e-01
77(1) 40143773014.266 -> 1.298e-02 9.862e-01
78(1) 67518261294.556 -> 2.154e-02 1.000e+00
79(1) 36062591124.020 -> 1.245e-02 9.030e-01
80(1) 110278773178.469 -> 6.746e-03 6.848e-01
81(1) 111911593522.862 -> 1.034e-02 8.483e-01
82(1) 149263629886.138 -> 7.673e-03 7.303e-01
83(1) 98757847986.892 -> 6.223e-03 6.165e-01
84(1) 121811699540.852 -> 1.267e-02 7.870e-01
85(1) 71644966458.521 -> 4.886e-03 5.245e-01
86(1) 150240986772.841 -> 3.717e-02 9.554e-01
87(1) 89928348916.149 -> 1.831e-02 9.998e-01
88(1) 132929472023.550 -> 5.184e-03 6.092e-01
89(1) 36767728982.650 -> 1.411e-02 9.986e-01
90(1) 117004427400.743 -> 1.670e-02 9.998e-01
91(1) 27115465118.985 -> 1.812e-02 8.764e-01
92(1) 127403851778.608 -> 1.045e-02 7.303e-01
93(1) 65080142647.797 -> 1.632e-02 9.987e-01
94(1) 108239581814.790 -> 1.437e-02 7.810e-01
95(1) 139557240403.089 -> 8.040e-03 6.871e-01
96(1) 91633699106.797 -> 1.077e-02 7.857e-01
97(1) 31412563066.113 -> 1.219e-02 8.741e-01
98(1) 96746405019.813 -> 1.227e-02 9.906e-01
99(1) 105550829385.686 -> 7.643e-03 5.135e-01
100(1) 67033355093.377 -> 1.583e-02 9.999e-01
101(1) 64277821034.485 -> 1.014e-02 8.518e-01
102(1) 36983823854.075 -> 2.096e-02 1.000e+00
103(1) 107839768087.602 -> 1.119e-02 8.459e-01
104(1) 128490723495.059 -> 1.648e-02 9.992e-01
105(1) 43134394703.212 -> 7.623e-03 6.521e-01
106(1) 80872869598.080 -> 7.431e-03 6.998e-01
107(1) 129042825317.143 -> 1.473e-02 9.971e-01
108(1) 106564200399.171 -> 3.461e-02 9.998e-01
109(1) 89870924217.710 -> 8.689e-03 5.902e-01
110(1) 32204380981.042 -> 1.743e-02 9.152e-01
111(1) 48025762024.840 -> 9.861e-03 7.560e-01
112(1) 85290162221.851 -> 4.456e-03 4.447e-01
113(1) 58521243042.473 -> 7.618e-03 6.334e-01
114(1) 128354154483.960 -> 1.798e-02 9.321e-01
115(1) 137658389798.335 -> 7.196e-03 6.054e-01
116(1) 107300919539.569 -> 2.841e-02 9.998e-01
117(1) 81833086807.799 -> 3.621e-03 4.764e-01
118(1) 100863281549.753 -> 1.338e-02 9.358e-01
119(1) 99665730267.664 -> 9.291e-03 7.332e-01
120(1) 54112652929.864 -> 6.107e-03 6.824e-01
121(1) 135365026702.259 -> 8.376e-03 6.760e-01
122(1) 47251824453.855 -> 7.839e-03 6.725e-01
123(1) 59708881291.752 -> 1.711e-02 9.997e-01
124(1) 44942700749.062 -> 1.035e-02 9.979e-01
125(1) 53630796277.734 -> 1.027e-02 8.080e-01
126(1) 62322294108.469 -> 1.456e-02 1.000e+00
127(1) 15680573611.339 -> 4.826e-03 4.948e-01
128(1) 89016233669.860 -> 8.573e-03 7.617e-01
129(1) 101681436334.712 -> 2.103e-02 9.342e-01
130(1) 104756814884.225 -> 4.618e-03 4.617e-01
131(1) 87564540645.945 -> 9.414e-03 7.796e-01
132(1) 104631985394.765 -> 1.653e-02 9.955e-01
133(1) 106936627283.132 -> 4.366e-03 4.711e-01
134(1) 58573436187.931 -> 6.712e-03 6.526e-01
135(1) 76808342803.362 -> 5.194e-03 4.984e-01
136(1) 109461563882.725 -> 1.689e-02 9.994e-01
137(1) 96272018177.543 -> 1.037e-02 7.318e-01
138(1) 89965021249.355 -> 2.894e-02 9.292e-01
139(1) 116871869494.597 -> 1.287e-02 9.187e-01
140(1) 46938111836.756 -> 8.856e-03 7.007e-01
141(1) 76219751937.460 -> 8.183e-03 8.799e-01
142(1) 141360051948.850 -> 1.097e-02 7.049e-01
143(1) 80568303958.337 -> 6.378e-03 7.953e-01
144(1) 90088213290.617 -> 7.171e-03 6.414e-01
145(1) 52099099936.677 -> 9.243e-03 8.127e-01
146(1) 49039037266.836 -> 2.354e-02 9.997e-01
147(1) 54070168315.714 -> 8.711e-03 7.235e-01
148(1) 102930026502.721 -> 6.742e-03 5.511e-01
149(1) 56828689203.221 -> 6.770e-03 6.239e-01
150(1) 57487061155.211 -> 8.556e-03 8.369e-01
151(1) 104151055215.004 -> 1.683e-02 1.000e+00
152(1) 60452955984.189 -> 1.568e-02 9.992e-01
153(1) 85586314438.388 -> 2.024e-02 8.788e-01
154(1) 42427068075.402 -> 5.031e-03 4.808e-01
155(1) 87953782681.960 -> 7.309e-03 6.836e-01
156(1) 108305550944.129 -> 1.599e-02 9.121e-01
157(1) 76776181871.130 -> 1.202e-02 8.198e-01
158(1) 30858399567.619 -> 4.592e-03 5.088e-01
159(1) 55688753750.562 -> 3.718e-03 5.206e-01
160(1) 100643867879.347 -> 1.559e-02 9.961e-01
161(1) 96427766071.206 -> 3.764e-03 4.824e-01
162(1) 123334397083.425 -> 7.794e-03 6.777e-01
163(1) 121435673369.850 -> 7.028e-03 5.219e-01
164(1) 158151921731.369 -> 1.629e-02 9.686e-01
165(1) 61314709052.386 -> 3.842e-03 4.544e-01
166(1) 74227295675.259 -> 8.144e-03 5.798e-01
167(1) 83231800300.149 -> 8.177e-03 6.816e-01
168(1) 127574280693.876 -> 7.838e-03 6.692e-01
169(1) 110596446326.217 -> 1.408e-02 9.990e-01
170(1) 113618352545.427 -> 1.090e-02 8.408e-01
171(1) 48827979916.445 -> 7.992e-03 7.366e-01
172(1) 64858786156.134 -> 1.776e-02 9.595e-01
173(1) 100423985132.358 -> 1.212e-02 9.019e-01
174(1) 69567199849.032 -> 7.404e-03 1.000e+00
175(1) 87353986614.199 -> 7.620e-03 7.147e-01
176(1) 35267981355.797 -> 9.965e-03 7.426e-01
177(1) 54841945084.482 -> 9.663e-03 7.438e-01
178(1) 101009160667.453 -> 7.538e-03 7.099e-01
179(1) 72195645580.255 -> 7.076e-03 7.668e-01
180(1) 69526993667.087 -> 1.378e-02 9.990e-01
181(1) 35598651731.383 -> 1.398e-02 9.999e-01
182(1) 22367508756.864 -> 8.846e-03 7.165e-01
183(1) 6197386182.833 -> 7.723e-03 6.968e-01
184(1) 104302988250.017 -> 6.125e-03 6.174e-01
185(1) 90505799647.652 -> 9.782e-03 8.158e-01
186(1) 77848991305.129 -> 3.669e-03 4.552e-01
187(1) 73813160770.359 -> 1.236e-02 9.996e-01
188(1) 82224441306.286 -> 6.676e-03 5.054e-01
189(1) 69719099069.473 -> 2.495e-02 1.000e+00
190(1) 107742417092.570 -> 4.516e-03 5.959e-01
191(1) 66032144172.537 -> 9.373e-03 9.983e-01
192(1) 75748355228.030 -> 5.680e-03 7.115e-01
193(1) 127524378757.816 -> 9.525e-03 5.463e-01
194(1) 101114893945.930 -> 2.415e-02 1.000e+00
195(1) 79629441257.988 -> 1.518e-02 9.991e-01
196(1) 127278177497.381 -> 2.216e-02 9.992e-01
197(1) 31396222718.158 -> 1.045e-02 8.707e-01
198(1) 68492244219.481 -> 9.212e-03 6.474e-01
199(1) 38645328017.986 -> 1.754e-02 9.999e-01
200(1) 71951210073.383 -> 6.698e-03 6.797e-01
201(1) 92928870946.275 -> 2.087e-02 9.968e-01
202(1) 72859248702.991 -> 6.225e-03 5.900e-01
203(1) 59598025983.276 -> 9.494e-03 6.173e-01
204(1) 82319347725.254 -> 6.152e-03 5.426e-01
205(1) 32354275293.382 -> 8.424e-03 7.875e-01
206(1) 88191262193.266 -> 1.752e-02 9.997e-01
207(1) 31785526418.688 -> 1.170e-02 8.883e-01
208(1) 75701284483.736 -> 1.019e-02 8.175e-01
209(1) 49716893172.906 -> 6.721e-03 5.801e-01
210(1) 44227706510.020 -> 9.179e-03 7.087e-01
211(1) 98290783819.682 -> 1.372e-02 9.097e-01
212(1) 65132337337.306 -> 1.599e-02 1.000e+00
213(1) 84194723024.290 -> 1.249e-02 8.994e-01
214(1) 115131003629.354 -> 1.385e-02 9.984e-01
215(1) 87890540356.425 -> 1.476e-02 7.499e-01
216(1) 80089225883.517 -> 1.404e-02 8.524e-01
217(1) 35160050656.223 -> 1.023e-02 8.105e-01
218(1) 60174197355.799 -> 1.402e-02 7.354e-01
219(1) 170215471136.222 -> 2.193e-02 9.999e-01
220(1) 92969434045.619 -> 1.254e-02 9.173e-01
221(1) 90459547889.474 -> 1.311e-02 9.976e-01
222(1) 136395333405.827 -> 5.800e-03 5.328e-01
223(1) 10033378716.949 -> 6.086e-03 6.027e-01
224(1) 63356394333.137 -> 1.248e-02 8.769e-01
225(1) 123105185415.891 -> 1.830e-02 8.715e-01
226(1) 83164603955.297 -> 1.207e-02 9.307e-01
227(1) 156877129211.893 -> 1.700e-02 9.996e-01
228(1) 96407700701.894 -> 5.070e-03 5.592e-01
229(1) 35874915006.023 -> 1.031e-02 8.344e-01
230(1) 33570150221.981 -> 1.055e-02 8.078e-01
231(1) 139176041604.777 -> 4.153e-03 5.352e-01
232(1) 144016123527.985 -> 1.043e-02 7.203e-01
233(1) 45168474933.089 -> 9.727e-03 7.666e-01
234(1) 79912555471.631 -> 1.173e-02 9.988e-01
235(1) 71977470552.359 -> 1.486e-02 9.996e-01
236(1) 66154353057.812 -> 2.109e-02 9.981e-01
237(1) 78981777093.272 -> 1.139e-02 6.380e-01
238(1) 29300653552.441 -> 6.867e-03 6.562e-01
239(1) 51686304270.593 -> 2.006e-02 9.999e-01
240(1) 120131418897.511 -> 9.359e-03 7.776e-01
241(1) 64264256579.964 -> 9.857e-03 8.463e-01
242(1) 77192596544.235 -> 8.311e-03 7.488e-01
243(1) 91833135994.606 -> 1.009e-02 8.215e-01
244(1) 76060669138.060 -> 1.488e-02 9.997e-01
245(1) 87996191820.661 -> 1.122e-02 8.126e-01
246(1) 61768208068.787 -> 2.060e-02 8.411e-01
247(1) 74152299220.119 -> 7.021e-03 6.473e-01
248(1) 54560796415.182 -> 1.275e-02 6.698e-01
249(1) 133293518898.705 -> 1.500e-02 8.789e-01
250(1) 75418153455.382 -> 2.324e-02 9.995e-01
251(1) 75023623248.410 -> 1.497e-02 7.590e-01
252(1) 61120859332.677 -> 1.347e-02 9.992e-01
253(1) 59341614999.680 -> 1.683e-02 9.998e-01
254(1) 137962064640.925 -> 8.289e-03 6.746e-01
255(1) 53018451234.573 -> 1.303e-02 9.874e-01
256(1) 144165445782.956 -> 8.391e-03 8.840e-01
257(1) 65128952236.364 -> 1.010e-02 8.326e-01
258(1) 127573576637.455 -> 1.874e-02 9.989e-01
259(1) 114229631697.739 -> 1.014e-02 7.945e-01
260(1) 34005740415.047 -> 3.948e-03 4.487e-01
261(1) 53387824443.604 -> 6.110e-03 5.184e-01
262(1) 87575724668.432 -> 4.321e-03 5.985e-01
263(1) 71495690403.959 -> 7.984e-03 7.219e-01
264(1) 119920316430.460 -> 1.614e-02 9.986e-01
265(1) 104306385870.299 -> 2.266e-02 1.000e+00
266(1) 18608987675.655 -> 2.072e-02 7.724e-01
267(1) 45901655089.635 -> 1.476e-02 9.997e-01
268(1) 64698387578.167 -> 1.120e-02 9.992e-01
269(1) 111100657275.360 -> 2.898e-03 4.179e-01
270(1) 92532696440.746 -> 1.471e-02 9.932e-01
271(1) 167137259714.787 -> 9.944e-03 7.886e-01
272(1) 31102842881.697 -> 1.111e-02 8.754e-01
273(1) 74917455842.559 -> 1.404e-02 9.985e-01
274(1) 89722843080.370 -> 1.459e-02 9.993e-01
275(1) 93305009962.089 -> 5.684e-03 5.320e-01
276(1) 55860630605.538 -> 8.552e-03 7.732e-01
277(1) 79922849854.641 -> 1.237e-02 8.498e-01
278(1) 89696030404.826 -> 1.439e-02 7.878e-01
279(1) 81480888912.044 -> 6.733e-03 5.328e-01
280(1) 167709755627.072 -> 1.394e-02 9.845e-01
281(1) 53399502866.571 -> 1.110e-02 7.739e-01
282(1) 69368903638.987 -> 6.875e-03 6.076e-01
283(1) 27269222501.324 -> 1.318e-02 9.978e-01
284(1) 40392566744.351 -> 9.176e-03 7.248e-01
285(1) 57271889477.870 -> 1.145e-02 9.877e-01
286(1) 43788957091.665 -> 4.785e-03 4.345e-01
287(1) 5974782583.555 -> 8.123e-03 7.078e-01
288(1) 94820753966.179 -> 7.238e-03 5.648e-01
289(1) 128480961996.331 -> 8.832e-03 7.030e-01
290(1) 97653008240.528 -> 1.319e-02 9.996e-01
291(1) 68998211457.861 -> 1.139e-02 8.237e-01
292(1) 149080073686.658 -> 1.472e-02 9.988e-01
293(1) 80985327793.798 -> 1.125e-02 8.654e-01
294(1) 41126835953.946 -> 5.218e-03 7.927e-01
295(1) 142154770502.111 -> 8.208e-03 6.636e-01
296(1) 102031443216.820 -> 1.294e-02 9.993e-01
297(1) 62476143458.156 -> 8.068e-03 8.871e-01
298(1) 86517068120.852 -> 1.301e-02 9.996e-01
299(1) 71139985019.195 -> 1.498e-02 1.000e+00
300(1) 68843419586.493 -> 1.308e-02 9.986e-01
301(1) 67065343881.411 -> 4.400e-03 5.548e-01
302(1) 70022198092.873 -> 7.342e-03 7.180e-01
303(1) 84742371299.892 -> 1.092e-02 8.808e-01
304(1) 132392485954.743 -> 6.699e-03 6.041e-01
305(1) 105515022835.201 -> 1.550e-02 9.992e-01
306(1) 92072472404.124 -> 5.659e-03 6.063e-01
307(1) 83915278306.621 -> 9.745e-03 8.396e-01
308(1) 79965827317.525 -> 3.043e-03 5.268e-01
309(1) 88729336183.482 -> 9.024e-03 6.906e-01
310(1) 51596924505.871 -> 7.409e-03 7.513e-01
311(1) 119999866578.413 -> 3.558e-03 4.494e-01
312(1) 83580151143.646 -> 1.613e-02 9.138e-01
313(1) 50822981370.670 -> 5.407e-03 5.610e-01
314(1) 145335131593.742 -> 8.707e-03 6.146e-01
315(1) 89576391735.235 -> 1.376e-02 9.991e-01
316(1) 80863362045.763 -> 1.550e-02 9.588e-01
317(1) 118297263257.286 -> 9.043e-03 7.989e-01
318(1) 112411602234.176 -> 7.830e-03 6.357e-01
319(1) 75647881447.434 -> 1.262e-02 9.982e-01
320(1) 90595844733.396 -> 7.982e-03 5.114e-01
321(1) 135191645833.013 -> 1.749e-02 9.996e-01
322(1) 72557340310.904 -> 2.177e-02 9.772e-01
323(1) 108700184798.259 -> 1.463e-02 1.000e+00
324(1) 77581901121.924 -> 1.272e-02 6.449e-01
325(1) 77691881308.020 -> 9.454e-03 7.517e-01
326(1) 90999035695.357 -> 1.804e-02 1.000e+00
327(1) 45912803846.170 -> 8.897e-03 7.428e-01
328(1) 92930869280.902 -> 8.613e-03 7.777e-01
329(1) 145557461753.538 -> 2.539e-02 1.000e+00
330(1) 42075555674.824 -> 2.302e-02 9.601e-01
331(1) 145723812492.431 -> 5.851e-03 4.834e-01
332(1) 30180056711.439 -> 6.918e-03 7.339e-01
333(1) 96723649369.860 -> 7.560e-03 6.867e-01
334(1) 47919107867.797 -> 3.244e-02 1.000e+00
335(1) 66393429789.439 -> 2.566e-03 4.065e-01
336(1) 33193538113.511 -> 1.188e-02 8.609e-01
337(1) 161826256693.901 -> 8.790e-03 5.797e-01
338(1) 87621886228.014 -> 1.031e-02 7.993e-01
339(1) 49499593763.993 -> 1.702e-02 1.000e+00
340(1) 172654109965.291 -> 1.112e-02 8.042e-01
341(1) 71773278036.533 -> 1.290e-02 8.976e-01
342(1) 112093439118.231 -> 1.082e-02 8.913e-01
343(1) 36311991485.516 -> 8.986e-03 6.980e-01
344(1) 99976621544.301 -> 3.594e-03 4.213e-01
345(1) 92785526871.720 -> 8.088e-03 7.681e-01
346(1) 79276502080.442 -> 1.701e-02 9.833e-01
347(1) 70172327945.143 -> 1.241e-02 8.050e-01
348(1) 64465255252.107 -> 7.909e-03 7.777e-01
349(1) 15525796636.570 -> 1.413e-02 1.000e+00
350(1) 82833831014.314 -> 1.471e-02 8.708e-01
351(1) 68505549664.564 -> 6.155e-03 7.056e-01
352(1) 122535164781.865 -> 1.251e-02 8.661e-01
353(1) 105027897754.059 -> 7.938e-03 8.046e-01
354(1) 31209477936.407 -> 1.548e-02 9.998e-01
355(1) 68249022449.560 -> 8.967e-03 7.217e-01
356(1) 67945253173.217 -> 1.037e-02 8.641e-01
357(1) 47856315890.185 -> 7.905e-03 7.478e-01
358(1) 62060010233.307 -> 1.250e-02 7.460e-01
359(1) 51254837742.012 -> 5.404e-03 6.727e-01
360(1) 134900728381.020 -> 1.218e-02 8.476e-01
361(1) 52097122660.112 -> 1.393e-02 9.992e-01
362(1) 106674400972.478 -> 1.284e-02 9.742e-01
363(1) 99180086683.270 -> 1.746e-02 9.276e-01
364(1) 23768301475.269 -> 5.568e-03 4.860e-01
365(1) 91044615059.669 -> 1.820e-02 8.122e-01
366(1) 76431232491.657 -> 1.104e-02 9.437e-01
367(1) 104387917965.070 -> 6.617e-03 6.072e-01
368(1) 92174288776.686 -> 6.477e-03 5.783e-01
369(1) 103379049420.548 -> 4.477e-03 6.238e-01
370(1) 181173891931.246 -> 5.221e-03 5.145e-01
371(1) 65292955735.641 -> 6.964e-03 6.639e-01
372(1) 90211966854.287 -> 3.576e-03 5.153e-01
373(1) 88411005977.551 -> 1.487e-02 8.930e-01
374(1) 96714356706.234 -> 1.032e-02 7.077e-01
375(1) 54783281145.231 -> 1.386e-02 9.994e-01
376(1) 50363010086.072 -> 2.423e-02 9.997e-01
377(1) 117152229774.193 -> 1.825e-02 1.000e+00
378(1) 77811820655.457 -> 5.242e-03 5.059e-01
379(1) 155575845040.730 -> 1.134e-02 7.655e-01
380(1) 79006931163.310 -> 9.658e-03 7.576e-01
381(1) 70086511869.285 -> 4.747e-03 5.249e-01
382(1) 87468400252.084 -> 1.246e-02 9.334e-01
383(1) 82825858712.360 -> 1.379e-02 9.261e-01
384(1) 129455684100.378 -> 2.086e-02 9.040e-01
385(1) 80166112338.140 -> 1.288e-02 8.680e-01
386(1) 43725155454.410 -> 8.627e-03 7.285e-01
387(1) 94779365229.922 -> 5.821e-03 5.758e-01
388(1) 31714444719.431 -> 6.166e-03 7.329e-01
389(1) 176577800102.543 -> 5.959e-03 5.364e-01
390(1) 36783720289.274 -> 7.492e-03 7.716e-01
391(1) 36523251149.313 -> 2.603e-03 4.344e-01
392(1) 86820979134.093 -> 5.497e-03 5.557e-01
393(1) 169614244377.326 -> 5.175e-03 4.940e-01
394(1) 108687654543.343 -> 1.047e-02 7.700e-01
395(1) 57581972752.167 -> 1.146e-02 9.288e-01
396(1) 53108780318.018 -> 1.158e-02 8.922e-01
397(1) 78556601203.377 -> 7.224e-03 7.479e-01
398(1) 178973324302.188 -> 5.981e-03 6.530e-01
399(1) 94452865859.017 -> 1.217e-02 8.968e-01
400(1) 103616072400.537 -> 9.220e-03 8.198e-01
401(1) 115299546957.780 -> 7.651e-03 6.639e-01
402(1) 121714051094.557 -> 8.429e-03 6.802e-01
403(1) 132930620573.015 -> 9.261e-03 6.802e-01
404(1) 101501118351.146 -> 1.256e-02 8.516e-01
405(1) 80443893983.398 -> 2.534e-02 9.989e-01
406(1) 109048467480.638 -> 1.447e-02 9.873e-01
407(1) 86694979562.619 -> 1.140e-02 8.308e-01
408(1) 73822233864.208 -> 4.915e-03 4.924e-01
409(1) 119701022437.742 -> 1.217e-02 9.424e-01
410(1) 129016070376.334 -> 2.264e-02 9.995e-01
411(1) 20161570934.436 -> 1.126e-02 8.347e-01
412(1) 119751612625.894 -> 1.461e-02 6.404e-01
413(1) 109392734380.771 -> 1.421e-02 1.000e+00
414(1) 34937763554.004 -> 3.017e-03 4.582e-01
415(1) 79950421541.703 -> 1.593e-02 1.000e+00
416(1) 109829436047.899 -> 9.394e-03 7.395e-01
417(1) 162274425939.306 -> 1.184e-02 6.266e-01
418(1) 82167471172.996 -> 4.835e-03 5.802e-01
419(1) 64037683822.990 -> 1.557e-02 9.997e-01
420(1) 53265655735.985 -> 1.120e-02 9.996e-01
421(1) 74338512795.098 -> 5.456e-03 5.056e-01
422(1) 78463347745.182 -> 5.368e-03 5.133e-01
423(1) 101226994885.792 -> 1.141e-02 9.999e-01
424(1) 66812460326.538 -> 1.095e-02 8.258e-01
425(1) 68002878493.296 -> 8.982e-03 7.883e-01
426(1) 77546742123.989 -> 1.329e-02 9.993e-01
427(1) 53467868003.263 -> 7.832e-03 6.105e-01
428(1) 101926900834.841 -> 9.153e-03 7.593e-01
429(1) 71049371558.274 -> 3.137e-02 9.997e-01
430(1) 23820519251.353 -> 7.143e-03 7.129e-01
431(1) 138277201471.565 -> 8.595e-03 6.212e-01
432(1) 49305657177.893 -> 7.230e-03 7.508e-01
433(1) 123025109869.801 -> 1.701e-02 9.971e-01
434(1) 86267584033.204 -> 1.774e-02 7.871e-01
435(1) 61175293761.536 -> 9.538e-03 7.161e-01
436(1) 71850754689.649 -> 8.923e-03 7.242e-01
437(1) 119750706453.916 -> 6.426e-03 6.380e-01
438(1) 73102186924.133 -> 7.808e-03 7.437e-01
439(1) 122345537014.285 -> 1.493e-02 9.587e-01
440(1) 106555197626.867 -> 9.797e-03 7.492e-01
441(1) 102668141393.109 -> 1.204e-02 8.157e-01
442(1) 139796287915.192 -> 1.310e-02 8.291e-01
443(1) 69403770704.905 -> 1.452e-02 9.928e-01
444(1) 69069640734.177 -> 8.247e-03 7.041e-01
445(1) 64006329771.851 -> 9.015e-03 7.532e-01
446(1) 75006570846.025 -> 1.389e-02 9.995e-01
447(1) 106652964081.295 -> 2.006e-02 1.000e+00
448(1) 101831334446.828 -> 1.631e-02 1.000e+00
449(1) 77368075246.320 -> 1.257e-02 9.988e-01
450(1) 75802743517.110 -> 1.048e-02 8.343e-01
451(1) 110620774390.869 -> 1.242e-02 8.820e-01
452(1) 81861784319.970 -> 1.398e-02 9.996e-01
453(1) 47975392337.771 -> 1.333e-02 9.985e-01
454(1) 159837402524.200 -> 1.163e-02 7.378e-01
455(1) 132253322207.107 -> 9.055e-03 5.603e-01
456(1) 81828393202.640 -> 8.438e-03 9.391e-01
457(1) 70612885107.809 -> 1.149e-02 7.476e-01
458(1) 116133956096.367 -> 1.917e-02 8.812e-01
459(1) 75833893938.600 -> 3.683e-03 4.511e-01
460(1) 45723446278.297 -> 9.214e-03 7.320e-01
461(1) 111999404927.393 -> 6.525e-03 6.393e-01
462(1) 69068746782.300 -> 1.125e-02 8.341e-01
463(1) 42274300221.645 -> 3.728e-03 4.190e-01
464(1) 143184217212.830 -> 2.215e-02 9.978e-01
465(1) 35798364358.046 -> 8.167e-03 7.619e-01
466(1) 119300298786.096 -> 8.305e-03 5.198e-01
467(1) 106213113756.559 -> 6.276e-03 6.976e-01
468(1) 156277072982.992 -> 4.891e-03 4.919e-01
469(1) 173343395963.149 -> 4.720e-03 5.907e-01
470(1) 149439150189.503 -> 8.207e-03 7.461e-01
471(1) 89558550528.331 -> 1.463e-02 9.999e-01
472(1) 119587311492.452 -> 1.268e-02 9.957e-01
473(1) 82395019329.858 -> 8.844e-03 7.467e-01
474(1) 107113810069.454 -> 1.162e-02 7.890e-01
475(1) 57028685796.193 -> 8.323e-03 7.448e-01
476(1) 62699994940.360 -> 9.536e-03 8.063e-01
477(1) 53567475908.874 -> 1.121e-02 8.594e-01
478(1) 98636478829.033 -> 6.628e-03 6.065e-01
479(1) 35095898972.077 -> 4.662e-03 5.236e-01
480(1) 77592166035.203 -> 4.478e-03 4.984e-01
481(1) 102420596576.959 -> 1.143e-02 6.871e-01
482(1) 49446615277.138 -> 9.155e-03 7.767e-01
483(1) 84455947269.634 -> 7.271e-03 6.670e-01
484(1) 37988689975.284 -> 8.812e-03 6.967e-01
485(1) 103294476269.663 -> 3.813e-03 5.121e-01
486(1) 102418345133.718 -> 1.092e-02 9.497e-01
487(1) 91503645552.528 -> 1.570e-02 9.906e-01
488(1) 92592105593.884 -> 9.085e-03 8.115e-01
489(1) 79070335081.558 -> 9.064e-03 7.487e-01
490(1) 58348484955.245 -> 8.126e-03 7.270e-01
491(1) 73797992234.822 -> 1.406e-02 1.000e+00
492(1) 64162805197.290 -> 1.068e-02 7.608e-01
493(1) 132669282658.043 -> 5.056e-03 5.221e-01
494(1) 88514483937.326 -> 5.394e-03 5.632e-01
495(1) 121232608589.899 -> 9.370e-03 6.871e-01
496(1) 81380537797.270 -> 8.090e-03 5.403e-01
497(1) 98201298160.984 -> 1.074e-02 8.363e-01
498(1) 77281767735.955 -> 1.779e-02 8.618e-01
499(1) 142662593224.856 -> 2.815e-02 1.000e+00
500(1) 11539310309.270 -> 1.082e-02 8.760e-01
501(1) 89157751608.084 -> 6.548e-03 5.471e-01
502(1) 71487225508.517 -> 8.297e-03 6.696e-01
503(1) 31619603627.138 -> 1.145e-02 7.835e-01
504(1) 30307858946.034 -> 7.066e-03 7.397e-01
505(1) 122385813785.116 -> 4.643e-03 4.433e-01
506(1) 75209696515.018 -> 1.009e-02 7.809e-01
507(1) 58501600689.650 -> 1.689e-02 9.997e-01
508(1) 144178595364.300 -> 6.438e-03 5.572e-01
509(1) 73220873112.859 -> 1.231e-02 9.984e-01
510(1) 98712275233.173 -> 9.463e-03 9.991e-01
511(1) 47047008253.616 -> 1.303e-02 8.939e-01
512(1) 111869408262.477 -> 1.120e-02 8.594e-01
513(1) 127242576701.479 -> 1.039e-02 5.893e-01
514(1) 98529612428.219 -> 9.244e-03 7.606e-01
515(1) 93061280730.627 -> 4.857e-03 5.214e-01
516(1) 43381924642.893 -> 4.541e-03 5.533e-01
517(1) 100374202178.433 -> 1.236e-02 8.950e-01
518(1) 83095974030.909 -> 2.325e-02 9.978e-01
519(1) 91593982742.183 -> 6.481e-03 6.550e-01
520(1) 40323268635.485 -> 6.590e-03 7.204e-01
521(1) 82049535474.215 -> 8.447e-03 7.483e-01
522(1) 66735357415.770 -> 2.374e-03 4.482e-01
523(1) 108662480925.984 -> 2.332e-02 9.066e-01
524(1) 43752847595.858 -> 1.096e-02 7.642e-01
525(1) 142685298056.837 -> 1.431e-02 7.058e-01
526(1) 55556587335.537 -> 6.398e-03 7.062e-01
527(1) 102686737160.129 -> 1.319e-02 9.468e-01
528(1) 88135007537.390 -> 4.826e-03 4.673e-01
529(1) 31584107205.781 -> 1.250e-02 8.334e-01
530(1) 82129128314.740 -> 8.884e-03 6.417e-01
531(1) 153576012604.048 -> 1.581e-02 7.980e-01
532(1) 79146193186.286 -> 1.970e-02 9.713e-01
533(1) 114229518592.113 -> 2.417e-02 1.000e+00
534(1) 62073322876.273 -> 1.075e-02 7.984e-01
535(1) 4098656307.098 -> 1.244e-02 8.980e-01
536(1) 78445052846.877 -> 8.551e-03 6.663e-01
537(1) 128308075131.384 -> 1.303e-02 8.373e-01
538(1) 32991305190.338 -> 1.439e-02 9.919e-01
539(1) 126760063756.672 -> 9.025e-03 5.437e-01
540(1) 74656919886.195 -> 8.872e-03 6.506e-01
541(1) 119657822396.760 -> 3.178e-03 4.186e-01
542(1) 46341028931.905 -> 7.927e-03 7.491e-01
543(1) 40832069414.002 -> 1.371e-02 8.732e-01
544(1) 38038814132.364 -> 9.102e-03 7.247e-01
545(1) 53664518890.191 -> 9.868e-03 7.430e-01
546(1) 71882963210.873 -> 1.464e-02 9.997e-01
547(1) 138961481276.570 -> 1.412e-02 9.996e-01
548(1) 57473820668.448 -> 8.013e-03 7.195e-01
549(1) 114271919540.332 -> 2.047e-02 9.910e-01
550(1) 49764826200.242 -> 1.171e-02 8.658e-01
551(1) 71969938161.349 -> 8.470e-03 7.459e-01
552(1) 54421347707.927 -> 1.238e-02 9.857e-01
553(1) 72773368879.702 -> 4.055e-03 4.670e-01
554(1) 86983494242.512 -> 6.820e-03 4.499e-01
555(1) 135100710039.570 -> 2.327e-02 9.860e-01
556(1) 32363856003.880 -> 8.003e-03 7.154e-01
557(1) 149565699229.056 -> 1.058e-02 5.899e-01
558(1) 63707238540.561 -> 5.019e-03 4.968e-01
559(1) 126440699409.043 -> 8.463e-03 6.865e-01
560(1) 62640571512.081 -> 3.428e-03 4.188e-01
561(1) 113643128799.026 -> 4.308e-03 4.129e-01
562(1) 55985314383.579 -> 1.138e-02 7.454e-01
563(1) 98920850511.342 -> 1.239e-02 8.048e-01
564(1) 122560324837.244 -> 1.101e-02 7.283e-01
565(1) 116900498047.826 -> 1.945e-02 9.995e-01
566(1) 74752806960.042 -> 1.058e-02 8.520e-01
567(1) 71356881933.339 -> 2.038e-02 9.422e-01
568(1) 61395651001.658 -> 9.726e-03 7.296e-01
569(1) 136460182425.828 -> 9.849e-03 8.464e-01
570(1) 120089241197.604 -> 1.098e-02 9.994e-01
571(1) 132259061594.126 -> 1.936e-02 9.993e-01
572(1) 42150280997.883 -> 1.282e-02 7.433e-01
573(1) 101460634301.206 -> 1.444e-02 9.972e-01
574(1) 175529796168.241 -> 4.643e-03 5.688e-01
575(1) 90285268426.797 -> 1.119e-02 8.814e-01
576(1) 143036597988.688 -> 5.585e-03 5.173e-01
577(1) 114668131333.558 -> 9.831e-03 7.368e-01
578(1) 75082538092.024 -> 1.087e-02 9.949e-01
579(1) 86839659346.811 -> 1.209e-02 8.973e-01
580(1) 16111214959.946 -> 8.089e-03 7.411e-01
581(1) 76475965102.558 -> 7.666e-03 8.077e-01
582(1) 76650974328.911 -> 6.346e-03 5.451e-01
583(1) 115735659373.205 -> 1.412e-02 9.887e-01
584(1) 94509982706.717 -> 1.446e-02 9.977e-01
585(1) 62346901326.025 -> 1.312e-02 9.970e-01
586(1) 94210703607.979 -> 2.010e-02 9.992e-01
587(1) 72676001903.414 -> 7.321e-03 7.023e-01
588(1) 56100290254.949 -> 1.080e-02 8.445e-01
589(1) 111714722248.061 -> 1.752e-02 9.999e-01
590(1) 90863553143.465 -> 1.601e-02 9.994e-01
591(1) 74896960070.479 -> 4.517e-03 4.639e-01
592(1) 149869294626.658 -> 1.924e-02 9.993e-01
593(1) 45094457191.079 -> 1.917e-02 8.339e-01
594(1) 124430086164.089 -> 2.473e-02 1.000e+00
595(1) 49656214682.072 -> 9.471e-03 7.351e-01
596(1) 233763579327.172 -> 8.289e-03 7.519e-01
597(1) 135804122238.925 -> 7.259e-03 5.349e-01
598(1) 105611185714.884 -> 8.038e-03 7.396e-01
599(1) 119411433908.969 -> 2.536e-03 5.037e-01
600(1) 107129340029.766 -> 1.663e-02 9.998e-01
601(1) 46963798214.684 -> 1.158e-02 9.781e-01
602(1) 74930648212.193 -> 6.749e-03 6.033e-01
603(1) 68062696894.850 -> 1.164e-02 9.608e-01
604(1) 66504420862.088 -> 8.362e-03 9.980e-01
605(1) 90265991891.382 -> 9.462e-03 8.777e-01
606(1) 83672981394.757 -> 3.489e-03 4.484e-01
607(1) 118370595134.668 -> 7.857e-03 6.742e-01
608(1) 70335952812.249 -> 2.123e-02 9.997e-01
609(1) 99942167156.197 -> 8.425e-03 5.791e-01
610(1) 126583830545.481 -> 1.028e-02 8.151e-01
611(1) 189984738338.565 -> 4.569e-03 4.930e-01
612(1) 74797661326.249 -> 2.836e-03 4.858e-01
613(1) 61373118455.020 -> 1.085e-02 8.370e-01
614(1) 129104658439.450 -> 9.325e-03 6.858e-01
615(1) 129537517315.504 -> 9.353e-03 6.150e-01
616(1) 148448818968.156 -> 1.213e-02 9.989e-01
617(1) 98319827416.396 -> 1.223e-02 9.507e-01
618(1) 70263142943.450 -> 9.239e-03 7.368e-01
619(1) 68686202326.727 -> 6.580e-03 5.818e-01
620(1) 21770011428.395 -> 1.006e-02 8.411e-01
621(1) 73360598843.352 -> 7.685e-03 7.028e-01
622(1) 31844841160.396 -> 1.374e-02 9.997e-01
623(1) 91242837618.327 -> 5.994e-03 5.835e-01
624(1) 95513339019.321 -> 1.118e-02 7.392e-01
625(1) 130620476279.450 -> 1.107e-02 7.680e-01
626(1) 82323103866.953 -> 1.092e-02 7.514e-01
627(1) 117291570562.441 -> 1.151e-02 8.199e-01
628(1) 92069660728.437 -> 1.348e-02 9.993e-01
629(1) 65326574215.867 -> 1.522e-02 8.651e-01
630(1) 24312929253.570 -> 9.585e-03 7.916e-01
631(1) 89431254226.960 -> 9.561e-03 7.265e-01
632(1) 102020468732.131 -> 1.451e-02 7.703e-01
633(1) 104629134110.272 -> 7.855e-03 9.905e-01
634(1) 129708052462.345 -> 1.218e-02 9.961e-01
635(1) 80063897937.829 -> 5.306e-03 5.573e-01
636(1) 76913350425.667 -> 1.276e-02 7.861e-01
637(1) 37958385594.341 -> 7.568e-03 7.021e-01
638(1) 66318892257.811 -> 7.168e-03 6.302e-01
639(1) 42827220853.106 -> 6.548e-03 6.617e-01
640(1) 43502151858.712 -> 3.626e-03 4.314e-01
641(1) 134824901482.489 -> 4.147e-03 5.137e-01
642(1) 78141534481.873 -> 1.003e-02 8.058e-01
643(1) 45597389894.792 -> 1.321e-02 1.000e+00
644(1) 68252582796.137 -> 2.574e-03 5.074e-01
645(1) 103491345028.389 -> 2.045e-02 9.983e-01
646(1) 52685620891.860 -> 2.136e-02 9.902e-01
647(1) 77592064067.573 -> 8.793e-03 7.802e-01
648(1) 96812986499.720 -> 2.060e-02 9.926e-01
649(1) 132735486864.993 -> 1.086e-02 7.872e-01
650(1) 18625779249.505 -> 8.664e-03 7.880e-01
651(1) 80610790255.168 -> 1.218e-02 9.991e-01
652(1) 84152478676.542 -> 1.200e-02 8.699e-01
653(1) 85427641144.919 -> 1.018e-02 9.966e-01
654(1) 72434470671.047 -> 1.260e-02 8.316e-01
655(1) 68450913400.305 -> 1.078e-02 9.180e-01
656(1) 66567528030.814 -> 9.246e-03 7.373e-01
657(1) 131718942199.810 -> 1.395e-02 9.657e-01
658(1) 30622624891.429 -> 7.530e-03 7.146e-01
659(1) 43253757514.907 -> 1.401e-02 9.999e-01
660(1) 143514018771.045 -> 1.432e-02 9.986e-01
661(1) 125536029333.316 -> 1.493e-02 7.911e-01
662(1) 41691952154.698 -> 7.774e-03 6.212e-01
663(1) 94051182238.229 -> 5.617e-03 6.148e-01
664(1) 45364531347.609 -> 1.386e-02 9.977e-01
665(1) 52018949596.637 -> 2.105e-02 8.956e-01
666(1) 79296731739.942 -> 1.401e-02 9.998e-01
667(1) 172824019269.024 -> 2.096e-02 8.106e-01
668(1) 21458213184.853 -> 7.296e-03 7.189e-01
669(1) 58040878217.579 -> 1.607e-02 1.000e+00
670(1) 127376005045.295 -> 1.295e-02 9.974e-01
671(1) 54653597202.598 -> 1.535e-02 8.382e-01
672(1) 117137697721.596 -> 1.223e-02 6.932e-01
673(1) 22977997756.077 -> 1.180e-02 9.795e-01
674(1) 142022716160.387 -> 1.054e-02 8.992e-01
675(1) 111550976734.721 -> 1.421e-02 9.976e-01
676(1) 92497551258.409 -> 8.039e-03 8.463e-01
677(1) 51283550672.380 -> 1.900e-02 9.412e-01
678(1) 100472481620.622 -> 6.611e-03 4.957e-01
679(1) 32120981334.969 -> 8.409e-03 7.801e-01
680(1) 105383997159.687 -> 1.058e-02 8.066e-01
681(1) 114473077147.168 -> 6.882e-03 8.616e-01
682(1) 77603530062.249 -> 5.442e-03 7.508e-01
683(1) 121666108066.244 -> 1.435e-02 9.547e-01
684(1) 126306377107.256 -> 2.745e-02 1.000e+00
685(1) 70441558739.647 -> 2.259e-02 1.000e+00
686(1) 35214369510.836 -> 9.965e-03 8.499e-01
687(1) 125065532756.862 -> 6.739e-03 7.329e-01
688(1) 107122881834.935 -> 1.058e-02 9.998e-01
689(1) 148904206841.325 -> 8.843e-03 8.277e-01
690(1) 91133496972.001 -> 7.123e-03 7.755e-01
691(1) 52558592321.126 -> 9.490e-03 7.342e-01
692(1) 107726028485.210 -> 1.377e-02 9.948e-01
693(1) 45462053262.603 -> 6.952e-03 7.037e-01
694(1) 73159496992.149 -> 1.402e-02 9.995e-01
695(1) 54970035503.993 -> 9.330e-03 7.805e-01
696(1) 111924404014.518 -> 1.289e-02 6.237e-01
697(1) 130706213254.716 -> 1.170e-02 9.337e-01
698(1) 107348588241.242 -> 6.089e-03 4.964e-01
699(1) 114113969884.624 -> 1.290e-02 8.607e-01
700(1) 46878892254.842 -> 6.132e-03 6.344e-01
701(1) 86650263066.100 -> 1.464e-02 9.942e-01
702(1) 150323119774.211 -> 5.790e-03 6.256e-01
703(1) 157334918345.766 -> 2.030e-02 9.751e-01
704(1) 94157992879.990 -> 4.836e-03 4.655e-01
705(1) 77134752009.710 -> 1.022e-02 8.202e-01
706(1) 66580179056.873 -> 9.166e-03 7.571e-01
707(1) 81872867323.615 -> 1.558e-02 7.607e-01
708(1) 62900100695.809 -> 7.329e-03 6.943e-01
709(1) 111709094370.872 -> 7.974e-03 7.032e-01
710(1) 55858831382.655 -> 1.074e-02 8.336e-01
711(1) 82610705641.689 -> 1.616e-02 9.992e-01
712(1) 153726216184.898 -> 8.428e-03 6.551e-01
713(1) 82070567048.714 -> 8.943e-03 6.888e-01
714(1) 81991709623.869 -> 7.732e-03 7.118e-01
715(1) 61126153589.372 -> 7.665e-03 6.710e-01
716(1) 83560013473.589 -> 6.495e-03 5.780e-01
717(1) 83830685619.879 -> 2.024e-02 8.005e-01
718(1) 50342342441.199 -> 5.909e-03 6.781e-01
719(1) 95014835099.462 -> 1.273e-02 8.751e-01
720(1) 30775482750.701 -> 7.195e-03 6.590e-01
721(1) 136304792929.802 -> 1.353e-02 9.992e-01
722(1) 79262890651.389 -> 6.397e-03 6.291e-01
723(1) 82555239967.203 -> 1.110e-02 7.954e-01
724(1) 67345059924.070 -> 8.639e-03 7.085e-01
725(1) 101908857460.904 -> 1.327e-02 9.837e-01
726(1) 40133310805.353 -> 1.196e-02 9.075e-01
727(1) 121411296085.126 -> 5.259e-03 5.634e-01
728(1) 86961684688.405 -> 9.293e-03 6.558e-01
729(1) 83118354450.179 -> 8.793e-03 7.547e-01
730(1) 92073576344.367 -> 1.485e-02 9.996e-01
731(1) 143238940711.370 -> 1.375e-02 8.083e-01
732(1) 106297981696.474 -> 1.237e-02 9.990e-01
733(1) 85916337258.972 -> 6.731e-03 5.977e-01
734(1) 81257722883.203 -> 7.782e-03 6.736e-01
735(1) 85701037805.727 -> 6.472e-03 5.073e-01
736(1) 60093391078.661 -> 1.567e-02 7.608e-01
737(1) 165874431620.662 -> 7.730e-03 4.618e-01
738(1) 83844701065.426 -> 1.499e-02 5.694e-01
739(1) 69713449675.413 -> 1.188e-02 8.360e-01
740(1) 57378924811.822 -> 3.831e-02 1.000e+00
741(1) 75569368581.753 -> 4.973e-03 5.163e-01
742(1) 100751850366.947 -> 1.161e-02 7.790e-01
743(1) 24568327330.397 -> 9.666e-03 8.414e-01
744(1) 84614554673.110 -> 1.187e-02 7.061e-01
745(1) 49870301984.011 -> 5.629e-03 5.863e-01
746(1) 94391985397.759 -> 7.209e-03 6.494e-01
747(1) 104666982172.170 -> 1.239e-02 8.758e-01
748(1) 93006810066.029 -> 1.768e-02 9.232e-01
749(1) 150851496803.925 -> 9.762e-03 9.952e-01
750(1) 59950991215.672 -> 1.236e-02 8.848e-01
751(1) 153144896936.281 -> 4.350e-03 5.469e-01
752(1) 98653032017.128 -> 1.189e-02 8.977e-01
753(1) 49796666395.739 -> 1.049e-02 8.798e-01
754(1) 43042197457.900 -> 1.190e-02 9.988e-01
755(1) 91478180655.968 -> 3.947e-03 4.357e-01
756(1) 79106709914.082 -> 2.516e-02 1.000e+00
757(1) 81361299273.787 -> 1.028e-02 9.984e-01
758(1) 80093552689.555 -> 7.261e-03 6.785e-01
759(1) 51262873664.336 -> 8.180e-03 7.160e-01
760(1) 48516885552.432 -> 1.527e-02 9.997e-01
761(1) 33191345807.561 -> 2.690e-02 1.000e+00
762(1) 110043179431.928 -> 5.499e-03 5.548e-01
763(1) 75692577858.793 -> 1.198e-02 7.159e-01
764(1) 79570615621.836 -> 7.920e-03 5.998e-01
765(1) 84708953483.878 -> 7.770e-03 7.744e-01
766(1) 80215477095.185 -> 7.936e-03 8.029e-01
767(1) 83930971147.858 -> 1.418e-02 1.000e+00
768(1) 49507698247.910 -> 6.778e-03 7.435e-01
769(1) 163447557922.121 -> 5.937e-03 7.074e-01
770(1) 83326597693.866 -> 1.579e-02 9.852e-01
771(1) 88552416048.347 -> 6.335e-03 6.100e-01
772(1) 46386709349.630 -> 5.068e-03 5.314e-01
773(1) 64270073843.892 -> 6.394e-03 7.060e-01
774(1) 26133075460.257 -> 2.317e-02 9.999e-01
775(1) 79753049594.898 -> 1.560e-02 9.999e-01
776(1) 148361450052.863 -> 6.692e-03 4.998e-01
777(1) 57651931973.393 -> 5.718e-03 7.051e-01
778(1) 82795929995.243 -> 5.139e-03 5.247e-01
779(1) 66212155178.870 -> 1.311e-02 9.998e-01
780(1) 74293233199.690 -> 1.914e-02 9.747e-01
781(1) 75524775280.032 -> 1.030e-02 7.187e-01
782(1) 78340327713.410 -> 1.278e-02 8.657e-01
783(1) 82623588458.457 -> 7.377e-03 8.272e-01
784(1) 47068425937.867 -> 8.071e-03 7.419e-01
785(1) 30855065111.562 -> 1.068e-02 8.143e-01
786(1) 21801381531.659 -> 9.713e-03 7.752e-01
787(1) 57715670953.407 -> 1.188e-02 9.997e-01
788(1) 56417170661.533 -> 8.772e-03 7.691e-01
789(1) 102115997604.458 -> 1.083e-02 5.476e-01
790(1) 108921083117.890 -> 1.147e-02 8.761e-01
791(1) 75658736806.128 -> 1.454e-02 9.899e-01
792(1) 130496097187.800 -> 1.787e-02 8.220e-01
793(1) 144944444296.449 -> 1.556e-02 9.971e-01
794(1) 38237550500.886 -> 1.597e-02 9.999e-01
795(1) 98630973644.014 -> 1.634e-02 8.273e-01
796(1) 74606370272.134 -> 7.994e-03 6.505e-01
797(1) 42237181371.611 -> 8.704e-03 8.736e-01
798(1) 25129172472.628 -> 1.027e-02 8.457e-01
799(1) 102956204556.391 -> 7.579e-03 6.413e-01
800(1) 52988649043.814 -> 2.430e-02 9.997e-01
801(1) 55705184890.347 -> 1.193e-02 8.717e-01
802(1) 109188609873.782 -> 1.062e-02 7.246e-01
803(1) 64043718809.623 -> 2.259e-02 1.000e+00
804(1) 93084983946.741 -> 9.164e-03 7.380e-01
805(1) 110905722696.708 -> 1.118e-02 8.364e-01
806(1) 85962544698.311 -> 7.110e-03 7.928e-01
807(1) 53024025457.788 -> 7.369e-03 7.174e-01
808(1) 42593126831.960 -> 9.015e-03 7.351e-01
809(1) 86453215052.514 -> 3.010e-03 5.712e-01
810(1) 18990968027.426 -> 7.976e-03 7.431e-01
811(1) 127212464436.794 -> 9.011e-03 7.793e-01
812(1) 94908232500.454 -> 1.449e-02 9.994e-01
813(1) 111008367362.615 -> 2.063e-03 3.812e-01
814(1) 66805897668.085 -> 1.037e-02 8.414e-01
815(1) 146712311290.582 -> 1.097e-02 9.547e-01
816(1) 43764798317.431 -> 6.887e-03 7.673e-01
817(1) 98838961913.624 -> 1.562e-02 1.000e+00
818(1) 61716126325.575 -> 9.433e-03 7.895e-01
819(1) 131743735242.162 -> 7.772e-03 4.805e-01
820(1) 141272129667.132 -> 1.302e-02 9.512e-01
821(1) 100968693546.513 -> 1.222e-02 7.102e-01
822(1) 92276628128.607 -> 3.015e-02 9.805e-01
823(1) 77225756201.954 -> 8.183e-03 7.452e-01
824(1) 17450404723.620 -> 9.485e-03 7.944e-01
825(1) 70171561667.922 -> 8.117e-03 8.878e-01
826(1) 58148489105.476 -> 6.982e-03 6.831e-01
827(1) 37778825127.118 -> 1.072e-02 8.305e-01
828(1) 150618498502.923 -> 8.966e-03 7.470e-01
829(1) 60509702673.089 -> 5.968e-03 5.973e-01
830(1) 67798230648.266 -> 2.205e-02 1.000e+00
831(1) 74351871959.892 -> 8.039e-03 7.396e-01
832(1) 133882861793.537 -> 8.013e-03 6.266e-01
833(1) 79878762272.011 -> 7.144e-03 6.725e-01
834(1) 66585476882.252 -> 1.261e-02 8.407e-01
835(1) 49863589702.186 -> 8.865e-03 8.378e-01
836(1) 154331757290.723 -> 1.347e-02 9.996e-01
837(1) 99380599505.359 -> 3.608e-03 5.068e-01
838(1) 23603718052.996 -> 7.861e-03 6.934e-01
839(1) 81273861918.687 -> 8.211e-03 9.640e-01
840(1) 53352986585.586 -> 5.871e-03 5.865e-01
841(1) 63668263168.462 -> 1.243e-02 9.998e-01
842(1) 258383041696.859 -> 5.233e-03 5.931e-01
843(1) 43684808253.411 -> 6.672e-03 4.453e-01
844(1) 44777246355.117 -> 5.329e-03 6.443e-01
845(1) 181147445523.071 -> 1.190e-02 8.151e-01
846(1) 83367848808.613 -> 1.832e-02 9.426e-01
847(1) 157689013640.772 -> 1.087e-02 8.918e-01
848(1) 119144538448.759 -> 6.961e-03 6.492e-01
849(1) 49137648213.878 -> 6.857e-03 6.535e-01
850(1) 69623135219.309 -> 2.421e-02 9.987e-01
851(1) 43812146110.109 -> 5.947e-03 6.030e-01
852(1) 80865852263.510 -> 1.539e-02 9.036e-01
853(1) 26278034949.706 -> 1.191e-02 9.105e-01
854(1) 116403117318.044 -> 1.207e-02 6.491e-01
855(1) 124423986271.591 -> 1.356e-02 9.995e-01
856(1) 88697806806.613 -> 1.544e-02 9.999e-01
857(1) 57437928161.588 -> 1.511e-02 5.310e-01
858(1) 87537268709.879 -> 9.973e-03 8.515e-01
859(1) 117693851004.537 -> 1.287e-02 9.008e-01
860(1) 77666010438.806 -> 6.380e-03 6.297e-01
861(1) 69487893277.192 -> 1.238e-02 7.173e-01
862(1) 61027019724.278 -> 1.444e-02 9.999e-01
863(1) 17737336983.679 -> 6.696e-03 6.491e-01
864(1) 76281772768.830 -> 4.617e-03 6.123e-01
865(1) 141794360360.117 -> 8.425e-03 5.226e-01
866(1) 69875404681.021 -> 2.933e-02 9.375e-01
867(1) 111997011117.403 -> 8.723e-03 8.689e-01
868(1) 91885200595.625 -> 5.543e-03 4.575e-01
869(1) 127175815056.076 -> 1.585e-02 7.324e-01
870(1) 144504296296.699 -> 7.843e-03 7.277e-01
871(1) 60230645355.454 -> 9.857e-03 8.071e-01
872(1) 109027607778.465 -> 2.032e-02 9.581e-01
873(1) 82719189476.077 -> 1.677e-02 1.000e+00
874(1) 197431459087.054 -> 1.281e-02 8.603e-01
875(1) 43607765060.173 -> 9.583e-03 7.919e-01
876(1) 96977085229.332 -> 1.600e-02 9.913e-01
877(1) 67879999120.914 -> 1.512e-02 9.987e-01
878(1) 100896584526.238 -> 7.286e-03 6.767e-01
879(1) 34833230767.339 -> 1.320e-02 9.992e-01
880(1) 52848203835.080 -> 9.577e-03 9.917e-01
881(1) 76942206694.419 -> 8.850e-03 7.150e-01
882(1) 69361162363.492 -> 1.382e-02 9.895e-01
883(1) 51928886313.658 -> 1.029e-02 9.999e-01
884(1) 109847244102.298 -> 1.477e-02 9.304e-01
885(1) 32408396783.222 -> 1.634e-02 7.644e-01
886(1) 145993367863.490 -> 7.318e-03 5.752e-01
887(1) 67015433568.219 -> 4.354e-03 5.982e-01
888(1) 190761281878.576 -> 5.877e-03 6.157e-01
889(1) 60672690163.958 -> 9.037e-03 7.761e-01
890(1) 51962701196.175 -> 8.550e-03 6.402e-01
891(1) 42865102875.810 -> 9.708e-03 8.218e-01
892(1) 67760895405.049 -> 1.023e-02 8.428e-01
893(1) 81531713011.423 -> 5.613e-03 5.153e-01
894(1) 61288393950.618 -> 1.018e-02 6.191e-01
895(1) 120297394237.884 -> 6.675e-03 7.224e-01
896(1) 73946112295.778 -> 3.909e-03 4.614e-01
897(1) 75984916152.299 -> 4.348e-03 4.679e-01
898(1) 75024400131.637 -> 6.643e-03 5.822e-01
899(1) 101176201681.184 -> 1.178e-02 8.281e-01
900(1) 96906665485.380 -> 6.482e-03 7.755e-01
901(1) 165041631619.727 -> 5.878e-03 5.601e-01
902(1) 63063172470.391 -> 7.427e-03 6.250e-01
903(1) 61660705887.861 -> 5.231e-03 5.442e-01
904(1) 113309361457.664 -> 1.598e-02 9.270e-01
905(1) 107200415573.886 -> 2.111e-02 9.254e-01
906(1) 111100531098.377 -> 6.600e-03 5.946e-01
907(1) 104695334523.490 -> 9.683e-03 8.707e-01
908(1) 133835039328.652 -> 1.473e-02 9.991e-01
909(1) 47104021813.837 -> 8.538e-03 7.386e-01
910(1) 63643830802.110 -> 1.229e-02 8.555e-01
911(1) 78946677144.533 -> 1.284e-02 8.935e-01
912(1) 147802607691.349 -> 7.329e-03 6.761e-01
913(1) 50648015566.856 -> 2.256e-02 1.000e+00
914(1) 87742131471.598 -> 1.289e-02 9.328e-01
915(1) 84107194841.229 -> 4.640e-03 5.356e-01
916(1) 73718600986.717 -> 1.415e-02 9.954e-01
917(1) 113985605704.457 -> 1.789e-02 8.136e-01
918(1) 56941369681.418 -> 1.413e-02 1.000e+00
919(1) 112750625746.220 -> 5.910e-03 7.316e-01
920(1) 178118554500.353 -> 7.862e-03 7.478e-01
921(1) 82321275608.997 -> 1.034e-02 9.908e-01
922(1) 75013936101.171 -> 8.436e-03 8.231e-01
923(1) 105525964555.658 -> 9.644e-03 7.610e-01
924(1) 55604419457.647 -> 8.296e-03 7.122e-01
925(1) 152464227496.437 -> 1.836e-02 9.992e-01
926(1) 62093589667.952 -> 1.431e-02 1.000e+00
927(1) 52928985565.246 -> 1.192e-02 8.959e-01
928(1) 42080675736.158 -> 1.216e-02 8.356e-01
929(1) 162397901432.310 -> 1.060e-02 6.832e-01
930(1) 77544152773.673 -> 9.185e-03 7.981e-01
931(1) 44710437440.757 -> 6.396e-03 5.250e-01
932(1) 109790509413.941 -> 1.482e-02 9.365e-01
933(1) 85773332643.525 -> 6.741e-03 6.216e-01
934(1) 102789702422.610 -> 6.162e-03 5.785e-01
935(1) 83752560658.616 -> 6.052e-03 6.035e-01
936(1) 90924826131.038 -> 1.595e-02 1.000e+00
937(1) 74592468619.389 -> 6.115e-03 5.471e-01
938(1) 87749135930.930 -> 1.218e-02 9.978e-01
939(1) 84009409748.873 -> 3.062e-03 4.863e-01
940(1) 25056943774.208 -> 7.752e-03 6.530e-01
941(1) 84994803730.144 -> 9.652e-03 8.040e-01
942(1) 75103193260.132 -> 1.292e-02 9.611e-01
943(1) 76551734887.063 -> 1.493e-02 9.995e-01
944(1) 43340686700.268 -> 8.150e-03 7.179e-01
945(1) 84014795299.336 -> 1.110e-02 7.866e-01
946(1) 95531624874.184 -> 8.957e-03 6.374e-01
947(1) 71832141997.268 -> 1.395e-02 9.994e-01
948(1) 111646902150.349 -> 4.553e-03 5.187e-01
949(1) 126354967019.409 -> 1.238e-02 9.946e-01
950(1) 61084289377.987 -> 4.224e-03 6.116e-01
951(1) 69458396823.880 -> 4.309e-03 4.784e-01
952(1) 59827913746.749 -> 1.463e-02 9.028e-01
953(1) 98589671288.984 -> 1.643e-02 8.291e-01
954(1) 64617937035.254 -> 6.121e-03 5.924e-01
955(1) 81221473497.713 -> 1.178e-02 6.825e-01
956(1) 70052353630.592 -> 1.087e-02 9.946e-01
957(1) 82223445678.812 -> 5.001e-03 5.421e-01
958(1) 98523606541.877 -> 9.351e-03 7.349e-01
959(1) 120594951966.844 -> 1.203e-02 8.078e-01
960(1) 32545453840.857 -> 1.301e-02 9.037e-01
961(1) 110358373610.898 -> 1.019e-02 5.311e-01
962(1) 129354854474.130 -> 3.363e-03 4.070e-01
963(1) 47858294987.622 -> 1.497e-02 9.999e-01
964(1) 78276356262.758 -> 9.905e-03 8.511e-01
965(1) 100395529633.854 -> 7.247e-03 6.326e-01
966(1) 151782703300.123 -> 1.229e-02 9.827e-01
967(1) 47332071841.667 -> 2.105e-02 8.483e-01
968(1) 142053018954.328 -> 6.041e-03 5.911e-01
969(1) 64052457497.953 -> 5.782e-03 5.740e-01
970(1) 146757469721.304 -> 1.580e-02 1.000e+00
971(1) 120871838997.605 -> 1.472e-02 9.980e-01
972(1) 134033049405.145 -> 4.787e-03 5.386e-01
973(1) 76448421424.490 -> 5.869e-03 6.005e-01
974(1) 69898654494.936 -> 1.281e-02 8.449e-01
975(1) 75021359263.019 -> 1.616e-02 9.793e-01
976(1) 48091254682.861 -> 8.949e-03 7.650e-01
977(1) 95195400336.846 -> 1.185e-02 9.709e-01
978(1) 120117390331.330 -> 5.424e-03 5.319e-01
979(1) 122356584716.188 -> 7.971e-03 6.977e-01
980(1) 52762914418.262 -> 1.119e-02 8.261e-01
981(1) 72145391362.069 -> 1.480e-02 9.993e-01
982(1) 89930258485.050 -> 1.294e-02 9.846e-01
983(1) 68145912341.718 -> 1.443e-02 1.000e+00
984(1) 82026962271.131 -> 1.204e-02 9.978e-01
985(1) 95162246937.618 -> 8.839e-03 7.746e-01
986(1) 104926102826.722 -> 7.126e-03 5.391e-01
987(1) 33382784268.565 -> 1.380e-02 9.998e-01
988(1) 96509775214.471 -> 2.568e-03 4.593e-01
989(1) 73486900183.175 -> 6.522e-03 7.694e-01
990(1) 70964767038.241 -> 1.104e-02 8.386e-01
991(1) 62093577354.194 -> 1.292e-02 9.988e-01
992(1) 83666779786.972 -> 8.204e-03 7.394e-01
993(1) 122557937698.615 -> 8.864e-03 6.680e-01
994(1) 58857147925.680 -> 4.741e-03 5.540e-01
995(1) 74703901437.437 -> 2.783e-03 4.594e-01
996(1) 30502794420.563 -> 1.393e-02 9.994e-01
997(1) 195854926964.335 -> 4.154e-03 5.684e-01
998(1) 102686018776.050 -> 1.138e-02 7.433e-01
999(1) 55265378458.825 -> 1.423e-02 9.996e-01
1000(1) 125629600427.252 -> 9.395e-03 6.691e-01

# Non-parametric (median = 500th, lower=25th, upper=975th)
median = [ 0.0100942 0.780931]
Lower  = [ 0.00362099 0.455225]
Upper  = [ 0.0232467 1]
Bootstrap trials: trial(converged?) ssr -> params
1(1) 77233151836.87 -> 1.1723e-02 8.7558e-01
2(1) 73042564538.06 -> 1.2064e-02 7.5330e-01
3(1) 92495892825.71 -> 8.9683e-03 7.4959e-01
4(1) 114763503284.23 -> 7.2141e-03 5.4611e-01
5(1) 39988279765.64 -> 9.0346e-03 6.8591e-01
6(1) 50230418020.04 -> 1.0133e-02 8.2721e-01
7(1) 154943731732.93 -> 1.9668e-02 1.0000e+00
8(1) 47064094382.41 -> 1.0017e-02 7.3175e-01
9(1) 33279465660.06 -> 5.6989e-03 6.8701e-01
10(1) 115564692187.07 -> 2.4921e-03 4.6022e-01
11(1) 70096124904.70 -> 6.1192e-03 5.6001e-01
12(1) 44122045611.11 -> 9.7060e-03 7.8455e-01
13(1) 98818842012.33 -> 9.3970e-03 7.3300e-01
14(1) 66032066662.33 -> 5.1824e-03 5.3404e-01
15(1) 67265480306.21 -> 6.3168e-03 5.3183e-01
16(1) 63505772835.15 -> 1.4289e-02 7.9150e-01
17(1) 104079758738.51 -> 6.5927e-03 6.0825e-01
18(1) 24571020314.32 -> 7.5639e-03 6.7353e-01
19(1) 127798208756.97 -> 1.1882e-02 9.8783e-01
20(1) 109583844876.84 -> 5.4864e-03 6.2596e-01
21(1) 91924135698.11 -> 1.4920e-02 9.9753e-01
22(1) 139282600754.32 -> 5.7698e-03 6.3899e-01
23(1) 95469617689.76 -> 2.0261e-03 4.0206e-01
24(1) 91162018887.93 -> 6.9864e-03 6.8478e-01
25(1) 69871528252.39 -> 1.6297e-02 9.9991e-01
26(1) 42684389133.00 -> 8.7703e-03 7.1830e-01
27(1) 41595892105.81 -> 8.8716e-03 7.5616e-01
28(1) 52784686843.90 -> 1.6758e-02 1.0000e+00
29(1) 91649647684.94 -> 9.8118e-03 7.3819e-01
30(1) 104266779010.52 -> 1.0177e-02 8.1926e-01
31(1) 90410571531.06 -> 7.9382e-03 7.0204e-01
32(1) 46017856725.87 -> 1.1202e-02 8.5037e-01
33(1) 35707439947.44 -> 1.1779e-02 8.5468e-01
34(1) 47978441130.71 -> 3.9769e-03 4.8166e-01
35(1) 101394623094.86 -> 7.9409e-03 6.5538e-01
36(1) 90789958249.43 -> 5.1960e-03 5.4501e-01
37(1) 61103230545.26 -> 1.6644e-02 9.2348e-01
38(1) 73168913281.42 -> 7.4528e-03 6.6164e-01
39(1) 97768642831.81 -> 5.9881e-03 5.0069e-01
40(1) 107787645465.59 -> 1.0704e-02 7.5106e-01
41(1) 78710307337.82 -> 1.0364e-02 8.1399e-01
42(1) 102177707579.71 -> 1.1094e-02 7.6815e-01
43(1) 53302881166.96 -> 1.1919e-02 7.9152e-01
44(1) 53415789449.73 -> 1.5563e-02 9.9979e-01
45(1) 45269173697.60 -> 9.0648e-03 7.1372e-01
46(1) 39820766251.09 -> 4.1856e-03 4.7454e-01
47(1) 58382631728.78 -> 1.3954e-02 9.9923e-01
48(1) 20097451575.62 -> 6.0393e-03 7.1401e-01
49(1) 58403945876.18 -> 8.4027e-03 6.6646e-01
50(1) 70865528731.18 -> 9.0911e-03 6.1929e-01
51(1) 105992795069.17 -> 1.1742e-02 7.7228e-01
52(1) 62592253157.83 -> 1.2820e-02 9.3919e-01
53(1) 112493264179.29 -> 5.4359e-03 6.1175e-01
54(1) 103485532354.67 -> 9.9425e-03 7.2455e-01
55(1) 103256285570.29 -> 7.9971e-03 6.7558e-01
56(1) 110285744217.97 -> 1.3365e-02 9.9913e-01
57(1) 118490420489.98 -> 1.0743e-02 7.6390e-01
58(1) 34462775684.37 -> 2.1805e-02 8.5735e-01
59(1) 23894115055.21 -> 1.3896e-02 9.9982e-01
60(1) 74549079421.55 -> 7.9226e-03 6.2824e-01
61(1) 146396279598.26 -> 6.9511e-03 6.6595e-01
62(1) 103886545857.92 -> 1.1987e-02 8.5396e-01
63(1) 49828396940.73 -> 1.5093e-02 1.0000e+00
64(1) 25501601995.43 -> 4.9123e-03 5.2391e-01
65(1) 36366669143.39 -> 1.3368e-02 8.7000e-01
66(1) 81152924218.51 -> 1.2173e-02 8.5511e-01
67(1) 129908276824.64 -> 8.3902e-03 7.9279e-01
68(1) 67807019372.91 -> 6.8961e-03 5.5798e-01
69(1) 90754017070.36 -> 8.6137e-03 7.2662e-01
70(1) 130260541765.99 -> 6.6027e-03 5.6941e-01
71(1) 104427221441.53 -> 1.1214e-02 7.8474e-01
72(1) 110708926730.06 -> 8.7896e-03 6.8938e-01
73(1) 84687045793.34 -> 1.7819e-02 9.9982e-01
74(1) 108251861703.72 -> 6.0861e-03 5.4287e-01
75(1) 54398664776.42 -> 7.2025e-03 7.2315e-01
76(1) 126628527337.63 -> 6.1008e-03 6.6896e-01
77(1) 40143773014.27 -> 1.2980e-02 9.8623e-01
78(1) 67518261294.56 -> 2.1538e-02 1.0000e+00
79(1) 36062591124.02 -> 1.2447e-02 9.0296e-01
80(1) 110278773178.47 -> 6.7463e-03 6.8484e-01
81(1) 111911593522.86 -> 1.0336e-02 8.4827e-01
82(1) 149263629886.14 -> 7.6726e-03 7.3029e-01
83(1) 98757847986.89 -> 6.2228e-03 6.1646e-01
84(1) 121811699540.85 -> 1.2671e-02 7.8702e-01
85(1) 71644966458.52 -> 4.8860e-03 5.2449e-01
86(1) 150240986772.84 -> 3.7166e-02 9.5538e-01
87(1) 89928348916.15 -> 1.8309e-02 9.9976e-01
88(1) 132929472023.55 -> 5.1838e-03 6.0916e-01
89(1) 36767728982.65 -> 1.4106e-02 9.9861e-01
90(1) 117004427400.74 -> 1.6704e-02 9.9981e-01
91(1) 27115465118.99 -> 1.8115e-02 8.7645e-01
92(1) 127403851778.61 -> 1.0451e-02 7.3034e-01
93(1) 65080142647.80 -> 1.6324e-02 9.9872e-01
94(1) 108239581814.79 -> 1.4371e-02 7.8102e-01
95(1) 139557240403.09 -> 8.0402e-03 6.8705e-01
96(1) 91633699106.80 -> 1.0771e-02 7.8569e-01
97(1) 31412563066.11 -> 1.2190e-02 8.7406e-01
98(1) 96746405019.81 -> 1.2274e-02 9.9058e-01
99(1) 105550829385.69 -> 7.6434e-03 5.1351e-01
100(1) 67033355093.38 -> 1.5828e-02 9.9992e-01
101(1) 64277821034.49 -> 1.0135e-02 8.5182e-01
102(1) 36983823854.07 -> 2.0956e-02 1.0000e+00
103(1) 107839768087.60 -> 1.1191e-02 8.4588e-01
104(1) 128490723495.06 -> 1.6476e-02 9.9923e-01
105(1) 43134394703.21 -> 7.6231e-03 6.5209e-01
106(1) 80872869598.08 -> 7.4305e-03 6.9979e-01
107(1) 129042825317.14 -> 1.4727e-02 9.9713e-01
108(1) 106564200399.17 -> 3.4609e-02 9.9975e-01
109(1) 89870924217.71 -> 8.6892e-03 5.9018e-01
110(1) 32204380981.04 -> 1.7431e-02 9.1519e-01
111(1) 48025762024.84 -> 9.8610e-03 7.5599e-01
112(1) 85290162221.85 -> 4.4564e-03 4.4472e-01
113(1) 58521243042.47 -> 7.6175e-03 6.3342e-01
114(1) 128354154483.96 -> 1.7980e-02 9.3214e-01
115(1) 137658389798.34 -> 7.1957e-03 6.0540e-01
116(1) 107300919539.57 -> 2.8413e-02 9.9978e-01
117(1) 81833086807.80 -> 3.6210e-03 4.7637e-01
118(1) 100863281549.75 -> 1.3377e-02 9.3578e-01
119(1) 99665730267.66 -> 9.2906e-03 7.3323e-01
120(1) 54112652929.86 -> 6.1066e-03 6.8239e-01
121(1) 135365026702.26 -> 8.3755e-03 6.7600e-01
122(1) 47251824453.85 -> 7.8389e-03 6.7247e-01
123(1) 59708881291.75 -> 1.7112e-02 9.9973e-01
124(1) 44942700749.06 -> 1.0349e-02 9.9794e-01
125(1) 53630796277.73 -> 1.0266e-02 8.0799e-01
126(1) 62322294108.47 -> 1.4558e-02 9.9999e-01
127(1) 15680573611.34 -> 4.8258e-03 4.9479e-01
128(1) 89016233669.86 -> 8.5728e-03 7.6169e-01
129(1) 101681436334.71 -> 2.1035e-02 9.3418e-01
130(1) 104756814884.22 -> 4.6184e-03 4.6171e-01
131(1) 87564540645.95 -> 9.4140e-03 7.7955e-01
132(1) 104631985394.76 -> 1.6534e-02 9.9553e-01
133(1) 106936627283.13 -> 4.3656e-03 4.7109e-01
134(1) 58573436187.93 -> 6.7121e-03 6.5263e-01
135(1) 76808342803.36 -> 5.1945e-03 4.9841e-01
136(1) 109461563882.72 -> 1.6892e-02 9.9936e-01
137(1) 96272018177.54 -> 1.0373e-02 7.3177e-01
138(1) 89965021249.35 -> 2.8939e-02 9.2922e-01
139(1) 116871869494.60 -> 1.2875e-02 9.1866e-01
140(1) 46938111836.76 -> 8.8559e-03 7.0075e-01
141(1) 76219751937.46 -> 8.1828e-03 8.7986e-01
142(1) 141360051948.85 -> 1.0966e-02 7.0493e-01
143(1) 80568303958.34 -> 6.3784e-03 7.9533e-01
144(1) 90088213290.62 -> 7.1706e-03 6.4137e-01
145(1) 52099099936.68 -> 9.2426e-03 8.1271e-01
146(1) 49039037266.84 -> 2.3545e-02 9.9973e-01
147(1) 54070168315.71 -> 8.7112e-03 7.2350e-01
148(1) 102930026502.72 -> 6.7422e-03 5.5105e-01
149(1) 56828689203.22 -> 6.7696e-03 6.2389e-01
150(1) 57487061155.21 -> 8.5559e-03 8.3694e-01
151(1) 104151055215.00 -> 1.6825e-02 1.0000e+00
152(1) 60452955984.19 -> 1.5677e-02 9.9924e-01
153(1) 85586314438.39 -> 2.0237e-02 8.7876e-01
154(1) 42427068075.40 -> 5.0310e-03 4.8083e-01
155(1) 87953782681.96 -> 7.3091e-03 6.8360e-01
156(1) 108305550944.13 -> 1.5986e-02 9.1212e-01
157(1) 76776181871.13 -> 1.2022e-02 8.1981e-01
158(1) 30858399567.62 -> 4.5919e-03 5.0884e-01
159(1) 55688753750.56 -> 3.7184e-03 5.2061e-01
160(1) 100643867879.35 -> 1.5591e-02 9.9610e-01
161(1) 96427766071.21 -> 3.7645e-03 4.8241e-01
162(1) 123334397083.42 -> 7.7942e-03 6.7769e-01
163(1) 121435673369.85 -> 7.0278e-03 5.2192e-01
164(1) 158151921731.37 -> 1.6292e-02 9.6865e-01
165(1) 61314709052.39 -> 3.8421e-03 4.5436e-01
166(1) 74227295675.26 -> 8.1441e-03 5.7983e-01
167(1) 83231800300.15 -> 8.1774e-03 6.8158e-01
168(1) 127574280693.88 -> 7.8380e-03 6.6917e-01
169(1) 110596446326.22 -> 1.4080e-02 9.9904e-01
170(1) 113618352545.43 -> 1.0903e-02 8.4082e-01
171(1) 48827979916.45 -> 7.9923e-03 7.3658e-01
172(1) 64858786156.13 -> 1.7761e-02 9.5948e-01
173(1) 100423985132.36 -> 1.2120e-02 9.0189e-01
174(1) 69567199849.03 -> 7.4037e-03 1.0000e+00
175(1) 87353986614.20 -> 7.6195e-03 7.1474e-01
176(1) 35267981355.80 -> 9.9646e-03 7.4264e-01
177(1) 54841945084.48 -> 9.6626e-03 7.4376e-01
178(1) 101009160667.45 -> 7.5379e-03 7.0993e-01
179(1) 72195645580.25 -> 7.0757e-03 7.6679e-01
180(1) 69526993667.09 -> 1.3780e-02 9.9903e-01
181(1) 35598651731.38 -> 1.3980e-02 9.9993e-01
182(1) 22367508756.86 -> 8.8457e-03 7.1646e-01
183(1) 6197386182.83 -> 7.7227e-03 6.9680e-01
184(1) 104302988250.02 -> 6.1248e-03 6.1742e-01
185(1) 90505799647.65 -> 9.7818e-03 8.1575e-01
186(1) 77848991305.13 -> 3.6688e-03 4.5523e-01
187(1) 73813160770.36 -> 1.2360e-02 9.9961e-01
188(1) 82224441306.29 -> 6.6763e-03 5.0536e-01
189(1) 69719099069.47 -> 2.4952e-02 1.0000e+00
190(1) 107742417092.57 -> 4.5156e-03 5.9590e-01
191(1) 66032144172.54 -> 9.3727e-03 9.9829e-01
192(1) 75748355228.03 -> 5.6796e-03 7.1155e-01
193(1) 127524378757.82 -> 9.5253e-03 5.4631e-01
194(1) 101114893945.93 -> 2.4146e-02 1.0000e+00
195(1) 79629441257.99 -> 1.5181e-02 9.9910e-01
196(1) 127278177497.38 -> 2.2158e-02 9.9925e-01
197(1) 31396222718.16 -> 1.0454e-02 8.7069e-01
198(1) 68492244219.48 -> 9.2123e-03 6.4738e-01
199(1) 38645328017.99 -> 1.7540e-02 9.9991e-01
200(1) 71951210073.38 -> 6.6977e-03 6.7967e-01
201(1) 92928870946.28 -> 2.0875e-02 9.9683e-01
202(1) 72859248702.99 -> 6.2252e-03 5.9002e-01
203(1) 59598025983.28 -> 9.4942e-03 6.1727e-01
204(1) 82319347725.25 -> 6.1521e-03 5.4261e-01
205(1) 32354275293.38 -> 8.4243e-03 7.8754e-01
206(1) 88191262193.27 -> 1.7524e-02 9.9970e-01
207(1) 31785526418.69 -> 1.1702e-02 8.8833e-01
208(1) 75701284483.74 -> 1.0192e-02 8.1749e-01
209(1) 49716893172.91 -> 6.7206e-03 5.8009e-01
210(1) 44227706510.02 -> 9.1790e-03 7.0871e-01
211(1) 98290783819.68 -> 1.3717e-02 9.0972e-01
212(1) 65132337337.31 -> 1.5987e-02 1.0000e+00
213(1) 84194723024.29 -> 1.2485e-02 8.9940e-01
214(1) 115131003629.35 -> 1.3852e-02 9.9845e-01
215(1) 87890540356.42 -> 1.4757e-02 7.4993e-01
216(1) 80089225883.52 -> 1.4038e-02 8.5244e-01
217(1) 35160050656.22 -> 1.0230e-02 8.1048e-01
218(1) 60174197355.80 -> 1.4018e-02 7.3536e-01
219(1) 170215471136.22 -> 2.1927e-02 9.9994e-01
220(1) 92969434045.62 -> 1.2537e-02 9.1729e-01
221(1) 90459547889.47 -> 1.3113e-02 9.9756e-01
222(1) 136395333405.83 -> 5.8002e-03 5.3276e-01
223(1) 10033378716.95 -> 6.0860e-03 6.0271e-01
224(1) 63356394333.14 -> 1.2484e-02 8.7688e-01
225(1) 123105185415.89 -> 1.8299e-02 8.7155e-01
226(1) 83164603955.30 -> 1.2069e-02 9.3072e-01
227(1) 156877129211.89 -> 1.6999e-02 9.9959e-01
228(1) 96407700701.89 -> 5.0705e-03 5.5918e-01
229(1) 35874915006.02 -> 1.0310e-02 8.3437e-01
230(1) 33570150221.98 -> 1.0552e-02 8.0777e-01
231(1) 139176041604.78 -> 4.1530e-03 5.3520e-01
232(1) 144016123527.98 -> 1.0428e-02 7.2032e-01
233(1) 45168474933.09 -> 9.7269e-03 7.6657e-01
234(1) 79912555471.63 -> 1.1728e-02 9.9884e-01
235(1) 71977470552.36 -> 1.4861e-02 9.9961e-01
236(1) 66154353057.81 -> 2.1095e-02 9.9811e-01
237(1) 78981777093.27 -> 1.1390e-02 6.3800e-01
238(1) 29300653552.44 -> 6.8675e-03 6.5622e-01
239(1) 51686304270.59 -> 2.0060e-02 9.9990e-01
240(1) 120131418897.51 -> 9.3594e-03 7.7761e-01
241(1) 64264256579.96 -> 9.8566e-03 8.4629e-01
242(1) 77192596544.24 -> 8.3114e-03 7.4884e-01
243(1) 91833135994.61 -> 1.0086e-02 8.2149e-01
244(1) 76060669138.06 -> 1.4882e-02 9.9968e-01
245(1) 87996191820.66 -> 1.1219e-02 8.1258e-01
246(1) 61768208068.79 -> 2.0598e-02 8.4109e-01
247(1) 74152299220.12 -> 7.0214e-03 6.4725e-01
248(1) 54560796415.18 -> 1.2750e-02 6.6977e-01
249(1) 133293518898.70 -> 1.5000e-02 8.7886e-01
250(1) 75418153455.38 -> 2.3244e-02 9.9954e-01
251(1) 75023623248.41 -> 1.4974e-02 7.5901e-01
252(1) 61120859332.68 -> 1.3468e-02 9.9921e-01
253(1) 59341614999.68 -> 1.6834e-02 9.9980e-01
254(1) 137962064640.93 -> 8.2894e-03 6.7456e-01
255(1) 53018451234.57 -> 1.3033e-02 9.8744e-01
256(1) 144165445782.96 -> 8.3913e-03 8.8398e-01
257(1) 65128952236.36 -> 1.0095e-02 8.3263e-01
258(1) 127573576637.45 -> 1.8739e-02 9.9890e-01
259(1) 114229631697.74 -> 1.0141e-02 7.9447e-01
260(1) 34005740415.05 -> 3.9479e-03 4.4872e-01
261(1) 53387824443.60 -> 6.1105e-03 5.1844e-01
262(1) 87575724668.43 -> 4.3211e-03 5.9853e-01
263(1) 71495690403.96 -> 7.9842e-03 7.2186e-01
264(1) 119920316430.46 -> 1.6141e-02 9.9860e-01
265(1) 104306385870.30 -> 2.2663e-02 1.0000e+00
266(1) 18608987675.66 -> 2.0720e-02 7.7238e-01
267(1) 45901655089.64 -> 1.4761e-02 9.9974e-01
268(1) 64698387578.17 -> 1.1198e-02 9.9920e-01
269(1) 111100657275.36 -> 2.8980e-03 4.1789e-01
270(1) 92532696440.75 -> 1.4708e-02 9.9321e-01
271(1) 167137259714.79 -> 9.9441e-03 7.8855e-01
272(1) 31102842881.70 -> 1.1114e-02 8.7536e-01
273(1) 74917455842.56 -> 1.4037e-02 9.9850e-01
274(1) 89722843080.37 -> 1.4594e-02 9.9926e-01
275(1) 93305009962.09 -> 5.6841e-03 5.3197e-01
276(1) 55860630605.54 -> 8.5524e-03 7.7319e-01
277(1) 79922849854.64 -> 1.2369e-02 8.4981e-01
278(1) 89696030404.83 -> 1.4388e-02 7.8783e-01
279(1) 81480888912.04 -> 6.7332e-03 5.3284e-01
280(1) 167709755627.07 -> 1.3944e-02 9.8455e-01
281(1) 53399502866.57 -> 1.1104e-02 7.7386e-01
282(1) 69368903638.99 -> 6.8749e-03 6.0763e-01
283(1) 27269222501.32 -> 1.3184e-02 9.9782e-01
284(1) 40392566744.35 -> 9.1764e-03 7.2483e-01
285(1) 57271889477.87 -> 1.1451e-02 9.8772e-01
286(1) 43788957091.67 -> 4.7852e-03 4.3452e-01
287(1) 5974782583.55 -> 8.1228e-03 7.0780e-01
288(1) 94820753966.18 -> 7.2376e-03 5.6484e-01
289(1) 128480961996.33 -> 8.8315e-03 7.0297e-01
290(1) 97653008240.53 -> 1.3187e-02 9.9958e-01
291(1) 68998211457.86 -> 1.1392e-02 8.2370e-01
292(1) 149080073686.66 -> 1.4717e-02 9.9876e-01
293(1) 80985327793.80 -> 1.1247e-02 8.6540e-01
294(1) 41126835953.95 -> 5.2180e-03 7.9270e-01
295(1) 142154770502.11 -> 8.2081e-03 6.6360e-01
296(1) 102031443216.82 -> 1.2939e-02 9.9932e-01
297(1) 62476143458.16 -> 8.0685e-03 8.8709e-01
298(1) 86517068120.85 -> 1.3014e-02 9.9963e-01
299(1) 71139985019.20 -> 1.4983e-02 9.9999e-01
300(1) 68843419586.49 -> 1.3081e-02 9.9855e-01
301(1) 67065343881.41 -> 4.4004e-03 5.5481e-01
302(1) 70022198092.87 -> 7.3419e-03 7.1802e-01
303(1) 84742371299.89 -> 1.0925e-02 8.8079e-01
304(1) 132392485954.74 -> 6.6990e-03 6.0409e-01
305(1) 105515022835.20 -> 1.5500e-02 9.9923e-01
306(1) 92072472404.12 -> 5.6589e-03 6.0634e-01
307(1) 83915278306.62 -> 9.7450e-03 8.3958e-01
308(1) 79965827317.53 -> 3.0431e-03 5.2678e-01
309(1) 88729336183.48 -> 9.0238e-03 6.9057e-01
310(1) 51596924505.87 -> 7.4086e-03 7.5134e-01
311(1) 119999866578.41 -> 3.5579e-03 4.4935e-01
312(1) 83580151143.65 -> 1.6126e-02 9.1379e-01
313(1) 50822981370.67 -> 5.4069e-03 5.6096e-01
314(1) 145335131593.74 -> 8.7069e-03 6.1457e-01
315(1) 89576391735.24 -> 1.3756e-02 9.9907e-01
316(1) 80863362045.76 -> 1.5504e-02 9.5882e-01
317(1) 118297263257.29 -> 9.0434e-03 7.9894e-01
318(1) 112411602234.18 -> 7.8300e-03 6.3571e-01
319(1) 75647881447.43 -> 1.2616e-02 9.9823e-01
320(1) 90595844733.40 -> 7.9824e-03 5.1142e-01
321(1) 135191645833.01 -> 1.7492e-02 9.9960e-01
322(1) 72557340310.90 -> 2.1765e-02 9.7722e-01
323(1) 108700184798.26 -> 1.4634e-02 9.9999e-01
324(1) 77581901121.92 -> 1.2717e-02 6.4493e-01
325(1) 77691881308.02 -> 9.4537e-03 7.5172e-01
326(1) 90999035695.36 -> 1.8038e-02 1.0000e+00
327(1) 45912803846.17 -> 8.8967e-03 7.4276e-01
328(1) 92930869280.90 -> 8.6128e-03 7.7768e-01
329(1) 145557461753.54 -> 2.5391e-02 1.0000e+00
330(1) 42075555674.82 -> 2.3025e-02 9.6007e-01
331(1) 145723812492.43 -> 5.8511e-03 4.8339e-01
332(1) 30180056711.44 -> 6.9177e-03 7.3389e-01
333(1) 96723649369.86 -> 7.5596e-03 6.8670e-01
334(1) 47919107867.80 -> 3.2443e-02 1.0000e+00
335(1) 66393429789.44 -> 2.5663e-03 4.0648e-01
336(1) 33193538113.51 -> 1.1876e-02 8.6095e-01
337(1) 161826256693.90 -> 8.7899e-03 5.7972e-01
338(1) 87621886228.01 -> 1.0312e-02 7.9931e-01
339(1) 49499593763.99 -> 1.7021e-02 1.0000e+00
340(1) 172654109965.29 -> 1.1123e-02 8.0419e-01
341(1) 71773278036.53 -> 1.2898e-02 8.9756e-01
342(1) 112093439118.23 -> 1.0820e-02 8.9126e-01
343(1) 36311991485.52 -> 8.9860e-03 6.9802e-01
344(1) 99976621544.30 -> 3.5941e-03 4.2129e-01
345(1) 92785526871.72 -> 8.0879e-03 7.6807e-01
346(1) 79276502080.44 -> 1.7013e-02 9.8328e-01
347(1) 70172327945.14 -> 1.2415e-02 8.0498e-01
348(1) 64465255252.11 -> 7.9089e-03 7.7767e-01
349(1) 15525796636.57 -> 1.4128e-02 9.9996e-01
350(1) 82833831014.31 -> 1.4709e-02 8.7082e-01
351(1) 68505549664.56 -> 6.1551e-03 7.0555e-01
352(1) 122535164781.87 -> 1.2508e-02 8.6614e-01
353(1) 105027897754.06 -> 7.9376e-03 8.0464e-01
354(1) 31209477936.41 -> 1.5481e-02 9.9984e-01
355(1) 68249022449.56 -> 8.9666e-03 7.2169e-01
356(1) 67945253173.22 -> 1.0370e-02 8.6409e-01
357(1) 47856315890.18 -> 7.9054e-03 7.4784e-01
358(1) 62060010233.31 -> 1.2500e-02 7.4602e-01
359(1) 51254837742.01 -> 5.4041e-03 6.7273e-01
360(1) 134900728381.02 -> 1.2184e-02 8.4761e-01
361(1) 52097122660.11 -> 1.3934e-02 9.9917e-01
362(1) 106674400972.48 -> 1.2839e-02 9.7416e-01
363(1) 99180086683.27 -> 1.7461e-02 9.2764e-01
364(1) 23768301475.27 -> 5.5682e-03 4.8595e-01
365(1) 91044615059.67 -> 1.8202e-02 8.1218e-01
366(1) 76431232491.66 -> 1.1041e-02 9.4366e-01
367(1) 104387917965.07 -> 6.6173e-03 6.0717e-01
368(1) 92174288776.69 -> 6.4767e-03 5.7833e-01
369(1) 103379049420.55 -> 4.4774e-03 6.2379e-01
370(1) 181173891931.25 -> 5.2209e-03 5.1445e-01
371(1) 65292955735.64 -> 6.9637e-03 6.6385e-01
372(1) 90211966854.29 -> 3.5765e-03 5.1532e-01
373(1) 88411005977.55 -> 1.4871e-02 8.9298e-01
374(1) 96714356706.23 -> 1.0316e-02 7.0767e-01
375(1) 54783281145.23 -> 1.3858e-02 9.9940e-01
376(1) 50363010086.07 -> 2.4230e-02 9.9972e-01
377(1) 117152229774.19 -> 1.8252e-02 1.0000e+00
378(1) 77811820655.46 -> 5.2421e-03 5.0589e-01
379(1) 155575845040.73 -> 1.1342e-02 7.6553e-01
380(1) 79006931163.31 -> 9.6583e-03 7.5759e-01
381(1) 70086511869.29 -> 4.7467e-03 5.2490e-01
382(1) 87468400252.08 -> 1.2457e-02 9.3335e-01
383(1) 82825858712.36 -> 1.3795e-02 9.2605e-01
384(1) 129455684100.38 -> 2.0856e-02 9.0400e-01
385(1) 80166112338.14 -> 1.2878e-02 8.6798e-01
386(1) 43725155454.41 -> 8.6267e-03 7.2847e-01
387(1) 94779365229.92 -> 5.8214e-03 5.7581e-01
388(1) 31714444719.43 -> 6.1656e-03 7.3287e-01
389(1) 176577800102.54 -> 5.9589e-03 5.3636e-01
390(1) 36783720289.27 -> 7.4916e-03 7.7158e-01
391(1) 36523251149.31 -> 2.6029e-03 4.3439e-01
392(1) 86820979134.09 -> 5.4968e-03 5.5569e-01
393(1) 169614244377.33 -> 5.1748e-03 4.9400e-01
394(1) 108687654543.34 -> 1.0466e-02 7.7000e-01
395(1) 57581972752.17 -> 1.1463e-02 9.2880e-01
396(1) 53108780318.02 -> 1.1577e-02 8.9217e-01
397(1) 78556601203.38 -> 7.2243e-03 7.4790e-01
398(1) 178973324302.19 -> 5.9812e-03 6.5297e-01
399(1) 94452865859.02 -> 1.2169e-02 8.9684e-01
400(1) 103616072400.54 -> 9.2202e-03 8.1976e-01
401(1) 115299546957.78 -> 7.6508e-03 6.6389e-01
402(1) 121714051094.56 -> 8.4292e-03 6.8022e-01
403(1) 132930620573.02 -> 9.2608e-03 6.8021e-01
404(1) 101501118351.15 -> 1.2555e-02 8.5161e-01
405(1) 80443893983.40 -> 2.5344e-02 9.9895e-01
406(1) 109048467480.64 -> 1.4470e-02 9.8728e-01
407(1) 86694979562.62 -> 1.1401e-02 8.3080e-01
408(1) 73822233864.21 -> 4.9151e-03 4.9238e-01
409(1) 119701022437.74 -> 1.2168e-02 9.4245e-01
410(1) 129016070376.33 -> 2.2638e-02 9.9948e-01
411(1) 20161570934.44 -> 1.1257e-02 8.3467e-01
412(1) 119751612625.89 -> 1.4606e-02 6.4038e-01
413(1) 109392734380.77 -> 1.4214e-02 9.9999e-01
414(1) 34937763554.00 -> 3.0168e-03 4.5821e-01
415(1) 79950421541.70 -> 1.5927e-02 1.0000e+00
416(1) 109829436047.90 -> 9.3940e-03 7.3951e-01
417(1) 162274425939.31 -> 1.1844e-02 6.2662e-01
418(1) 82167471173.00 -> 4.8350e-03 5.8023e-01
419(1) 64037683822.99 -> 1.5571e-02 9.9973e-01
420(1) 53265655735.99 -> 1.1201e-02 9.9955e-01
421(1) 74338512795.10 -> 5.4559e-03 5.0559e-01
422(1) 78463347745.18 -> 5.3677e-03 5.1330e-01
423(1) 101226994885.79 -> 1.1415e-02 9.9994e-01
424(1) 66812460326.54 -> 1.0953e-02 8.2579e-01
425(1) 68002878493.30 -> 8.9821e-03 7.8826e-01
426(1) 77546742123.99 -> 1.3293e-02 9.9935e-01
427(1) 53467868003.26 -> 7.8322e-03 6.1046e-01
428(1) 101926900834.84 -> 9.1530e-03 7.5926e-01
429(1) 71049371558.27 -> 3.1372e-02 9.9973e-01
430(1) 23820519251.35 -> 7.1432e-03 7.1287e-01
431(1) 138277201471.56 -> 8.5949e-03 6.2124e-01
432(1) 49305657177.89 -> 7.2300e-03 7.5078e-01
433(1) 123025109869.80 -> 1.7010e-02 9.9711e-01
434(1) 86267584033.20 -> 1.7740e-02 7.8708e-01
435(1) 61175293761.54 -> 9.5379e-03 7.1607e-01
436(1) 71850754689.65 -> 8.9226e-03 7.2423e-01
437(1) 119750706453.92 -> 6.4258e-03 6.3801e-01
438(1) 73102186924.13 -> 7.8084e-03 7.4374e-01
439(1) 122345537014.29 -> 1.4927e-02 9.5869e-01
440(1) 106555197626.87 -> 9.7967e-03 7.4916e-01
441(1) 102668141393.11 -> 1.2036e-02 8.1568e-01
442(1) 139796287915.19 -> 1.3098e-02 8.2906e-01
443(1) 69403770704.90 -> 1.4516e-02 9.9282e-01
444(1) 69069640734.18 -> 8.2473e-03 7.0411e-01
445(1) 64006329771.85 -> 9.0147e-03 7.5315e-01
446(1) 75006570846.03 -> 1.3894e-02 9.9949e-01
447(1) 106652964081.30 -> 2.0059e-02 1.0000e+00
448(1) 101831334446.83 -> 1.6312e-02 1.0000e+00
449(1) 77368075246.32 -> 1.2566e-02 9.9879e-01
450(1) 75802743517.11 -> 1.0481e-02 8.3428e-01
451(1) 110620774390.87 -> 1.2421e-02 8.8196e-01
452(1) 81861784319.97 -> 1.3982e-02 9.9960e-01
453(1) 47975392337.77 -> 1.3330e-02 9.9853e-01
454(1) 159837402524.20 -> 1.1628e-02 7.3779e-01
455(1) 132253322207.11 -> 9.0551e-03 5.6028e-01
456(1) 81828393202.64 -> 8.4380e-03 9.3910e-01
457(1) 70612885107.81 -> 1.1485e-02 7.4761e-01
458(1) 116133956096.37 -> 1.9173e-02 8.8123e-01
459(1) 75833893938.60 -> 3.6832e-03 4.5115e-01
460(1) 45723446278.30 -> 9.2143e-03 7.3204e-01
461(1) 111999404927.39 -> 6.5253e-03 6.3927e-01
462(1) 69068746782.30 -> 1.1248e-02 8.3408e-01
463(1) 42274300221.65 -> 3.7284e-03 4.1905e-01
464(1) 143184217212.83 -> 2.2150e-02 9.9777e-01
465(1) 35798364358.05 -> 8.1666e-03 7.6189e-01
466(1) 119300298786.10 -> 8.3049e-03 5.1977e-01
467(1) 106213113756.56 -> 6.2756e-03 6.9758e-01
468(1) 156277072982.99 -> 4.8909e-03 4.9188e-01
469(1) 173343395963.15 -> 4.7199e-03 5.9068e-01
470(1) 149439150189.50 -> 8.2070e-03 7.4611e-01
471(1) 89558550528.33 -> 1.4630e-02 9.9991e-01
472(1) 119587311492.45 -> 1.2681e-02 9.9566e-01
473(1) 82395019329.86 -> 8.8444e-03 7.4667e-01
474(1) 107113810069.45 -> 1.1621e-02 7.8904e-01
475(1) 57028685796.19 -> 8.3233e-03 7.4484e-01
476(1) 62699994940.36 -> 9.5356e-03 8.0627e-01
477(1) 53567475908.87 -> 1.1206e-02 8.5938e-01
478(1) 98636478829.03 -> 6.6283e-03 6.0652e-01
479(1) 35095898972.08 -> 4.6622e-03 5.2361e-01
480(1) 77592166035.20 -> 4.4784e-03 4.9836e-01
481(1) 102420596576.96 -> 1.1431e-02 6.8710e-01
482(1) 49446615277.14 -> 9.1547e-03 7.7671e-01
483(1) 84455947269.63 -> 7.2715e-03 6.6703e-01
484(1) 37988689975.28 -> 8.8116e-03 6.9666e-01
485(1) 103294476269.66 -> 3.8130e-03 5.1213e-01
486(1) 102418345133.72 -> 1.0923e-02 9.4973e-01
487(1) 91503645552.53 -> 1.5696e-02 9.9063e-01
488(1) 92592105593.88 -> 9.0847e-03 8.1149e-01
489(1) 79070335081.56 -> 9.0635e-03 7.4868e-01
490(1) 58348484955.25 -> 8.1263e-03 7.2695e-01
491(1) 73797992234.82 -> 1.4064e-02 1.0000e+00
492(1) 64162805197.29 -> 1.0677e-02 7.6076e-01
493(1) 132669282658.04 -> 5.0556e-03 5.2212e-01
494(1) 88514483937.33 -> 5.3940e-03 5.6323e-01
495(1) 121232608589.90 -> 9.3696e-03 6.8711e-01
496(1) 81380537797.27 -> 8.0903e-03 5.4032e-01
497(1) 98201298160.98 -> 1.0744e-02 8.3625e-01
498(1) 77281767735.96 -> 1.7790e-02 8.6178e-01
499(1) 142662593224.86 -> 2.8149e-02 1.0000e+00
500(1) 11539310309.27 -> 1.0817e-02 8.7595e-01
501(1) 89157751608.08 -> 6.5482e-03 5.4708e-01
502(1) 71487225508.52 -> 8.2975e-03 6.6957e-01
503(1) 31619603627.14 -> 1.1448e-02 7.8353e-01
504(1) 30307858946.03 -> 7.0661e-03 7.3968e-01
505(1) 122385813785.12 -> 4.6430e-03 4.4328e-01
506(1) 75209696515.02 -> 1.0094e-02 7.8093e-01
507(1) 58501600689.65 -> 1.6893e-02 9.9974e-01
508(1) 144178595364.30 -> 6.4384e-03 5.5721e-01
509(1) 73220873112.86 -> 1.2309e-02 9.9843e-01
510(1) 98712275233.17 -> 9.4635e-03 9.9914e-01
511(1) 47047008253.62 -> 1.3028e-02 8.9385e-01
512(1) 111869408262.48 -> 1.1195e-02 8.5939e-01
513(1) 127242576701.48 -> 1.0392e-02 5.8929e-01
514(1) 98529612428.22 -> 9.2440e-03 7.6060e-01
515(1) 93061280730.63 -> 4.8566e-03 5.2143e-01
516(1) 43381924642.89 -> 4.5414e-03 5.5329e-01
517(1) 100374202178.43 -> 1.2363e-02 8.9498e-01
518(1) 83095974030.91 -> 2.3247e-02 9.9785e-01
519(1) 91593982742.18 -> 6.4813e-03 6.5498e-01
520(1) 40323268635.49 -> 6.5897e-03 7.2045e-01
521(1) 82049535474.22 -> 8.4468e-03 7.4827e-01
522(1) 66735357415.77 -> 2.3744e-03 4.4818e-01
523(1) 108662480925.98 -> 2.3318e-02 9.0655e-01
524(1) 43752847595.86 -> 1.0957e-02 7.6418e-01
525(1) 142685298056.84 -> 1.4307e-02 7.0580e-01
526(1) 55556587335.54 -> 6.3985e-03 7.0618e-01
527(1) 102686737160.13 -> 1.3191e-02 9.4677e-01
528(1) 88135007537.39 -> 4.8255e-03 4.6731e-01
529(1) 31584107205.78 -> 1.2498e-02 8.3344e-01
530(1) 82129128314.74 -> 8.8836e-03 6.4173e-01
531(1) 153576012604.05 -> 1.5806e-02 7.9799e-01
532(1) 79146193186.29 -> 1.9702e-02 9.7128e-01
533(1) 114229518592.11 -> 2.4173e-02 1.0000e+00
534(1) 62073322876.27 -> 1.0752e-02 7.9841e-01
535(1) 4098656307.10 -> 1.2445e-02 8.9803e-01
536(1) 78445052846.88 -> 8.5514e-03 6.6634e-01
537(1) 128308075131.38 -> 1.3031e-02 8.3731e-01
538(1) 32991305190.34 -> 1.4391e-02 9.9186e-01
539(1) 126760063756.67 -> 9.0246e-03 5.4367e-01
540(1) 74656919886.19 -> 8.8715e-03 6.5058e-01
541(1) 119657822396.76 -> 3.1781e-03 4.1861e-01
542(1) 46341028931.91 -> 7.9265e-03 7.4912e-01
543(1) 40832069414.00 -> 1.3713e-02 8.7322e-01
544(1) 38038814132.36 -> 9.1021e-03 7.2473e-01
545(1) 53664518890.19 -> 9.8683e-03 7.4304e-01
546(1) 71882963210.87 -> 1.4637e-02 9.9971e-01
547(1) 138961481276.57 -> 1.4118e-02 9.9958e-01
548(1) 57473820668.45 -> 8.0127e-03 7.1946e-01
549(1) 114271919540.33 -> 2.0471e-02 9.9097e-01
550(1) 49764826200.24 -> 1.1708e-02 8.6582e-01
551(1) 71969938161.35 -> 8.4697e-03 7.4588e-01
552(1) 54421347707.93 -> 1.2381e-02 9.8574e-01
553(1) 72773368879.70 -> 4.0553e-03 4.6697e-01
554(1) 86983494242.51 -> 6.8196e-03 4.4990e-01
555(1) 135100710039.57 -> 2.3268e-02 9.8598e-01
556(1) 32363856003.88 -> 8.0029e-03 7.1543e-01
557(1) 149565699229.06 -> 1.0578e-02 5.8990e-01
558(1) 63707238540.56 -> 5.0190e-03 4.9685e-01
559(1) 126440699409.04 -> 8.4628e-03 6.8651e-01
560(1) 62640571512.08 -> 3.4283e-03 4.1879e-01
561(1) 113643128799.03 -> 4.3081e-03 4.1288e-01
562(1) 55985314383.58 -> 1.1381e-02 7.4542e-01
563(1) 98920850511.34 -> 1.2394e-02 8.0485e-01
564(1) 122560324837.24 -> 1.1013e-02 7.2826e-01
565(1) 116900498047.83 -> 1.9454e-02 9.9950e-01
566(1) 74752806960.04 -> 1.0576e-02 8.5202e-01
567(1) 71356881933.34 -> 2.0381e-02 9.4221e-01
568(1) 61395651001.66 -> 9.7262e-03 7.2964e-01
569(1) 136460182425.83 -> 9.8488e-03 8.4645e-01
570(1) 120089241197.60 -> 1.0979e-02 9.9942e-01
571(1) 132259061594.13 -> 1.9358e-02 9.9934e-01
572(1) 42150280997.88 -> 1.2825e-02 7.4328e-01
573(1) 101460634301.21 -> 1.4435e-02 9.9722e-01
574(1) 175529796168.24 -> 4.6432e-03 5.6876e-01
575(1) 90285268426.80 -> 1.1189e-02 8.8142e-01
576(1) 143036597988.69 -> 5.5850e-03 5.1728e-01
577(1) 114668131333.56 -> 9.8306e-03 7.3676e-01
578(1) 75082538092.02 -> 1.0874e-02 9.9487e-01
579(1) 86839659346.81 -> 1.2089e-02 8.9727e-01
580(1) 16111214959.95 -> 8.0889e-03 7.4113e-01
581(1) 76475965102.56 -> 7.6656e-03 8.0774e-01
582(1) 76650974328.91 -> 6.3460e-03 5.4507e-01
583(1) 115735659373.21 -> 1.4116e-02 9.8869e-01
584(1) 94509982706.72 -> 1.4459e-02 9.9770e-01
585(1) 62346901326.03 -> 1.3120e-02 9.9703e-01
586(1) 94210703607.98 -> 2.0100e-02 9.9917e-01
587(1) 72676001903.41 -> 7.3206e-03 7.0227e-01
588(1) 56100290254.95 -> 1.0797e-02 8.4449e-01
589(1) 111714722248.06 -> 1.7521e-02 9.9986e-01
590(1) 90863553143.46 -> 1.6010e-02 9.9945e-01
591(1) 74896960070.48 -> 4.5165e-03 4.6390e-01
592(1) 149869294626.66 -> 1.9239e-02 9.9931e-01
593(1) 45094457191.08 -> 1.9169e-02 8.3387e-01
594(1) 124430086164.09 -> 2.4731e-02 9.9995e-01
595(1) 49656214682.07 -> 9.4715e-03 7.3511e-01
596(1) 233763579327.17 -> 8.2891e-03 7.5193e-01
597(1) 135804122238.92 -> 7.2592e-03 5.3490e-01
598(1) 105611185714.88 -> 8.0380e-03 7.3961e-01
599(1) 119411433908.97 -> 2.5356e-03 5.0372e-01
600(1) 107129340029.77 -> 1.6625e-02 9.9976e-01
601(1) 46963798214.68 -> 1.1580e-02 9.7813e-01
602(1) 74930648212.19 -> 6.7488e-03 6.0327e-01
603(1) 68062696894.85 -> 1.1640e-02 9.6075e-01
604(1) 66504420862.09 -> 8.3618e-03 9.9804e-01
605(1) 90265991891.38 -> 9.4615e-03 8.7773e-01
606(1) 83672981394.76 -> 3.4890e-03 4.4845e-01
607(1) 118370595134.67 -> 7.8575e-03 6.7425e-01
608(1) 70335952812.25 -> 2.1227e-02 9.9969e-01
609(1) 99942167156.20 -> 8.4252e-03 5.7909e-01
610(1) 126583830545.48 -> 1.0279e-02 8.1514e-01
611(1) 189984738338.56 -> 4.5689e-03 4.9302e-01
612(1) 74797661326.25 -> 2.8358e-03 4.8576e-01
613(1) 61373118455.02 -> 1.0852e-02 8.3698e-01
614(1) 129104658439.45 -> 9.3246e-03 6.8575e-01
615(1) 129537517315.50 -> 9.3527e-03 6.1498e-01
616(1) 148448818968.16 -> 1.2128e-02 9.9889e-01
617(1) 98319827416.40 -> 1.2234e-02 9.5075e-01
618(1) 70263142943.45 -> 9.2387e-03 7.3682e-01
619(1) 68686202326.73 -> 6.5796e-03 5.8179e-01
620(1) 21770011428.39 -> 1.0056e-02 8.4110e-01
621(1) 73360598843.35 -> 7.6852e-03 7.0281e-01
622(1) 31844841160.40 -> 1.3740e-02 9.9969e-01
623(1) 91242837618.33 -> 5.9942e-03 5.8349e-01
624(1) 95513339019.32 -> 1.1177e-02 7.3920e-01
625(1) 130620476279.45 -> 1.1067e-02 7.6795e-01
626(1) 82323103866.95 -> 1.0921e-02 7.5139e-01
627(1) 117291570562.44 -> 1.1508e-02 8.1992e-01
628(1) 92069660728.44 -> 1.3477e-02 9.9933e-01
629(1) 65326574215.87 -> 1.5216e-02 8.6509e-01
630(1) 24312929253.57 -> 9.5847e-03 7.9156e-01
631(1) 89431254226.96 -> 9.5610e-03 7.2650e-01
632(1) 102020468732.13 -> 1.4511e-02 7.7033e-01
633(1) 104629134110.27 -> 7.8554e-03 9.9054e-01
634(1) 129708052462.35 -> 1.2182e-02 9.9608e-01
635(1) 80063897937.83 -> 5.3061e-03 5.5731e-01
636(1) 76913350425.67 -> 1.2759e-02 7.8607e-01
637(1) 37958385594.34 -> 7.5677e-03 7.0208e-01
638(1) 66318892257.81 -> 7.1679e-03 6.3023e-01
639(1) 42827220853.11 -> 6.5480e-03 6.6175e-01
640(1) 43502151858.71 -> 3.6263e-03 4.3136e-01
641(1) 134824901482.49 -> 4.1475e-03 5.1372e-01
642(1) 78141534481.87 -> 1.0030e-02 8.0582e-01
643(1) 45597389894.79 -> 1.3206e-02 1.0000e+00
644(1) 68252582796.14 -> 2.5739e-03 5.0736e-01
645(1) 103491345028.39 -> 2.0445e-02 9.9827e-01
646(1) 52685620891.86 -> 2.1363e-02 9.9017e-01
647(1) 77592064067.57 -> 8.7933e-03 7.8020e-01
648(1) 96812986499.72 -> 2.0600e-02 9.9262e-01
649(1) 132735486864.99 -> 1.0864e-02 7.8720e-01
650(1) 18625779249.51 -> 8.6638e-03 7.8796e-01
651(1) 80610790255.17 -> 1.2185e-02 9.9907e-01
652(1) 84152478676.54 -> 1.2003e-02 8.6994e-01
653(1) 85427641144.92 -> 1.0175e-02 9.9657e-01
654(1) 72434470671.05 -> 1.2598e-02 8.3160e-01
655(1) 68450913400.31 -> 1.0783e-02 9.1797e-01
656(1) 66567528030.81 -> 9.2459e-03 7.3732e-01
657(1) 131718942199.81 -> 1.3950e-02 9.6572e-01
658(1) 30622624891.43 -> 7.5295e-03 7.1456e-01
659(1) 43253757514.91 -> 1.4011e-02 9.9993e-01
660(1) 143514018771.04 -> 1.4323e-02 9.9860e-01
661(1) 125536029333.32 -> 1.4926e-02 7.9106e-01
662(1) 41691952154.70 -> 7.7741e-03 6.2116e-01
663(1) 94051182238.23 -> 5.6175e-03 6.1478e-01
664(1) 45364531347.61 -> 1.3859e-02 9.9768e-01
665(1) 52018949596.64 -> 2.1054e-02 8.9556e-01
666(1) 79296731739.94 -> 1.4007e-02 9.9976e-01
667(1) 172824019269.02 -> 2.0963e-02 8.1063e-01
668(1) 21458213184.85 -> 7.2956e-03 7.1891e-01
669(1) 58040878217.58 -> 1.6070e-02 9.9998e-01
670(1) 127376005045.29 -> 1.2946e-02 9.9740e-01
671(1) 54653597202.60 -> 1.5348e-02 8.3824e-01
672(1) 117137697721.60 -> 1.2228e-02 6.9317e-01
673(1) 22977997756.08 -> 1.1805e-02 9.7951e-01
674(1) 142022716160.39 -> 1.0543e-02 8.9921e-01
675(1) 111550976734.72 -> 1.4208e-02 9.9756e-01
676(1) 92497551258.41 -> 8.0390e-03 8.4625e-01
677(1) 51283550672.38 -> 1.9005e-02 9.4117e-01
678(1) 100472481620.62 -> 6.6114e-03 4.9567e-01
679(1) 32120981334.97 -> 8.4088e-03 7.8015e-01
680(1) 105383997159.69 -> 1.0578e-02 8.0663e-01
681(1) 114473077147.17 -> 6.8822e-03 8.6157e-01
682(1) 77603530062.25 -> 5.4417e-03 7.5078e-01
683(1) 121666108066.24 -> 1.4355e-02 9.5470e-01
684(1) 126306377107.26 -> 2.7448e-02 1.0000e+00
685(1) 70441558739.65 -> 2.2587e-02 9.9999e-01
686(1) 35214369510.84 -> 9.9652e-03 8.4986e-01
687(1) 125065532756.86 -> 6.7389e-03 7.3290e-01
688(1) 107122881834.94 -> 1.0577e-02 9.9984e-01
689(1) 148904206841.32 -> 8.8432e-03 8.2773e-01
690(1) 91133496972.00 -> 7.1231e-03 7.7551e-01
691(1) 52558592321.13 -> 9.4900e-03 7.3422e-01
692(1) 107726028485.21 -> 1.3770e-02 9.9481e-01
693(1) 45462053262.60 -> 6.9521e-03 7.0368e-01
694(1) 73159496992.15 -> 1.4016e-02 9.9952e-01
695(1) 54970035503.99 -> 9.3299e-03 7.8053e-01
696(1) 111924404014.52 -> 1.2888e-02 6.2365e-01
697(1) 130706213254.72 -> 1.1698e-02 9.3370e-01
698(1) 107348588241.24 -> 6.0892e-03 4.9641e-01
699(1) 114113969884.62 -> 1.2897e-02 8.6073e-01
700(1) 46878892254.84 -> 6.1324e-03 6.3437e-01
701(1) 86650263066.10 -> 1.4639e-02 9.9417e-01
702(1) 150323119774.21 -> 5.7895e-03 6.2556e-01
703(1) 157334918345.77 -> 2.0299e-02 9.7507e-01
704(1) 94157992879.99 -> 4.8362e-03 4.6546e-01
705(1) 77134752009.71 -> 1.0216e-02 8.2022e-01
706(1) 66580179056.87 -> 9.1656e-03 7.5713e-01
707(1) 81872867323.62 -> 1.5584e-02 7.6066e-01
708(1) 62900100695.81 -> 7.3290e-03 6.9427e-01
709(1) 111709094370.87 -> 7.9741e-03 7.0322e-01
710(1) 55858831382.66 -> 1.0740e-02 8.3360e-01
711(1) 82610705641.69 -> 1.6157e-02 9.9923e-01
712(1) 153726216184.90 -> 8.4276e-03 6.5514e-01
713(1) 82070567048.71 -> 8.9428e-03 6.8882e-01
714(1) 81991709623.87 -> 7.7315e-03 7.1183e-01
715(1) 61126153589.37 -> 7.6652e-03 6.7102e-01
716(1) 83560013473.59 -> 6.4953e-03 5.7800e-01
717(1) 83830685619.88 -> 2.0237e-02 8.0045e-01
718(1) 50342342441.20 -> 5.9094e-03 6.7809e-01
719(1) 95014835099.46 -> 1.2732e-02 8.7514e-01
720(1) 30775482750.70 -> 7.1952e-03 6.5902e-01
721(1) 136304792929.80 -> 1.3525e-02 9.9919e-01
722(1) 79262890651.39 -> 6.3969e-03 6.2913e-01
723(1) 82555239967.20 -> 1.1103e-02 7.9537e-01
724(1) 67345059924.07 -> 8.6393e-03 7.0846e-01
725(1) 101908857460.90 -> 1.3270e-02 9.8371e-01
726(1) 40133310805.35 -> 1.1964e-02 9.0750e-01
727(1) 121411296085.13 -> 5.2588e-03 5.6336e-01
728(1) 86961684688.41 -> 9.2925e-03 6.5580e-01
729(1) 83118354450.18 -> 8.7925e-03 7.5466e-01
730(1) 92073576344.37 -> 1.4855e-02 9.9959e-01
731(1) 143238940711.37 -> 1.3755e-02 8.0829e-01
732(1) 106297981696.47 -> 1.2374e-02 9.9899e-01
733(1) 85916337258.97 -> 6.7308e-03 5.9765e-01
734(1) 81257722883.20 -> 7.7821e-03 6.7360e-01
735(1) 85701037805.73 -> 6.4721e-03 5.0725e-01
736(1) 60093391078.66 -> 1.5666e-02 7.6083e-01
737(1) 165874431620.66 -> 7.7301e-03 4.6181e-01
738(1) 83844701065.43 -> 1.4993e-02 5.6939e-01
739(1) 69713449675.41 -> 1.1879e-02 8.3602e-01
740(1) 57378924811.82 -> 3.8305e-02 9.9995e-01
741(1) 75569368581.75 -> 4.9728e-03 5.1628e-01
742(1) 100751850366.95 -> 1.1608e-02 7.7897e-01
743(1) 24568327330.40 -> 9.6656e-03 8.4139e-01
744(1) 84614554673.11 -> 1.1867e-02 7.0614e-01
745(1) 49870301984.01 -> 5.6288e-03 5.8631e-01
746(1) 94391985397.76 -> 7.2092e-03 6.4935e-01
747(1) 104666982172.17 -> 1.2394e-02 8.7583e-01
748(1) 93006810066.03 -> 1.7684e-02 9.2323e-01
749(1) 150851496803.92 -> 9.7621e-03 9.9524e-01
750(1) 59950991215.67 -> 1.2356e-02 8.8483e-01
751(1) 153144896936.28 -> 4.3500e-03 5.4687e-01
752(1) 98653032017.13 -> 1.1893e-02 8.9767e-01
753(1) 49796666395.74 -> 1.0491e-02 8.7979e-01
754(1) 43042197457.90 -> 1.1904e-02 9.9879e-01
755(1) 91478180655.97 -> 3.9468e-03 4.3571e-01
756(1) 79106709914.08 -> 2.5164e-02 1.0000e+00
757(1) 81361299273.79 -> 1.0279e-02 9.9838e-01
758(1) 80093552689.55 -> 7.2610e-03 6.7847e-01
759(1) 51262873664.34 -> 8.1804e-03 7.1601e-01
760(1) 48516885552.43 -> 1.5269e-02 9.9974e-01
761(1) 33191345807.56 -> 2.6901e-02 1.0000e+00
762(1) 110043179431.93 -> 5.4994e-03 5.5479e-01
763(1) 75692577858.79 -> 1.1981e-02 7.1590e-01
764(1) 79570615621.84 -> 7.9202e-03 5.9981e-01
765(1) 84708953483.88 -> 7.7703e-03 7.7438e-01
766(1) 80215477095.19 -> 7.9357e-03 8.0288e-01
767(1) 83930971147.86 -> 1.4177e-02 1.0000e+00
768(1) 49507698247.91 -> 6.7779e-03 7.4345e-01
769(1) 163447557922.12 -> 5.9367e-03 7.0738e-01
770(1) 83326597693.87 -> 1.5787e-02 9.8521e-01
771(1) 88552416048.35 -> 6.3346e-03 6.0999e-01
772(1) 46386709349.63 -> 5.0684e-03 5.3142e-01
773(1) 64270073843.89 -> 6.3939e-03 7.0598e-01
774(1) 26133075460.26 -> 2.3172e-02 9.9993e-01
775(1) 79753049594.90 -> 1.5602e-02 9.9991e-01
776(1) 148361450052.86 -> 6.6915e-03 4.9984e-01
777(1) 57651931973.39 -> 5.7184e-03 7.0509e-01
778(1) 82795929995.24 -> 5.1391e-03 5.2471e-01
779(1) 66212155178.87 -> 1.3114e-02 9.9979e-01
780(1) 74293233199.69 -> 1.9137e-02 9.7466e-01
781(1) 75524775280.03 -> 1.0303e-02 7.1867e-01
782(1) 78340327713.41 -> 1.2778e-02 8.6572e-01
783(1) 82623588458.46 -> 7.3767e-03 8.2716e-01
784(1) 47068425937.87 -> 8.0713e-03 7.4194e-01
785(1) 30855065111.56 -> 1.0681e-02 8.1427e-01
786(1) 21801381531.66 -> 9.7126e-03 7.7522e-01
787(1) 57715670953.41 -> 1.1878e-02 9.9974e-01
788(1) 56417170661.53 -> 8.7715e-03 7.6913e-01
789(1) 102115997604.46 -> 1.0831e-02 5.4761e-01
790(1) 108921083117.89 -> 1.1469e-02 8.7607e-01
791(1) 75658736806.13 -> 1.4544e-02 9.8987e-01
792(1) 130496097187.80 -> 1.7869e-02 8.2196e-01
793(1) 144944444296.45 -> 1.5559e-02 9.9712e-01
794(1) 38237550500.89 -> 1.5969e-02 9.9986e-01
795(1) 98630973644.01 -> 1.6344e-02 8.2729e-01
796(1) 74606370272.13 -> 7.9939e-03 6.5046e-01
797(1) 42237181371.61 -> 8.7040e-03 8.7360e-01
798(1) 25129172472.63 -> 1.0273e-02 8.4574e-01
799(1) 102956204556.39 -> 7.5790e-03 6.4126e-01
800(1) 52988649043.81 -> 2.4303e-02 9.9973e-01
801(1) 55705184890.35 -> 1.1932e-02 8.7166e-01
802(1) 109188609873.78 -> 1.0620e-02 7.2459e-01
803(1) 64043718809.62 -> 2.2594e-02 9.9999e-01
804(1) 93084983946.74 -> 9.1639e-03 7.3799e-01
805(1) 110905722696.71 -> 1.1182e-02 8.3642e-01
806(1) 85962544698.31 -> 7.1102e-03 7.9279e-01
807(1) 53024025457.79 -> 7.3688e-03 7.1740e-01
808(1) 42593126831.96 -> 9.0151e-03 7.3511e-01
809(1) 86453215052.51 -> 3.0099e-03 5.7117e-01
810(1) 18990968027.43 -> 7.9760e-03 7.4307e-01
811(1) 127212464436.79 -> 9.0111e-03 7.7932e-01
812(1) 94908232500.45 -> 1.4493e-02 9.9939e-01
813(1) 111008367362.62 -> 2.0631e-03 3.8119e-01
814(1) 66805897668.09 -> 1.0366e-02 8.4142e-01
815(1) 146712311290.58 -> 1.0970e-02 9.5470e-01
816(1) 43764798317.43 -> 6.8870e-03 7.6733e-01
817(1) 98838961913.62 -> 1.5619e-02 1.0000e+00
818(1) 61716126325.57 -> 9.4326e-03 7.8954e-01
819(1) 131743735242.16 -> 7.7725e-03 4.8053e-01
820(1) 141272129667.13 -> 1.3017e-02 9.5120e-01
821(1) 100968693546.51 -> 1.2221e-02 7.1019e-01
822(1) 92276628128.61 -> 3.0148e-02 9.8052e-01
823(1) 77225756201.95 -> 8.1825e-03 7.4522e-01
824(1) 17450404723.62 -> 9.4853e-03 7.9437e-01
825(1) 70171561667.92 -> 8.1170e-03 8.8784e-01
826(1) 58148489105.48 -> 6.9818e-03 6.8311e-01
827(1) 37778825127.12 -> 1.0722e-02 8.3046e-01
828(1) 150618498502.92 -> 8.9659e-03 7.4701e-01
829(1) 60509702673.09 -> 5.9680e-03 5.9733e-01
830(1) 67798230648.27 -> 2.2046e-02 1.0000e+00
831(1) 74351871959.89 -> 8.0391e-03 7.3955e-01
832(1) 133882861793.54 -> 8.0126e-03 6.2662e-01
833(1) 79878762272.01 -> 7.1442e-03 6.7253e-01
834(1) 66585476882.25 -> 1.2612e-02 8.4069e-01
835(1) 49863589702.19 -> 8.8650e-03 8.3780e-01
836(1) 154331757290.72 -> 1.3467e-02 9.9956e-01
837(1) 99380599505.36 -> 3.6078e-03 5.0676e-01
838(1) 23603718053.00 -> 7.8609e-03 6.9337e-01
839(1) 81273861918.69 -> 8.2107e-03 9.6403e-01
840(1) 53352986585.59 -> 5.8711e-03 5.8653e-01
841(1) 63668263168.46 -> 1.2426e-02 9.9984e-01
842(1) 258383041696.86 -> 5.2335e-03 5.9309e-01
843(1) 43684808253.41 -> 6.6723e-03 4.4532e-01
844(1) 44777246355.12 -> 5.3291e-03 6.4426e-01
845(1) 181147445523.07 -> 1.1902e-02 8.1515e-01
846(1) 83367848808.61 -> 1.8319e-02 9.4265e-01
847(1) 157689013640.77 -> 1.0873e-02 8.9177e-01
848(1) 119144538448.76 -> 6.9607e-03 6.4921e-01
849(1) 49137648213.88 -> 6.8567e-03 6.5347e-01
850(1) 69623135219.31 -> 2.4206e-02 9.9870e-01
851(1) 43812146110.11 -> 5.9475e-03 6.0303e-01
852(1) 80865852263.51 -> 1.5386e-02 9.0365e-01
853(1) 26278034949.71 -> 1.1912e-02 9.1054e-01
854(1) 116403117318.04 -> 1.2067e-02 6.4909e-01
855(1) 124423986271.59 -> 1.3557e-02 9.9954e-01
856(1) 88697806806.61 -> 1.5440e-02 9.9990e-01
857(1) 57437928161.59 -> 1.5110e-02 5.3102e-01
858(1) 87537268709.88 -> 9.9728e-03 8.5147e-01
859(1) 117693851004.54 -> 1.2867e-02 9.0077e-01
860(1) 77666010438.81 -> 6.3799e-03 6.2967e-01
861(1) 69487893277.19 -> 1.2381e-02 7.1727e-01
862(1) 61027019724.28 -> 1.4442e-02 9.9989e-01
863(1) 17737336983.68 -> 6.6962e-03 6.4906e-01
864(1) 76281772768.83 -> 4.6168e-03 6.1232e-01
865(1) 141794360360.12 -> 8.4246e-03 5.2258e-01
866(1) 69875404681.02 -> 2.9333e-02 9.3754e-01
867(1) 111997011117.40 -> 8.7228e-03 8.6889e-01
868(1) 91885200595.63 -> 5.5433e-03 4.5750e-01
869(1) 127175815056.08 -> 1.5849e-02 7.3238e-01
870(1) 144504296296.70 -> 7.8428e-03 7.2769e-01
871(1) 60230645355.45 -> 9.8573e-03 8.0714e-01
872(1) 109027607778.46 -> 2.0319e-02 9.5815e-01
873(1) 82719189476.08 -> 1.6770e-02 1.0000e+00
874(1) 197431459087.05 -> 1.2811e-02 8.6026e-01
875(1) 43607765060.17 -> 9.5825e-03 7.9194e-01
876(1) 96977085229.33 -> 1.5998e-02 9.9130e-01
877(1) 67879999120.91 -> 1.5124e-02 9.9871e-01
878(1) 100896584526.24 -> 7.2862e-03 6.7670e-01
879(1) 34833230767.34 -> 1.3201e-02 9.9923e-01
880(1) 52848203835.08 -> 9.5769e-03 9.9165e-01
881(1) 76942206694.42 -> 8.8504e-03 7.1500e-01
882(1) 69361162363.49 -> 1.3818e-02 9.8949e-01
883(1) 51928886313.66 -> 1.0292e-02 9.9993e-01
884(1) 109847244102.30 -> 1.4771e-02 9.3036e-01
885(1) 32408396783.22 -> 1.6336e-02 7.6444e-01
886(1) 145993367863.49 -> 7.3178e-03 5.7518e-01
887(1) 67015433568.22 -> 4.3541e-03 5.9818e-01
888(1) 190761281878.58 -> 5.8767e-03 6.1568e-01
889(1) 60672690163.96 -> 9.0366e-03 7.7605e-01
890(1) 51962701196.18 -> 8.5501e-03 6.4020e-01
891(1) 42865102875.81 -> 9.7082e-03 8.2179e-01
892(1) 67760895405.05 -> 1.0227e-02 8.4280e-01
893(1) 81531713011.42 -> 5.6132e-03 5.1534e-01
894(1) 61288393950.62 -> 1.0182e-02 6.1911e-01
895(1) 120297394237.88 -> 6.6748e-03 7.2240e-01
896(1) 73946112295.78 -> 3.9095e-03 4.6139e-01
897(1) 75984916152.30 -> 4.3484e-03 4.6786e-01
898(1) 75024400131.64 -> 6.6435e-03 5.8216e-01
899(1) 101176201681.18 -> 1.1780e-02 8.2812e-01
900(1) 96906665485.38 -> 6.4819e-03 7.7546e-01
901(1) 165041631619.73 -> 5.8779e-03 5.6005e-01
902(1) 63063172470.39 -> 7.4267e-03 6.2504e-01
903(1) 61660705887.86 -> 5.2308e-03 5.4420e-01
904(1) 113309361457.66 -> 1.5978e-02 9.2696e-01
905(1) 107200415573.89 -> 2.1110e-02 9.2545e-01
906(1) 111100531098.38 -> 6.6004e-03 5.9463e-01
907(1) 104695334523.49 -> 9.6826e-03 8.7065e-01
908(1) 133835039328.65 -> 1.4726e-02 9.9907e-01
909(1) 47104021813.84 -> 8.5385e-03 7.3856e-01
910(1) 63643830802.11 -> 1.2293e-02 8.5551e-01
911(1) 78946677144.53 -> 1.2844e-02 8.9350e-01
912(1) 147802607691.35 -> 7.3290e-03 6.7605e-01
913(1) 50648015566.86 -> 2.2560e-02 9.9997e-01
914(1) 87742131471.60 -> 1.2890e-02 9.3280e-01
915(1) 84107194841.23 -> 4.6396e-03 5.3558e-01
916(1) 73718600986.72 -> 1.4152e-02 9.9542e-01
917(1) 113985605704.46 -> 1.7893e-02 8.1359e-01
918(1) 56941369681.42 -> 1.4135e-02 1.0000e+00
919(1) 112750625746.22 -> 5.9098e-03 7.3163e-01
920(1) 178118554500.35 -> 7.8619e-03 7.4781e-01
921(1) 82321275609.00 -> 1.0340e-02 9.9079e-01
922(1) 75013936101.17 -> 8.4364e-03 8.2311e-01
923(1) 105525964555.66 -> 9.6439e-03 7.6102e-01
924(1) 55604419457.65 -> 8.2957e-03 7.1218e-01
925(1) 152464227496.44 -> 1.8361e-02 9.9919e-01
926(1) 62093589667.95 -> 1.4315e-02 9.9999e-01
927(1) 52928985565.25 -> 1.1922e-02 8.9588e-01
928(1) 42080675736.16 -> 1.2159e-02 8.3559e-01
929(1) 162397901432.31 -> 1.0602e-02 6.8321e-01
930(1) 77544152773.67 -> 9.1851e-03 7.9813e-01
931(1) 44710437440.76 -> 6.3960e-03 5.2499e-01
932(1) 109790509413.94 -> 1.4817e-02 9.3648e-01
933(1) 85773332643.52 -> 6.7407e-03 6.2162e-01
934(1) 102789702422.61 -> 6.1625e-03 5.7848e-01
935(1) 83752560658.62 -> 6.0525e-03 6.0349e-01
936(1) 90924826131.04 -> 1.5952e-02 9.9998e-01
937(1) 74592468619.39 -> 6.1154e-03 5.4708e-01
938(1) 87749135930.93 -> 1.2184e-02 9.9782e-01
939(1) 84009409748.87 -> 3.0620e-03 4.8634e-01
940(1) 25056943774.21 -> 7.7525e-03 6.5296e-01
941(1) 84994803730.14 -> 9.6517e-03 8.0397e-01
942(1) 75103193260.13 -> 1.2924e-02 9.6111e-01
943(1) 76551734887.06 -> 1.4926e-02 9.9952e-01
944(1) 43340686700.27 -> 8.1503e-03 7.1788e-01
945(1) 84014795299.34 -> 1.1103e-02 7.8659e-01
946(1) 95531624874.18 -> 8.9567e-03 6.3744e-01
947(1) 71832141997.27 -> 1.3951e-02 9.9943e-01
948(1) 111646902150.35 -> 4.5535e-03 5.1865e-01
949(1) 126354967019.41 -> 1.2380e-02 9.9465e-01
950(1) 61084289377.99 -> 4.2244e-03 6.1157e-01
951(1) 69458396823.88 -> 4.3090e-03 4.7838e-01
952(1) 59827913746.75 -> 1.4630e-02 9.0280e-01
953(1) 98589671288.98 -> 1.6426e-02 8.2910e-01
954(1) 64617937035.25 -> 6.1212e-03 5.9245e-01
955(1) 81221473497.71 -> 1.1780e-02 6.8248e-01
956(1) 70052353630.59 -> 1.0865e-02 9.9459e-01
957(1) 82223445678.81 -> 5.0005e-03 5.4206e-01
958(1) 98523606541.88 -> 9.3513e-03 7.3492e-01
959(1) 120594951966.84 -> 1.2028e-02 8.0779e-01
960(1) 32545453840.86 -> 1.3006e-02 9.0373e-01
961(1) 110358373610.90 -> 1.0191e-02 5.3107e-01
962(1) 129354854474.13 -> 3.3628e-03 4.0704e-01
963(1) 47858294987.62 -> 1.4967e-02 9.9987e-01
964(1) 78276356262.76 -> 9.9046e-03 8.5110e-01
965(1) 100395529633.85 -> 7.2465e-03 6.3264e-01
966(1) 151782703300.12 -> 1.2291e-02 9.8265e-01
967(1) 47332071841.67 -> 2.1055e-02 8.4828e-01
968(1) 142053018954.33 -> 6.0408e-03 5.9110e-01
969(1) 64052457497.95 -> 5.7816e-03 5.7397e-01
970(1) 146757469721.30 -> 1.5797e-02 1.0000e+00
971(1) 120871838997.60 -> 1.4717e-02 9.9799e-01
972(1) 134033049405.14 -> 4.7869e-03 5.3856e-01
973(1) 76448421424.49 -> 5.8690e-03 6.0055e-01
974(1) 69898654494.94 -> 1.2811e-02 8.4494e-01
975(1) 75021359263.02 -> 1.6164e-02 9.7933e-01
976(1) 48091254682.86 -> 8.9487e-03 7.6504e-01
977(1) 95195400336.85 -> 1.1855e-02 9.7090e-01
978(1) 120117390331.33 -> 5.4238e-03 5.3186e-01
979(1) 122356584716.19 -> 7.9707e-03 6.9770e-01
980(1) 52762914418.26 -> 1.1189e-02 8.2613e-01
981(1) 72145391362.07 -> 1.4800e-02 9.9930e-01
982(1) 89930258485.05 -> 1.2943e-02 9.8463e-01
983(1) 68145912341.72 -> 1.4426e-02 9.9997e-01
984(1) 82026962271.13 -> 1.2037e-02 9.9783e-01
985(1) 95162246937.62 -> 8.8391e-03 7.7457e-01
986(1) 104926102826.72 -> 7.1263e-03 5.3909e-01
987(1) 33382784268.56 -> 1.3802e-02 9.9980e-01
988(1) 96509775214.47 -> 2.5683e-03 4.5927e-01
989(1) 73486900183.18 -> 6.5224e-03 7.6937e-01
990(1) 70964767038.24 -> 1.1045e-02 8.3860e-01
991(1) 62093577354.19 -> 1.2923e-02 9.9881e-01
992(1) 83666779786.97 -> 8.2039e-03 7.3938e-01
993(1) 122557937698.61 -> 8.8638e-03 6.6800e-01
994(1) 58857147925.68 -> 4.7410e-03 5.5396e-01
995(1) 74703901437.44 -> 2.7826e-03 4.5936e-01
996(1) 30502794420.56 -> 1.3931e-02 9.9938e-01
997(1) 195854926964.33 -> 4.1536e-03 5.6836e-01
998(1) 102686018776.05 -> 1.1375e-02 7.4332e-01
999(1) 55265378458.82 -> 1.4232e-02 9.9964e-01
1000(1) 125629600427.25 -> 9.3951e-03 6.6913e-01
