1(1) 83267126395.382 -> 1.474e-02 7.232e-01
2(1) 20789631202.791 -> 1.566e-02 8.515e-01
3(1) 19792412611.239 -> 1.600e-02 7.435e-01
4(1) 18109827716.462 -> 2.226e-02 8.830e-01
5(1) 51350616250.577 -> 2.359e-02 9.903e-01
6(1) 115455409429.210 -> 1.628e-02 7.435e-01
7(1) 62970427063.648 -> 5.042e-03 3.789e-01
8(1) 18826133844.056 -> 8.240e-03 6.092e-01
9(1) 49946410394.680 -> 1.050e-02 7.476e-01
10(1) 28572895008.507 -> 1.235e-02 7.172e-01
11(1) 78416176607.755 -> 2.160e-02 1.000e+00
12(1) 20783271236.162 -> 1.985e-02 9.993e-01
13(1) 48208262451.709 -> 1.329e-02 7.822e-01
14(1) 22193576733.819 -> 1.649e-02 7.454e-01
15(1) 36726528778.573 -> 1.505e-02 7.664e-01
16(1) 18924080747.544 -> 1.199e-02 6.792e-01
17(1) 44763652202.555 -> 5.298e-02 9.997e-01
18(1) 14610030590.870 -> 1.114e-02 6.228e-01
19(1) 53606184228.378 -> 7.452e-03 4.995e-01
20(1) 51356714968.306 -> 8.516e-03 5.207e-01
21(1) 46799011084.627 -> 1.083e-02 6.912e-01
22(1) 55275891782.717 -> 1.200e-02 6.284e-01
23(1) 54231600990.347 -> 4.319e-03 3.730e-01
24(1) 17223790072.533 -> 9.535e-03 7.485e-01
25(1) 33426546210.677 -> 1.368e-02 7.255e-01
26(1) 71865807827.976 -> 1.143e-02 6.976e-01
27(1) 46896278274.504 -> 1.386e-02 7.741e-01
28(1) 46377672288.269 -> 1.834e-02 8.142e-01
29(1) 83681750987.518 -> 1.312e-02 6.781e-01
30(1) 74587793282.901 -> 9.897e-03 5.613e-01
31(1) 66716470363.253 -> 1.187e-02 6.708e-01
32(1) 33324423523.397 -> 1.056e-02 6.410e-01
33(1) 43099922080.441 -> 3.430e-02 1.000e+00
34(1) 66500290791.506 -> 6.905e-03 5.149e-01
35(1) 68559555304.920 -> 1.915e-02 9.975e-01
36(1) 21756552947.564 -> 1.792e-02 9.706e-01
37(1) 30371699684.360 -> 2.222e-02 8.078e-01
38(1) 56118265417.303 -> 1.927e-02 8.943e-01
39(1) 25576963668.302 -> 3.245e-02 1.000e+00
40(1) 46128644157.639 -> 9.534e-03 5.349e-01
41(1) 27094909778.423 -> 2.419e-02 9.999e-01
42(1) 22824293090.147 -> 1.891e-02 9.998e-01
43(1) 26645530655.469 -> 1.402e-02 7.462e-01
44(1) 31533872903.068 -> 1.829e-02 8.627e-01
45(1) 44043099732.578 -> 1.309e-02 7.689e-01
46(1) 51790277470.400 -> 1.523e-02 7.776e-01
47(1) 35838119103.259 -> 1.424e-02 7.997e-01
48(1) 28414747986.429 -> 1.559e-02 8.032e-01
49(1) 48562228261.357 -> 8.205e-03 5.015e-01
50(1) 78588891649.862 -> 1.532e-02 8.184e-01
51(1) 80625725628.785 -> 5.653e-03 4.789e-01
52(1) 72116934277.761 -> 9.198e-03 5.281e-01
53(1) 102067820548.230 -> 1.153e-02 6.631e-01
54(1) 34167793783.554 -> 1.108e-02 7.402e-01
55(1) 51287618691.529 -> 1.832e-02 8.016e-01
56(1) 28957012616.744 -> 9.872e-03 6.042e-01
57(1) 18439530814.134 -> 1.168e-02 7.135e-01
58(1) 19815907381.698 -> 1.697e-02 7.815e-01
59(1) 84045144527.693 -> 2.127e-02 9.994e-01
60(1) 30297058120.517 -> 1.146e-02 6.778e-01
61(1) 22585727258.393 -> 7.278e-03 4.247e-01
62(1) 41289386806.011 -> 1.641e-02 9.114e-01
63(1) 89802465018.961 -> 1.398e-02 7.302e-01
64(1) 42773468344.104 -> 8.251e-03 5.229e-01
65(1) 34743205810.850 -> 1.027e-02 6.831e-01
66(1) 59894274571.549 -> 1.988e-02 7.338e-01
67(1) 32946336223.106 -> 1.347e-02 8.052e-01
68(1) 24487149240.077 -> 1.851e-02 7.347e-01
69(1) 112366473056.727 -> 1.135e-02 6.446e-01
70(1) 55807134022.417 -> 1.069e-02 6.735e-01
71(1) 53339762759.735 -> 2.164e-02 8.426e-01
72(1) 39644668016.096 -> 1.743e-02 9.278e-01
73(1) 36440617674.983 -> 1.859e-02 8.873e-01
74(1) 19343650783.082 -> 1.663e-02 8.503e-01
75(1) 34011347676.532 -> 1.691e-02 8.262e-01
76(1) 108711178042.003 -> 9.105e-03 5.465e-01
77(1) 41462591444.042 -> 1.255e-02 5.439e-01
78(1) 52115234624.792 -> 1.779e-02 8.931e-01
79(1) 41795333187.485 -> 2.446e-02 9.477e-01
80(1) 53275416144.635 -> 1.007e-02 6.058e-01
81(1) 63825729247.881 -> 1.157e-02 6.359e-01
82(1) 25788021612.164 -> 1.162e-02 7.082e-01
83(1) 58182779357.349 -> 7.447e-03 4.418e-01
84(1) 81277181064.576 -> 1.171e-02 6.560e-01
85(1) 83919736354.393 -> 2.139e-02 9.301e-01
86(1) 23164038553.568 -> 2.284e-02 1.000e+00
87(1) 21282249799.676 -> 2.245e-02 6.897e-01
88(1) 56588653425.862 -> 1.480e-02 9.985e-01
89(1) 71346324456.095 -> 7.169e-03 5.831e-01
90(1) 91037543576.926 -> 9.863e-03 6.861e-01
91(1) 40633493111.049 -> 1.628e-02 7.698e-01
92(1) 26658375449.562 -> 1.972e-02 9.998e-01
93(1) 46264232188.522 -> 2.555e-02 1.000e+00
94(1) 16811816062.177 -> 1.020e-02 6.152e-01
95(1) 23818491034.379 -> 1.672e-02 7.860e-01
96(1) 34641376268.582 -> 1.160e-02 7.389e-01
97(1) 51458592220.462 -> 1.922e-02 9.979e-01
98(1) 24907843937.190 -> 2.068e-02 9.995e-01
99(1) 64270891864.870 -> 1.510e-02 7.860e-01
100(1) 26299356241.138 -> 1.075e-02 6.975e-01
101(1) 45506850623.297 -> 1.844e-02 8.347e-01
102(1) 33611709779.530 -> 1.251e-02 7.370e-01
103(1) 9072415936.375 -> 1.419e-02 8.273e-01
104(1) 31344710306.933 -> 8.175e-03 5.792e-01
105(1) 49179617292.745 -> 1.906e-02 9.590e-01
106(1) 127974367764.725 -> 1.025e-02 6.131e-01
107(1) 53681295166.326 -> 1.800e-02 8.439e-01
108(1) 50555951108.276 -> 1.273e-02 6.978e-01
109(1) 89825401535.851 -> 1.969e-02 9.946e-01
110(1) 84078621139.639 -> 9.729e-03 6.303e-01
111(1) 83732140632.599 -> 1.885e-02 8.704e-01
112(1) 43604885373.942 -> 1.973e-02 9.995e-01
113(1) 45112833748.077 -> 1.695e-02 8.259e-01
114(1) 47272424021.447 -> 1.430e-02 8.044e-01
115(1) 118030591634.700 -> 1.616e-02 5.574e-01
116(1) 50429535694.341 -> 9.321e-03 6.475e-01
117(1) 24320696143.482 -> 6.829e-03 5.218e-01
118(1) 80842418765.644 -> 3.788e-02 9.995e-01
119(1) 44585964933.980 -> 1.465e-02 6.932e-01
120(1) 102215107593.428 -> 1.974e-02 9.984e-01
121(1) 20270047090.315 -> 1.918e-02 9.999e-01
122(1) 58560041547.393 -> 1.434e-02 6.988e-01
123(1) 46953608151.531 -> 1.474e-02 7.632e-01
124(1) 78360443816.349 -> 1.850e-02 9.413e-01
125(1) 28322884044.317 -> 1.155e-02 5.789e-01
126(1) 27824686150.645 -> 2.060e-02 9.495e-01
127(1) 21243083101.765 -> 2.041e-02 9.998e-01
128(1) 74475791471.225 -> 1.301e-02 7.488e-01
129(1) 32346142084.884 -> 2.769e-02 9.917e-01
130(1) 23025574056.459 -> 9.741e-03 5.691e-01
131(1) 37950502778.094 -> 3.074e-02 8.773e-01
132(1) 32837467784.094 -> 2.307e-02 9.993e-01
133(1) 55021436333.506 -> 1.537e-02 6.251e-01
134(1) 63172444486.460 -> 2.284e-02 9.992e-01
135(1) 20589968176.816 -> 1.631e-02 8.424e-01
136(1) 35420385753.614 -> 1.958e-02 8.780e-01
137(1) 48218341533.924 -> 1.090e-02 5.481e-01
138(1) 77122961593.347 -> 1.116e-02 6.421e-01
139(1) 99860329561.486 -> 1.607e-02 6.673e-01
140(1) 86691914596.213 -> 1.296e-02 7.732e-01
141(1) 67689527790.151 -> 1.419e-02 7.097e-01
142(1) 71709645985.530 -> 1.292e-02 6.115e-01
143(1) 38207346395.469 -> 4.247e-02 1.000e+00
144(1) 19273002283.939 -> 1.064e-02 6.664e-01
145(1) 27245433204.061 -> 1.669e-02 8.532e-01
146(1) 40282009529.394 -> 1.911e-02 7.191e-01
147(1) 26678277839.849 -> 1.428e-02 7.958e-01
148(1) 82929443876.278 -> 5.335e-03 3.959e-01
149(1) 32840051440.878 -> 1.467e-02 7.364e-01
150(1) 23207914731.305 -> 1.011e-02 5.859e-01
151(1) 14732792409.955 -> 1.568e-02 7.801e-01
152(1) 24857182741.046 -> 1.971e-02 8.284e-01
153(1) 24235712430.104 -> 2.457e-02 9.872e-01
154(1) 23333486475.775 -> 1.028e-02 6.103e-01
155(1) 19085456612.114 -> 1.363e-02 7.928e-01
156(1) 16364410603.626 -> 1.244e-02 7.651e-01
157(1) 25531276855.569 -> 1.453e-02 8.510e-01
158(1) 41007251073.966 -> 1.281e-02 7.118e-01
159(1) 56428800808.114 -> 1.015e-02 6.782e-01
160(1) 33262876730.885 -> 8.504e-03 6.425e-01
161(1) 100076716992.520 -> 2.032e-02 9.196e-01
162(1) 36523066801.292 -> 5.095e-02 9.991e-01
163(1) 81896982789.830 -> 1.369e-02 8.168e-01
164(1) 113681804790.237 -> 9.412e-03 5.710e-01
165(1) 32251916510.027 -> 1.112e-02 6.994e-01
166(1) 32020269691.552 -> 1.109e-02 6.734e-01
167(1) 83455869796.423 -> 2.505e-02 9.999e-01
168(1) 48296223701.506 -> 8.479e-03 5.212e-01
169(1) 29564440631.545 -> 1.465e-02 6.668e-01
170(1) 40458660115.052 -> 1.837e-02 8.411e-01
171(1) 42684630436.629 -> 1.382e-02 7.549e-01
172(1) 44803992708.643 -> 2.089e-02 8.855e-01
173(1) 66321166414.499 -> 1.551e-02 8.797e-01
174(1) 17986013181.416 -> 1.518e-02 8.080e-01
175(1) 38391057395.706 -> 2.660e-02 9.233e-01
176(1) 33237604140.453 -> 3.184e-02 9.442e-01
177(1) 55768299640.337 -> 2.224e-02 9.443e-01
178(1) 17010526949.772 -> 1.157e-02 6.787e-01
179(1) 37672397484.764 -> 2.546e-02 8.112e-01
180(1) 69879263651.557 -> 8.888e-03 5.576e-01
181(1) 95710171247.002 -> 1.063e-02 6.477e-01
182(1) 71414115197.223 -> 3.637e-02 8.553e-01
183(1) 48223279151.007 -> 2.742e-02 8.822e-01
184(1) 19981401601.261 -> 9.628e-03 7.115e-01
185(1) 57111871682.348 -> 8.691e-03 5.469e-01
186(1) 33103404462.764 -> 7.228e-03 5.183e-01
187(1) 63649860014.640 -> 3.080e-02 7.309e-01
188(1) 33132769965.696 -> 9.160e-03 5.722e-01
189(1) 17439698318.557 -> 1.515e-02 8.125e-01
190(1) 53041746108.075 -> 2.360e-02 9.998e-01
191(1) 25204751216.798 -> 1.188e-02 6.283e-01
192(1) 17195229927.105 -> 8.644e-03 5.200e-01
193(1) 41073683589.257 -> 2.132e-02 7.341e-01
194(1) 50654398244.215 -> 3.250e-02 1.000e+00
195(1) 31382672810.896 -> 1.486e-02 7.991e-01
196(1) 58548506098.908 -> 1.405e-02 7.173e-01
197(1) 15107230153.245 -> 1.326e-02 7.241e-01
198(1) 29941030483.049 -> 1.419e-02 8.164e-01
199(1) 115135096985.879 -> 1.419e-02 7.144e-01
200(1) 66351162810.274 -> 3.807e-02 9.971e-01
201(1) 93086724187.363 -> 1.080e-02 6.466e-01
202(1) 67696943721.368 -> 1.552e-02 7.471e-01
203(1) 63160572122.975 -> 6.585e-03 5.563e-01
204(1) 61353292933.419 -> 2.045e-02 9.332e-01
205(1) 16190185629.842 -> 1.121e-02 6.242e-01
206(1) 10518279766.251 -> 1.495e-02 7.813e-01
207(1) 87518037153.813 -> 1.087e-02 6.108e-01
208(1) 19495963947.584 -> 1.832e-02 9.299e-01
209(1) 72142180925.149 -> 1.252e-02 6.356e-01
210(1) 113528602525.033 -> 1.296e-02 7.599e-01
211(1) 59219923024.243 -> 5.602e-03 4.510e-01
212(1) 79285619391.039 -> 8.290e-03 5.565e-01
213(1) 72717077566.422 -> 1.470e-02 7.637e-01
214(1) 57019515578.761 -> 1.654e-02 9.305e-01
215(1) 45056280505.522 -> 9.702e-03 6.576e-01
216(1) 54348276224.815 -> 1.535e-02 8.360e-01
217(1) 49905601565.178 -> 1.850e-02 9.942e-01
218(1) 12627394111.439 -> 1.936e-02 9.999e-01
219(1) 33747407305.752 -> 2.955e-02 9.348e-01
220(1) 43900869418.975 -> 1.490e-02 8.374e-01
221(1) 29442867990.013 -> 8.399e-03 6.607e-01
222(1) 36143698077.639 -> 1.409e-02 7.048e-01
223(1) 40017455307.483 -> 4.113e-02 9.999e-01
224(1) 31276732770.576 -> 9.985e-03 7.861e-01
225(1) 79515074167.855 -> 1.028e-02 6.104e-01
226(1) 20135768245.893 -> 1.561e-02 8.193e-01
227(1) 53452006693.547 -> 1.506e-02 7.481e-01
228(1) 93117633231.412 -> 1.497e-02 6.808e-01
229(1) 15760657365.136 -> 9.409e-03 5.917e-01
230(1) 51042004490.355 -> 1.753e-02 8.462e-01
231(1) 52781633719.762 -> 6.045e-03 4.002e-01
232(1) 113848013747.623 -> 1.082e-02 5.432e-01
233(1) 101605019880.557 -> 1.314e-02 8.637e-01
234(1) 86330445343.572 -> 1.048e-02 6.121e-01
235(1) 27151524614.935 -> 1.725e-02 9.100e-01
236(1) 149971028839.636 -> 4.583e-02 1.000e+00
237(1) 20787022072.400 -> 2.005e-02 1.000e+00
238(1) 60953031490.920 -> 1.738e-02 8.295e-01
239(1) 17834118523.225 -> 1.493e-02 7.848e-01
240(1) 97041991429.784 -> 2.277e-02 8.999e-01
241(1) 24850270617.894 -> 2.094e-02 9.998e-01
242(1) 80384377400.968 -> 1.320e-02 7.683e-01
243(1) 21684366161.275 -> 1.694e-02 7.104e-01
244(1) 10912920747.996 -> 1.383e-02 7.204e-01
245(1) 67458455161.592 -> 1.148e-02 7.092e-01
246(1) 30574138221.136 -> 1.165e-02 7.479e-01
247(1) 111265667309.878 -> 1.117e-02 6.547e-01
248(1) 23323575331.321 -> 9.872e-03 6.122e-01
249(1) 29537710136.917 -> 1.091e-02 6.881e-01
250(1) 17753457850.499 -> 1.315e-02 7.467e-01
251(1) 46581744261.898 -> 1.618e-02 7.607e-01
252(1) 21179828835.560 -> 1.811e-02 8.370e-01
253(1) 74235293314.276 -> 1.388e-02 6.056e-01
254(1) 55599250964.121 -> 1.829e-02 7.713e-01
255(1) 68575599594.014 -> 1.201e-02 6.512e-01
256(1) 79610892203.177 -> 1.141e-02 5.719e-01
257(1) 26899786834.841 -> 1.161e-02 7.694e-01
258(1) 50411445615.984 -> 9.353e-03 5.100e-01
259(1) 19840087939.180 -> 1.210e-02 6.689e-01
260(1) 38253297187.394 -> 3.167e-02 1.000e+00
261(1) 47386779183.860 -> 1.131e-02 5.625e-01
262(1) 76737539360.195 -> 8.453e-03 5.542e-01
263(1) 40470641587.020 -> 1.413e-02 6.493e-01
264(1) 20817496987.337 -> 1.788e-02 9.993e-01
265(1) 18094327501.565 -> 1.137e-02 7.188e-01
266(1) 7585854621.621 -> 1.547e-02 8.342e-01
267(1) 10606749580.790 -> 1.930e-02 8.476e-01
268(1) 74774512732.519 -> 4.943e-03 4.084e-01
269(1) 64653580941.891 -> 2.090e-02 9.996e-01
270(1) 48459857425.649 -> 7.602e-03 4.912e-01
271(1) 24059388672.241 -> 2.388e-02 9.999e-01
272(1) 47601058832.139 -> 1.481e-02 7.107e-01
273(1) 27657342549.312 -> 6.601e-03 4.992e-01
274(1) 46372951515.148 -> 4.727e-03 3.853e-01
275(1) 53719188458.262 -> 7.771e-03 5.359e-01
276(1) 66327806676.129 -> 4.332e-02 9.997e-01
277(1) 70831825946.933 -> 3.224e-02 9.999e-01
278(1) 82463237700.846 -> 1.230e-02 6.702e-01
279(1) 61063674732.310 -> 2.971e-02 9.999e-01
280(1) 49729651751.446 -> 3.048e-02 1.000e+00
281(1) 52861735561.432 -> 2.456e-02 9.339e-01
282(1) 58628720457.062 -> 1.602e-02 7.478e-01
283(1) 58061353228.241 -> 1.797e-02 9.992e-01
284(1) 9903092927.441 -> 1.695e-02 9.644e-01
285(1) 62002352543.474 -> 4.056e-02 1.000e+00
286(1) 76616893079.323 -> 9.649e-03 7.432e-01
287(1) 62449725201.809 -> 1.527e-02 8.065e-01
288(1) 47477446655.938 -> 3.479e-02 9.381e-01
289(1) 82807513409.254 -> 5.995e-03 4.261e-01
290(1) 100537101869.254 -> 9.969e-03 6.049e-01
291(1) 25353021062.612 -> 1.267e-02 7.445e-01
292(1) 11816985785.197 -> 1.039e-02 6.213e-01
293(1) 48798957977.863 -> 2.629e-02 9.994e-01
294(1) 162830702531.262 -> 6.804e-03 4.864e-01
295(1) 29839859487.837 -> 1.485e-02 8.445e-01
296(1) 28107402823.519 -> 1.622e-02 8.900e-01
297(1) 47484796540.329 -> 9.263e-03 5.455e-01
298(1) 17594240375.999 -> 1.397e-02 7.780e-01
299(1) 89726171912.008 -> 2.203e-02 8.816e-01
300(1) 107416734880.063 -> 1.399e-02 8.128e-01
301(1) 27481147154.124 -> 1.110e-02 7.962e-01
302(1) 57877868842.852 -> 1.197e-02 7.330e-01
303(1) 48708764666.708 -> 1.029e-02 5.997e-01
304(1) 19064039364.684 -> 1.941e-02 9.355e-01
305(1) 31255288413.147 -> 1.327e-02 7.537e-01
306(1) 102725796594.645 -> 4.565e-03 5.041e-01
307(1) 99918154628.091 -> 2.051e-02 9.986e-01
308(1) 39205754320.719 -> 4.445e-03 3.918e-01
309(1) 26355322925.295 -> 2.537e-02 1.000e+00
310(1) 46179480344.949 -> 7.186e-03 5.010e-01
311(1) 91617464676.009 -> 1.245e-02 5.913e-01
312(1) 23780481922.336 -> 1.487e-02 8.415e-01
313(1) 32540585258.235 -> 1.743e-02 8.997e-01
314(1) 42704636199.035 -> 1.303e-02 7.087e-01
315(1) 23098214355.288 -> 1.404e-02 7.285e-01
316(1) 58649879495.758 -> 1.762e-02 7.895e-01
317(1) 31766535973.088 -> 1.524e-02 6.658e-01
318(1) 30867286300.280 -> 1.859e-02 8.459e-01
319(1) 40319977593.948 -> 8.559e-03 3.533e-01
320(1) 54838699573.336 -> 3.870e-02 1.000e+00
321(1) 64036922898.329 -> 8.651e-03 5.881e-01
322(1) 51344796064.373 -> 1.054e-02 6.812e-01
323(1) 46830134879.300 -> 7.444e-03 6.143e-01
324(1) 51152162273.541 -> 1.170e-02 6.661e-01
325(1) 52731546751.389 -> 2.297e-02 9.425e-01
326(1) 4109804144.000 -> 1.432e-02 7.989e-01
327(1) 20706578518.800 -> 1.002e-02 6.602e-01
328(1) 97089855809.798 -> 3.062e-02 9.758e-01
329(1) 46580270210.810 -> 1.209e-02 5.611e-01
330(1) 45189197777.171 -> 1.794e-02 7.857e-01
331(1) 55453944957.981 -> 1.637e-02 8.805e-01
332(1) 56602814741.743 -> 9.428e-03 6.276e-01
333(1) 12636715139.399 -> 1.247e-02 6.882e-01
334(1) 41079412600.014 -> 2.207e-02 1.000e+00
335(1) 60995627174.189 -> 6.209e-03 5.263e-01
336(1) 67584799063.019 -> 1.529e-02 7.701e-01
337(1) 52447502530.328 -> 8.206e-03 5.137e-01
338(1) 80998546557.116 -> 1.208e-02 7.513e-01
339(1) 61705352087.543 -> 9.440e-03 6.199e-01
340(1) 21808256980.332 -> 1.880e-02 9.168e-01
341(1) 45783861598.950 -> 1.568e-02 8.413e-01
342(1) 34693997259.434 -> 1.826e-02 7.763e-01
343(1) 7769490144.350 -> 9.808e-03 6.149e-01
344(1) 71234688477.274 -> 7.938e-03 5.861e-01
345(1) 92252324499.703 -> 1.284e-02 7.878e-01
346(1) 11929855630.800 -> 9.830e-03 6.172e-01
347(1) 49994008692.496 -> 1.411e-02 7.370e-01
348(1) 46803286557.431 -> 1.412e-02 7.195e-01
349(1) 40767007964.753 -> 3.021e-02 1.000e+00
350(1) 50603126970.629 -> 1.313e-02 6.851e-01
351(1) 18079903859.843 -> 1.846e-02 8.938e-01
352(1) 106158016871.556 -> 1.265e-02 7.000e-01
353(1) 27717533506.946 -> 1.466e-02 8.467e-01
354(1) 37193082930.789 -> 9.656e-03 6.368e-01
355(1) 32430171673.717 -> 3.448e-02 1.000e+00
356(1) 36887673747.532 -> 1.082e-02 6.538e-01
357(1) 25845494275.441 -> 1.054e-02 6.422e-01
358(1) 18217455158.281 -> 1.427e-02 7.554e-01
359(1) 26157413799.371 -> 2.115e-02 9.998e-01
360(1) 58309780708.265 -> 6.774e-03 4.972e-01
361(1) 21410937064.784 -> 1.369e-02 7.321e-01
362(1) 16857395273.338 -> 1.032e-02 6.216e-01
363(1) 25438808932.249 -> 1.618e-02 7.513e-01
364(1) 86408080233.521 -> 1.252e-02 6.764e-01
365(1) 42422753741.384 -> 4.003e-03 4.816e-01
366(1) 70675524224.891 -> 1.325e-02 6.622e-01
367(1) 59599529599.054 -> 1.196e-02 6.481e-01
368(1) 53551159850.039 -> 1.380e-02 7.682e-01
369(1) 84335230323.377 -> 2.587e-02 8.786e-01
370(1) 51976034057.885 -> 1.173e-02 7.604e-01
371(1) 80145561535.664 -> 5.185e-02 9.997e-01
372(1) 56368684447.982 -> 1.573e-02 8.223e-01
373(1) 20875775039.174 -> 1.726e-02 7.346e-01
374(1) 69677113665.202 -> 1.373e-02 7.310e-01
375(1) 18490572974.555 -> 1.336e-02 6.889e-01
376(1) 100535590951.739 -> 2.795e-02 8.337e-01
377(1) 42535692298.159 -> 9.366e-03 5.379e-01
378(1) 84446651737.557 -> 1.401e-02 6.939e-01
379(1) 30869297669.610 -> 1.033e-02 5.605e-01
380(1) 32982303723.425 -> 1.044e-02 6.220e-01
381(1) 77495830115.582 -> 1.208e-02 7.234e-01
382(1) 23104429602.705 -> 4.178e-02 1.000e+00
383(1) 16891121558.629 -> 1.096e-02 7.317e-01
384(1) 41052124338.285 -> 8.837e-03 5.970e-01
385(1) 88443966783.240 -> 1.067e-02 6.488e-01
386(1) 8471003906.779 -> 1.335e-02 7.872e-01
387(1) 50674550975.067 -> 1.998e-02 8.695e-01
388(1) 62355748810.842 -> 6.890e-03 4.890e-01
389(1) 33337382992.123 -> 1.550e-02 7.723e-01
390(1) 12228713262.746 -> 1.492e-02 8.244e-01
391(1) 48367903118.873 -> 1.909e-02 9.985e-01
392(1) 26565481256.515 -> 1.911e-02 8.179e-01
393(1) 41823391462.528 -> 1.598e-02 7.889e-01
394(1) 43334720288.992 -> 1.368e-02 6.651e-01
395(1) 11986937739.445 -> 1.565e-02 7.164e-01
396(1) 79786147669.202 -> 1.215e-02 7.066e-01
397(1) 129058721446.912 -> 3.692e-02 9.995e-01
398(1) 19597169589.796 -> 1.960e-02 9.942e-01
399(1) 12944558336.735 -> 2.035e-02 9.999e-01
400(1) 14705803487.075 -> 1.553e-02 8.156e-01
401(1) 41846849765.867 -> 1.993e-02 8.596e-01
402(1) 51144627706.775 -> 1.175e-02 7.210e-01
403(1) 83147769502.396 -> 3.231e-02 8.220e-01
404(1) 71231515096.759 -> 8.405e-03 5.935e-01
405(1) 76362866914.441 -> 2.164e-02 9.145e-01
406(1) 80790999096.320 -> 1.808e-02 6.581e-01
407(1) 22714693331.013 -> 9.828e-03 5.446e-01
408(1) 26507073333.162 -> 1.487e-02 8.687e-01
409(1) 149841312242.042 -> 2.573e-02 5.556e-01
410(1) 14027718057.335 -> 1.629e-02 8.001e-01
411(1) 15223487087.042 -> 2.087e-02 7.079e-01
412(1) 67315930438.374 -> 1.257e-02 7.340e-01
413(1) 80308515009.253 -> 1.438e-02 7.011e-01
414(1) 69006337016.815 -> 1.585e-02 8.566e-01
415(1) 32971814640.680 -> 1.280e-02 7.594e-01
416(1) 145311434078.311 -> 6.896e-03 4.180e-01
417(1) 47733638821.221 -> 1.440e-02 6.809e-01
418(1) 56428105480.169 -> 1.217e-02 7.244e-01
419(1) 16854914320.707 -> 7.481e-03 4.912e-01
420(1) 48633756867.987 -> 1.921e-02 9.992e-01
421(1) 15040879509.818 -> 1.498e-02 8.309e-01
422(1) 16088568037.517 -> 7.090e-03 5.114e-01
423(1) 25771728506.842 -> 1.765e-02 8.318e-01
424(1) 21674688422.625 -> 1.481e-02 8.296e-01
425(1) 72759471729.824 -> 1.557e-02 7.921e-01
426(1) 48903535514.582 -> 8.858e-03 5.703e-01
427(1) 70533876614.648 -> 1.518e-02 8.385e-01
428(1) 37972627755.025 -> 1.839e-02 9.559e-01
429(1) 59388846211.278 -> 1.499e-02 8.420e-01
430(1) 44704761338.531 -> 1.753e-02 8.863e-01
431(1) 51048824348.376 -> 1.712e-02 7.908e-01
432(1) 35628942693.142 -> 4.408e-02 9.999e-01
433(1) 52486499061.592 -> 1.695e-02 7.164e-01
434(1) 14856904330.150 -> 2.158e-02 9.351e-01
435(1) 29945347258.936 -> 8.026e-03 6.704e-01
436(1) 81306350295.921 -> 1.660e-02 8.187e-01
437(1) 51606030538.966 -> 4.009e-02 9.374e-01
438(1) 14917724078.802 -> 1.525e-02 8.143e-01
439(1) 35580806030.741 -> 6.463e-03 4.650e-01
440(1) 83878197604.845 -> 1.441e-02 7.550e-01
441(1) 25517077717.691 -> 1.058e-02 5.999e-01
442(1) 18978141776.331 -> 1.628e-02 7.231e-01
443(1) 62204014096.539 -> 1.603e-02 8.087e-01
444(1) 52902200662.253 -> 1.403e-02 6.644e-01
445(1) 82339571022.152 -> 6.553e-03 5.318e-01
446(1) 15316588529.758 -> 1.520e-02 8.654e-01
447(1) 58310387320.466 -> 1.235e-02 6.472e-01
448(1) 60626953269.647 -> 9.879e-03 5.116e-01
449(1) 35425525899.637 -> 2.503e-02 9.996e-01
450(1) 24949920799.427 -> 1.814e-02 6.558e-01
451(1) 14292270215.339 -> 1.129e-02 6.854e-01
452(1) 46022493327.056 -> 1.362e-02 6.780e-01
453(1) 12142829933.372 -> 1.811e-02 1.000e+00
454(1) 7207328974.679 -> 1.803e-02 8.395e-01
455(1) 31345864216.268 -> 1.819e-02 9.999e-01
456(1) 45072770141.833 -> 1.780e-02 8.194e-01
457(1) 75637028765.978 -> 8.518e-03 6.323e-01
458(1) 12084946657.698 -> 1.854e-02 8.195e-01
459(1) 96704031697.663 -> 1.352e-02 8.417e-01
460(1) 32312165201.632 -> 1.464e-02 8.234e-01
461(1) 102662875998.253 -> 2.657e-02 9.996e-01
462(1) 23410316574.973 -> 1.193e-02 7.516e-01
463(1) 31752275613.702 -> 9.657e-03 7.092e-01
464(1) 57829664531.067 -> 1.048e-02 6.161e-01
465(1) 61579953670.639 -> 8.547e-03 5.685e-01
466(1) 18407942731.613 -> 9.558e-03 5.975e-01
467(1) 17297081088.696 -> 1.543e-02 8.360e-01
468(1) 9319321158.282 -> 1.480e-02 8.003e-01
469(1) 56051475404.772 -> 1.210e-02 8.033e-01
470(1) 60985701020.915 -> 2.111e-02 5.735e-01
471(1) 29351931851.376 -> 7.479e-03 5.050e-01
472(1) 36630451875.975 -> 1.496e-02 8.220e-01
473(1) 61771660646.694 -> 4.200e-02 9.999e-01
474(1) 46486718799.088 -> 6.700e-03 5.210e-01
475(1) 29110679242.833 -> 1.611e-02 8.149e-01
476(1) 48820687130.677 -> 2.063e-02 6.562e-01
477(1) 58629830506.380 -> 2.320e-02 8.632e-01
478(1) 40309959365.576 -> 2.835e-02 9.999e-01
479(1) 26986111575.593 -> 1.843e-02 7.314e-01
480(1) 40185818978.648 -> 1.401e-02 7.594e-01
481(1) 40196116826.211 -> 3.194e-02 9.991e-01
482(1) 24179379954.596 -> 1.711e-02 7.670e-01
483(1) 68184378011.853 -> 1.323e-02 7.296e-01
484(1) 79041564475.838 -> 1.803e-02 9.778e-01
485(1) 49684743638.430 -> 1.461e-02 7.758e-01
486(1) 87967836907.621 -> 2.773e-02 1.000e+00
487(1) 57108221127.863 -> 1.322e-02 7.270e-01
488(1) 75516656926.567 -> 2.490e-02 6.764e-01
489(1) 17039375431.626 -> 2.077e-02 9.999e-01
490(1) 41120245364.133 -> 1.433e-02 7.358e-01
491(1) 75664827015.661 -> 9.081e-03 5.504e-01
492(1) 58526294976.500 -> 1.604e-02 5.356e-01
493(1) 39617368462.325 -> 1.581e-02 8.526e-01
494(1) 71749990340.854 -> 1.077e-02 5.820e-01
495(1) 78973581567.156 -> 2.816e-02 1.000e+00
496(1) 34161125133.306 -> 1.522e-02 7.590e-01
497(1) 6875795296.112 -> 1.331e-02 7.399e-01
498(1) 50784355186.060 -> 1.850e-02 8.603e-01
499(1) 63156343224.823 -> 1.625e-02 7.910e-01
500(1) 49370736247.969 -> 1.590e-02 7.913e-01
501(1) 24214847832.939 -> 2.230e-02 8.633e-01
502(1) 44187976231.877 -> 9.164e-03 5.960e-01
503(1) 47726217754.268 -> 1.512e-02 8.420e-01
504(1) 25955466441.971 -> 1.211e-02 7.267e-01
505(1) 81189233969.832 -> 1.261e-02 7.475e-01
506(1) 35509298588.192 -> 1.442e-02 8.103e-01
507(1) 56651978298.980 -> 9.104e-03 6.137e-01
508(1) 57267260401.146 -> 1.159e-02 8.108e-01
509(1) 57614296790.915 -> 6.606e-03 5.068e-01
510(1) 77084991658.357 -> 1.258e-02 7.550e-01
511(1) 56656925908.481 -> 1.642e-02 9.951e-01
512(1) 81911957146.778 -> 6.504e-03 4.847e-01
513(1) 84649578841.179 -> 1.256e-02 7.140e-01
514(1) 16857272006.925 -> 9.549e-03 6.139e-01
515(1) 78089763983.836 -> 1.314e-02 8.004e-01
516(1) 50791203910.286 -> 1.497e-02 6.642e-01
517(1) 14998519763.529 -> 1.531e-02 7.897e-01
518(1) 14520894599.388 -> 1.108e-02 6.137e-01
519(1) 30314976684.450 -> 2.808e-02 9.999e-01
520(1) 29950244057.414 -> 1.461e-02 7.691e-01
521(1) 11367565657.196 -> 8.704e-03 6.049e-01
522(1) 14397071537.207 -> 1.060e-02 7.717e-01
523(1) 3887372578.916 -> 1.339e-02 7.800e-01
524(1) 53278360238.855 -> 1.327e-02 7.915e-01
525(1) 96557143024.948 -> 6.919e-02 9.994e-01
526(1) 53594938414.948 -> 1.385e-02 7.803e-01
527(1) 22023317955.851 -> 1.225e-02 6.395e-01
528(1) 28555203040.337 -> 1.834e-02 8.097e-01
529(1) 32045389713.608 -> 1.604e-02 8.205e-01
530(1) 80399105929.439 -> 4.155e-02 1.000e+00
531(1) 50323437927.876 -> 1.441e-02 8.246e-01
532(1) 32249522764.368 -> 2.330e-02 9.551e-01
533(1) 32556313089.661 -> 2.546e-02 7.911e-01
534(1) 43314824587.935 -> 1.215e-02 6.884e-01
535(1) 12830473621.362 -> 7.734e-03 6.294e-01
536(1) 59345660662.684 -> 1.744e-02 9.990e-01
537(1) 23472513459.975 -> 1.886e-02 9.986e-01
538(1) 47362207315.358 -> 6.275e-03 4.100e-01
539(1) 82632576334.374 -> 2.384e-02 8.445e-01
540(1) 96785403346.182 -> 1.319e-02 7.414e-01
541(1) 47546710467.885 -> 7.710e-03 6.516e-01
542(1) 11402371335.208 -> 1.141e-02 6.524e-01
543(1) 16990485981.857 -> 1.250e-02 7.390e-01
544(1) 51714437108.486 -> 7.836e-03 5.511e-01
545(1) 20825640837.032 -> 9.390e-03 5.916e-01
546(1) 65886764162.818 -> 8.627e-03 6.517e-01
547(1) 43687424179.238 -> 1.242e-02 5.928e-01
548(1) 46008000025.035 -> 9.807e-03 7.167e-01
549(1) 23857231529.345 -> 1.098e-02 6.728e-01
550(1) 94726983550.645 -> 2.167e-02 6.691e-01
551(1) 68536585368.865 -> 1.538e-02 8.875e-01
552(1) 45606295692.203 -> 7.486e-03 5.161e-01
553(1) 54633820858.150 -> 1.274e-02 6.774e-01
554(1) 29090644561.119 -> 1.082e-02 7.622e-01
555(1) 32235130377.680 -> 2.159e-02 9.991e-01
556(1) 53110393017.119 -> 6.558e-03 5.312e-01
557(1) 27575484125.286 -> 2.404e-02 1.000e+00
558(1) 30642747218.212 -> 1.254e-02 6.618e-01
559(1) 48285250477.107 -> 1.624e-02 6.621e-01
560(1) 39936028218.204 -> 1.404e-02 8.057e-01
561(1) 46727087380.456 -> 3.109e-02 1.000e+00
562(1) 29343412735.698 -> 6.390e-03 4.184e-01
563(1) 46384052396.910 -> 2.101e-02 9.996e-01
564(1) 57830700115.044 -> 1.537e-02 7.934e-01
565(1) 79336974159.315 -> 2.077e-02 9.428e-01
566(1) 64983524136.417 -> 1.745e-02 8.808e-01
567(1) 43636825778.997 -> 2.049e-02 9.990e-01
568(1) 72868261890.049 -> 1.097e-02 6.947e-01
569(1) 72652744810.579 -> 1.371e-02 7.094e-01
570(1) 116326989448.904 -> 2.651e-02 9.891e-01
571(1) 28812592771.318 -> 2.653e-02 1.000e+00
572(1) 37648577477.445 -> 1.861e-02 9.844e-01
573(1) 18996135509.254 -> 1.111e-02 6.916e-01
574(1) 33319013484.287 -> 1.562e-02 8.111e-01
575(1) 62200314330.981 -> 1.444e-02 7.568e-01
576(1) 110418464735.114 -> 1.538e-02 7.864e-01
577(1) 24946910819.911 -> 5.397e-03 4.137e-01
578(1) 10913501144.769 -> 1.718e-02 9.215e-01
579(1) 12791707483.866 -> 1.193e-02 7.684e-01
580(1) 70258445127.526 -> 1.213e-02 6.363e-01
581(1) 63456482106.896 -> 3.335e-02 8.886e-01
582(1) 17529335772.380 -> 5.504e-03 4.104e-01
583(1) 74833275062.934 -> 1.920e-02 9.987e-01
584(1) 47272204386.599 -> 1.546e-02 6.607e-01
585(1) 104554594816.508 -> 1.150e-02 5.706e-01
586(1) 9863882575.257 -> 9.075e-03 5.687e-01
587(1) 17602084339.112 -> 1.992e-02 9.996e-01
588(1) 89996116471.951 -> 2.176e-02 7.572e-01
589(1) 107423427172.384 -> 1.566e-02 9.992e-01
590(1) 87069644921.243 -> 1.545e-02 9.019e-01
591(1) 80325917775.791 -> 3.845e-02 1.000e+00
592(1) 20819965744.409 -> 1.577e-02 8.619e-01
593(1) 73997767473.079 -> 1.135e-02 6.981e-01
594(1) 50653020046.636 -> 8.499e-03 6.616e-01
595(1) 93040857541.881 -> 5.143e-03 3.921e-01
596(1) 53727589421.017 -> 1.888e-02 9.785e-01
597(1) 34350822156.173 -> 9.429e-03 5.427e-01
598(1) 94605126663.234 -> 1.281e-02 7.416e-01
599(1) 38662179675.222 -> 1.536e-02 7.686e-01
600(1) 41895234587.244 -> 1.320e-02 7.091e-01
601(1) 53624587639.126 -> 1.655e-02 8.550e-01
602(1) 20378789830.914 -> 6.062e-03 5.574e-01
603(1) 15421732910.366 -> 1.030e-02 5.739e-01
604(1) 41826919053.086 -> 1.701e-02 8.999e-01
605(1) 7769970067.090 -> 1.014e-02 6.233e-01
606(1) 60405150859.938 -> 1.003e-02 6.436e-01
607(1) 22541038813.343 -> 1.773e-02 8.175e-01
608(1) 114081779633.171 -> 1.785e-02 9.983e-01
609(1) 20468430562.628 -> 1.122e-02 7.270e-01
610(1) 75124605648.516 -> 1.090e-02 6.406e-01
611(1) 67798887618.469 -> 2.115e-02 9.997e-01
612(1) 17503467200.032 -> 2.071e-02 8.248e-01
613(1) 77009407888.980 -> 2.393e-02 1.000e+00
614(1) 8902008592.182 -> 1.482e-02 7.633e-01
615(1) 74070056822.322 -> 2.137e-02 7.871e-01
616(1) 71883039405.764 -> 1.512e-02 7.629e-01
617(1) 25424523735.936 -> 1.694e-02 8.265e-01
618(1) 124158082870.379 -> 2.297e-02 9.426e-01
619(1) 69259543258.532 -> 4.134e-02 9.998e-01
620(1) 166080374551.790 -> 2.447e-02 9.998e-01
621(1) 50343241914.347 -> 1.340e-02 7.870e-01
622(1) 51698585836.901 -> 1.710e-02 8.379e-01
623(1) 51266240307.023 -> 1.688e-02 7.853e-01
624(1) 29976135445.056 -> 9.293e-03 5.309e-01
625(1) 75239983186.952 -> 1.471e-02 8.012e-01
626(1) 84747564855.800 -> 1.908e-02 8.140e-01
627(1) 113504441285.243 -> 1.079e-02 6.218e-01
628(1) 73391750414.244 -> 1.832e-02 8.538e-01
629(1) 44075366580.193 -> 1.154e-02 6.942e-01
630(1) 54017435590.004 -> 1.549e-02 8.396e-01
631(1) 55442140670.906 -> 1.907e-02 9.954e-01
632(1) 7463767210.506 -> 1.091e-02 6.361e-01
633(1) 27833787016.769 -> 1.309e-02 6.465e-01
634(1) 64913731378.681 -> 3.202e-02 9.995e-01
635(1) 73133426698.191 -> 1.775e-02 7.820e-01
636(1) 37026048625.103 -> 1.720e-02 7.982e-01
637(1) 110064658969.312 -> 1.533e-02 8.050e-01
638(1) 90284063501.494 -> 3.813e-02 9.994e-01
639(1) 33521027659.784 -> 1.632e-02 9.588e-01
640(1) 70215245092.397 -> 1.438e-02 7.614e-01
641(1) 53392243469.011 -> 1.051e-02 6.177e-01
642(1) 34182715470.518 -> 1.332e-02 7.467e-01
643(1) 62794316002.581 -> 1.161e-02 5.820e-01
644(1) 36528131417.743 -> 1.940e-02 9.101e-01
645(1) 42745832584.237 -> 1.378e-02 7.806e-01
646(1) 31160655832.149 -> 2.106e-02 9.014e-01
647(1) 49592410590.457 -> 1.132e-02 6.683e-01
648(1) 38519568349.355 -> 1.814e-02 7.889e-01
649(1) 89289770653.570 -> 1.172e-02 6.772e-01
650(1) 114858519744.466 -> 1.945e-02 9.959e-01
651(1) 27270992661.820 -> 1.179e-02 7.283e-01
652(1) 33558534501.069 -> 1.511e-02 6.378e-01
653(1) 44704635181.092 -> 1.190e-02 6.722e-01
654(1) 58491249846.069 -> 1.598e-02 7.943e-01
655(1) 50559532733.319 -> 1.834e-02 8.669e-01
656(1) 38948083274.675 -> 7.628e-03 5.255e-01
657(1) 28538774981.558 -> 1.044e-02 5.986e-01
658(1) 110231804539.218 -> 1.967e-02 7.511e-01
659(1) 21014203895.308 -> 2.193e-02 8.631e-01
660(1) 78172467677.966 -> 2.040e-02 9.980e-01
661(1) 52693206578.247 -> 1.240e-02 7.039e-01
662(1) 22314256060.499 -> 9.442e-03 6.008e-01
663(1) 81253519025.976 -> 1.425e-02 7.370e-01
664(1) 26226218951.004 -> 2.000e-02 9.994e-01
665(1) 11187039860.902 -> 1.503e-02 8.021e-01
666(1) 115054925867.152 -> 1.244e-02 6.341e-01
667(1) 33794481917.933 -> 9.818e-03 6.907e-01
668(1) 16554496551.465 -> 1.823e-02 8.851e-01
669(1) 56156690497.111 -> 1.814e-02 8.202e-01
670(1) 79065528683.772 -> 1.200e-02 6.469e-01
671(1) 36747236589.934 -> 1.117e-02 5.558e-01
672(1) 75836076035.815 -> 1.029e-02 6.570e-01
673(1) 88703122659.522 -> 1.323e-02 7.605e-01
674(1) 81433265574.141 -> 2.183e-02 7.489e-01
675(1) 76985846761.726 -> 9.013e-03 6.165e-01
676(1) 23362501276.358 -> 1.996e-02 9.998e-01
677(1) 42510908149.578 -> 1.722e-02 8.119e-01
678(1) 46376201769.134 -> 1.436e-02 7.522e-01
679(1) 65890456354.118 -> 5.294e-03 4.135e-01
680(1) 54868900527.010 -> 1.298e-02 9.243e-01
681(1) 72149185225.679 -> 1.107e-02 6.832e-01
682(1) 85522935860.173 -> 2.192e-02 6.848e-01
683(1) 35403836824.099 -> 2.165e-02 9.999e-01
684(1) 79300921450.311 -> 1.218e-02 7.306e-01
685(1) 72996908719.062 -> 5.070e-03 3.840e-01
686(1) 24221996813.818 -> 2.560e-02 1.000e+00
687(1) 40022997146.400 -> 1.626e-02 7.711e-01
688(1) 54475876688.401 -> 1.493e-02 7.077e-01
689(1) 20706548379.708 -> 8.085e-03 5.537e-01
690(1) 40381947835.621 -> 9.913e-03 5.678e-01
691(1) 56508923183.123 -> 1.065e-02 6.586e-01
692(1) 79624749557.720 -> 1.134e-02 6.389e-01
693(1) 57706872861.655 -> 1.155e-02 7.267e-01
694(1) 39690523242.706 -> 5.655e-02 9.974e-01
695(1) 27483375158.402 -> 4.550e-02 9.999e-01
696(1) 80392439695.269 -> 1.015e-02 5.833e-01
697(1) 53607967681.734 -> 1.717e-02 8.104e-01
698(1) 48916980608.133 -> 1.540e-02 8.443e-01
699(1) 41523703418.362 -> 4.414e-02 1.000e+00
700(1) 63811228047.809 -> 1.477e-02 6.929e-01
701(1) 65863408324.495 -> 1.115e-02 7.311e-01
702(1) 12896212738.086 -> 9.504e-03 6.599e-01
703(1) 29002051729.761 -> 8.220e-03 4.162e-01
704(1) 13741722277.774 -> 1.267e-02 7.003e-01
705(1) 88123796136.087 -> 3.465e-02 1.000e+00
706(1) 109849909408.839 -> 1.913e-02 8.223e-01
707(1) 44226199824.174 -> 3.454e-02 9.084e-01
708(1) 29869860180.091 -> 1.590e-02 9.985e-01
709(1) 52781196426.223 -> 1.281e-02 7.754e-01
710(1) 29702106139.057 -> 1.531e-02 7.660e-01
711(1) 51594274145.034 -> 1.483e-02 7.443e-01
712(1) 19918745344.118 -> 9.152e-03 4.259e-01
713(1) 18747251411.330 -> 6.955e-03 5.933e-01
714(1) 60950475636.781 -> 3.947e-02 9.998e-01
715(1) 67271748443.109 -> 8.591e-03 6.802e-01
716(1) 51511867831.416 -> 2.238e-02 9.995e-01
717(1) 63921928272.747 -> 2.464e-02 8.034e-01
718(1) 20591192917.063 -> 9.438e-03 6.555e-01
719(1) 90896833681.173 -> 9.252e-03 5.606e-01
720(1) 63004397703.569 -> 7.594e-03 5.816e-01
721(1) 46145739920.470 -> 1.297e-02 7.441e-01
722(1) 77788821198.740 -> 2.056e-02 7.861e-01
723(1) 42337649318.266 -> 3.085e-02 9.779e-01
724(1) 103204969976.944 -> 1.404e-02 7.908e-01
725(1) 22954625759.670 -> 1.581e-02 8.988e-01
726(1) 43846752270.877 -> 1.600e-02 8.085e-01
727(1) 15167953454.926 -> 1.803e-02 8.942e-01
728(1) 48938203275.681 -> 6.296e-03 5.373e-01
729(1) 99211582661.939 -> 5.542e-02 9.994e-01
730(1) 70884667697.542 -> 2.005e-02 9.994e-01
731(1) 82104237640.718 -> 1.205e-02 7.065e-01
732(1) 27252647599.226 -> 6.221e-03 4.255e-01
733(1) 15828986249.677 -> 1.149e-02 7.118e-01
734(1) 53930077630.979 -> 1.788e-02 7.862e-01
735(1) 39458860477.449 -> 1.586e-02 7.429e-01
736(1) 118981359423.849 -> 2.445e-02 7.561e-01
737(1) 25234621927.622 -> 1.612e-02 9.998e-01
738(1) 53705731622.160 -> 1.189e-02 6.529e-01
739(1) 21459407677.998 -> 4.285e-03 3.992e-01
740(1) 33180665665.578 -> 1.579e-02 8.853e-01
741(1) 17984329838.888 -> 1.312e-02 7.557e-01
742(1) 19465098346.266 -> 6.074e-03 4.262e-01
743(1) 21381514211.535 -> 1.930e-02 9.998e-01
744(1) 116083687093.961 -> 1.395e-02 7.630e-01
745(1) 73128562664.583 -> 1.350e-02 7.770e-01
746(1) 123624412169.955 -> 1.873e-02 7.142e-01
747(1) 69993674911.401 -> 1.179e-02 7.057e-01
748(1) 29736403898.291 -> 2.415e-02 9.998e-01
749(1) 118570341055.736 -> 7.701e-03 6.157e-01
750(1) 12239304186.686 -> 1.438e-02 8.167e-01
751(1) 21651718471.647 -> 1.281e-02 7.361e-01
752(1) 23278695571.591 -> 6.892e-03 4.192e-01
753(1) 58335197144.922 -> 1.691e-02 8.683e-01
754(1) 74501824041.927 -> 1.754e-02 8.968e-01
755(1) 23627107964.400 -> 1.558e-02 9.806e-01
756(1) 91454169602.722 -> 6.055e-03 4.194e-01
757(1) 16570255912.505 -> 1.204e-02 7.450e-01
758(1) 51697673636.060 -> 1.325e-02 6.351e-01
759(1) 172176362437.818 -> 1.409e-02 5.860e-01
760(1) 18056297340.209 -> 1.987e-02 1.000e+00
761(1) 170042955235.348 -> 8.734e-03 5.384e-01
762(1) 98632878282.943 -> 1.952e-02 8.695e-01
763(1) 23384101700.690 -> 9.963e-03 5.948e-01
764(1) 92727424493.364 -> 7.911e-03 5.525e-01
765(1) 107937124326.611 -> 3.717e-02 1.000e+00
766(1) 27530592913.373 -> 1.091e-02 7.839e-01
767(1) 65045951313.872 -> 1.671e-02 8.219e-01
768(1) 46464038285.864 -> 1.553e-02 8.040e-01
769(1) 7585079910.205 -> 6.957e-03 5.941e-01
770(1) 43828208379.636 -> 5.966e-03 4.138e-01
771(1) 70570103444.645 -> 1.421e-02 6.939e-01
772(1) 64616020868.309 -> 1.419e-02 7.993e-01
773(1) 22875260729.139 -> 1.594e-02 9.997e-01
774(1) 92386140688.379 -> 1.234e-02 7.168e-01
775(1) 65182862487.082 -> 2.164e-02 9.998e-01
776(1) 69664649837.559 -> 1.096e-02 6.862e-01
777(1) 20944399121.767 -> 1.726e-02 8.140e-01
778(1) 51241815005.598 -> 1.652e-02 9.409e-01
779(1) 37628651332.638 -> 2.313e-02 9.992e-01
780(1) 59190240639.652 -> 3.238e-02 1.000e+00
781(1) 22109529204.143 -> 9.169e-03 5.853e-01
782(1) 47407815272.659 -> 1.939e-02 7.839e-01
783(1) 49714787478.427 -> 2.694e-02 9.988e-01
784(1) 51383956057.755 -> 1.756e-02 8.602e-01
785(1) 19279970073.359 -> 1.268e-02 7.509e-01
786(1) 50945066356.383 -> 1.523e-02 8.008e-01
787(1) 62092450517.819 -> 7.087e-03 5.018e-01
788(1) 34787957671.044 -> 1.607e-02 9.286e-01
789(1) 117881119834.776 -> 1.059e-02 6.552e-01
790(1) 23513725886.846 -> 1.681e-02 8.589e-01
791(1) 71669889421.033 -> 1.632e-02 7.373e-01
792(1) 44152010525.886 -> 1.345e-02 7.439e-01
793(1) 47296898948.456 -> 1.485e-02 7.461e-01
794(1) 64618776213.580 -> 1.545e-02 7.287e-01
795(1) 53037616912.887 -> 1.566e-02 8.826e-01
796(1) 52774596138.571 -> 2.060e-02 9.728e-01
797(1) 9785654783.118 -> 1.659e-02 8.088e-01
798(1) 82744984505.925 -> 1.673e-02 8.667e-01
799(1) 41621522832.219 -> 5.733e-03 5.461e-01
800(1) 32569303763.938 -> 1.395e-02 8.227e-01
801(1) 85133593615.033 -> 2.431e-02 9.994e-01
802(1) 17266506216.641 -> 1.272e-02 6.389e-01
803(1) 54039684149.741 -> 5.699e-02 9.993e-01
804(1) 21859099307.361 -> 8.346e-03 5.279e-01
805(1) 67416077399.865 -> 1.631e-02 8.513e-01
806(1) 31143974295.670 -> 5.868e-03 4.143e-01
807(1) 60813861626.742 -> 2.787e-02 9.595e-01
808(1) 47857673735.862 -> 1.392e-02 7.172e-01
809(1) 33935670790.726 -> 1.907e-02 9.985e-01
810(1) 66058803263.515 -> 2.209e-02 9.994e-01
811(1) 48129756019.191 -> 3.723e-02 9.987e-01
812(1) 52882857221.879 -> 9.659e-03 6.483e-01
813(1) 59252034965.212 -> 1.218e-02 6.977e-01
814(1) 13266744540.275 -> 1.602e-02 7.890e-01
815(1) 94807967560.230 -> 2.672e-02 9.467e-01
816(1) 67727646110.074 -> 1.203e-02 7.486e-01
817(1) 40499948650.366 -> 1.750e-02 7.038e-01
818(1) 47951402408.244 -> 1.542e-02 8.181e-01
819(1) 52746083208.775 -> 3.804e-03 3.282e-01
820(1) 18479668081.270 -> 1.436e-02 7.787e-01
821(1) 18438165682.707 -> 8.810e-03 5.361e-01
822(1) 70447523368.026 -> 2.333e-02 9.996e-01
823(1) 25936157876.717 -> 1.582e-02 7.688e-01
824(1) 48420182708.251 -> 1.294e-02 7.325e-01
825(1) 73504376510.617 -> 1.853e-02 7.812e-01
826(1) 45291544873.120 -> 1.547e-02 7.739e-01
827(1) 18333928137.815 -> 6.550e-03 3.900e-01
828(1) 48990303561.336 -> 1.657e-02 8.063e-01
829(1) 35769427099.324 -> 3.406e-02 1.000e+00
830(1) 80448388506.429 -> 5.008e-02 1.000e+00
831(1) 34159790676.493 -> 2.799e-02 8.495e-01
832(1) 51749075852.394 -> 1.152e-02 7.183e-01
833(1) 37582418754.434 -> 1.777e-02 8.267e-01
834(1) 35471878835.668 -> 3.644e-02 1.000e+00
835(1) 117107388834.891 -> 1.248e-02 7.589e-01
836(1) 44184157983.925 -> 1.487e-02 7.635e-01
837(1) 112692604221.879 -> 1.365e-02 7.172e-01
838(1) 51245317154.867 -> 1.436e-02 7.162e-01
839(1) 102058844704.228 -> 1.046e-02 5.393e-01
840(1) 72832721445.751 -> 1.870e-02 9.976e-01
841(1) 18987939872.273 -> 1.577e-02 7.331e-01
842(1) 97379263257.540 -> 5.100e-02 1.000e+00
843(1) 100502455081.997 -> 1.388e-02 9.175e-01
844(1) 75546285116.150 -> 1.664e-02 7.830e-01
845(1) 47910866662.561 -> 9.700e-03 6.008e-01
846(1) 101012475756.664 -> 3.591e-02 9.121e-01
847(1) 22514907346.121 -> 1.357e-02 8.121e-01
848(1) 28920404519.031 -> 2.891e-02 9.256e-01
849(1) 91850630225.677 -> 1.322e-02 7.301e-01
850(1) 41026787089.985 -> 8.110e-03 5.196e-01
851(1) 25315954196.633 -> 1.265e-02 6.439e-01
852(1) 48726519701.657 -> 1.806e-02 8.417e-01
853(1) 82408861673.977 -> 1.178e-02 6.511e-01
854(1) 26852389411.815 -> 1.369e-02 7.370e-01
855(1) 68347215857.525 -> 5.712e-03 4.239e-01
856(1) 86201785042.322 -> 2.368e-02 8.868e-01
857(1) 154345765649.877 -> 3.131e-02 1.000e+00
858(1) 38083267524.265 -> 1.357e-02 7.948e-01
859(1) 40396012875.430 -> 1.133e-02 7.080e-01
860(1) 23201300198.287 -> 1.088e-02 6.954e-01
861(1) 54553237348.318 -> 5.591e-02 9.992e-01
862(1) 22347301327.384 -> 1.236e-02 6.606e-01
863(1) 20144373376.171 -> 1.311e-02 7.505e-01
864(1) 77962190212.591 -> 7.860e-03 5.498e-01
865(1) 20427879085.566 -> 9.874e-03 6.401e-01
866(1) 86831317612.729 -> 3.212e-02 9.422e-01
867(1) 29329565532.906 -> 1.530e-02 7.249e-01
868(1) 86660322752.322 -> 1.057e-02 7.170e-01
869(1) 50259248209.429 -> 6.802e-03 4.259e-01
870(1) 28354388177.387 -> 1.907e-02 9.988e-01
871(1) 60440228796.144 -> 1.134e-02 5.551e-01
872(1) 22497732861.674 -> 1.894e-02 9.437e-01
873(1) 80361458113.347 -> 1.768e-02 7.143e-01
874(1) 112348659031.824 -> 9.246e-03 5.865e-01
875(1) 57433215259.759 -> 1.788e-02 7.671e-01
876(1) 39339893134.354 -> 1.152e-02 7.216e-01
877(1) 17906521290.301 -> 2.106e-02 8.165e-01
878(1) 50020508888.083 -> 1.374e-02 7.562e-01
879(1) 157850351657.923 -> 1.279e-02 6.331e-01
880(1) 55452727088.383 -> 1.758e-02 8.233e-01
881(1) 146353799484.107 -> 2.929e-02 7.553e-01
882(1) 34559990297.522 -> 3.555e-02 9.996e-01
883(1) 51642362391.349 -> 1.706e-02 9.372e-01
884(1) 44427126482.058 -> 1.626e-02 8.492e-01
885(1) 51793263819.527 -> 7.375e-03 4.948e-01
886(1) 69059530072.032 -> 1.250e-02 6.628e-01
887(1) 44595966608.994 -> 1.193e-02 6.880e-01
888(1) 32738049911.139 -> 2.037e-02 1.000e+00
889(1) 84864551631.175 -> 1.306e-02 7.692e-01
890(1) 54362501429.537 -> 2.137e-02 8.678e-01
891(1) 53931058501.239 -> 1.346e-02 7.743e-01
892(1) 23427894949.699 -> 1.669e-02 7.780e-01
893(1) 23811685104.615 -> 5.007e-03 4.112e-01
894(1) 58489040643.444 -> 1.138e-02 6.607e-01
895(1) 68209467315.033 -> 1.310e-02 7.422e-01
896(1) 55717672441.822 -> 2.055e-02 9.994e-01
897(1) 12019634097.942 -> 1.249e-02 7.154e-01
898(1) 35184994140.548 -> 9.434e-03 5.963e-01
899(1) 30706905794.108 -> 1.271e-02 7.581e-01
900(1) 50196938047.139 -> 1.352e-02 6.964e-01
901(1) 47172068514.239 -> 1.062e-02 6.836e-01
902(1) 14294218672.444 -> 1.481e-02 7.489e-01
903(1) 103455708331.804 -> 1.218e-02 6.309e-01
904(1) 50080946663.201 -> 8.849e-03 6.117e-01
905(1) 73408657783.206 -> 5.647e-03 4.095e-01
906(1) 57842389705.310 -> 8.208e-03 5.107e-01
907(1) 121264739702.683 -> 3.888e-02 1.000e+00
908(1) 34199264266.926 -> 1.929e-02 8.090e-01
909(1) 71723613411.059 -> 1.251e-02 6.079e-01
910(1) 39559404012.287 -> 1.620e-02 9.998e-01
911(1) 8667074348.698 -> 1.097e-02 6.839e-01
912(1) 29698566725.198 -> 1.260e-02 6.055e-01
913(1) 30681403542.783 -> 1.918e-02 1.000e+00
914(1) 37336754674.975 -> 1.580e-02 7.952e-01
915(1) 42261224919.826 -> 9.941e-03 6.310e-01
916(1) 60350009672.994 -> 1.216e-02 7.031e-01
917(1) 45757353405.245 -> 1.715e-02 9.561e-01
918(1) 56585008207.675 -> 1.490e-02 7.834e-01
919(1) 23625042090.453 -> 9.958e-03 7.438e-01
920(1) 16150381118.932 -> 5.455e-03 4.178e-01
921(1) 15066681375.130 -> 1.576e-02 8.049e-01
922(1) 65337386236.572 -> 1.599e-02 8.618e-01
923(1) 11137258235.160 -> 1.353e-02 7.452e-01
924(1) 26612769947.606 -> 1.243e-02 6.534e-01
925(1) 57628926215.550 -> 1.176e-02 7.298e-01
926(1) 53232781662.909 -> 1.595e-02 8.358e-01
927(1) 60949164485.055 -> 1.332e-02 7.672e-01
928(1) 55690524663.870 -> 1.259e-02 6.862e-01
929(1) 41221058274.798 -> 2.524e-02 9.625e-01
930(1) 49998628832.921 -> 1.270e-02 7.227e-01
931(1) 93239110936.495 -> 1.428e-02 7.774e-01
932(1) 7016757278.676 -> 1.213e-02 7.551e-01
933(1) 57753120118.113 -> 9.151e-03 6.454e-01
934(1) 64684592113.228 -> 1.793e-02 8.835e-01
935(1) 108987721368.155 -> 3.876e-02 1.000e+00
936(1) 60870589831.750 -> 1.775e-02 7.332e-01
937(1) 77318696310.578 -> 1.376e-02 8.096e-01
938(1) 51907810548.479 -> 1.466e-02 6.603e-01
939(1) 39393768136.807 -> 2.733e-02 5.739e-01
940(1) 48715348361.469 -> 1.160e-02 6.735e-01
941(1) 35040970548.630 -> 1.309e-02 7.388e-01
942(1) 23604617884.271 -> 1.284e-02 6.355e-01
943(1) 125464477679.330 -> 1.281e-02 5.576e-01
944(1) 65725101707.436 -> 2.943e-02 9.245e-01
945(1) 16122352037.759 -> 1.344e-02 7.000e-01
946(1) 13372165207.419 -> 2.236e-02 8.476e-01
947(1) 37511489824.145 -> 2.664e-02 9.996e-01
948(1) 39808797123.210 -> 1.145e-02 6.800e-01
949(1) 32295979790.464 -> 4.452e-02 1.000e+00
950(1) 26134482351.583 -> 2.916e-02 1.000e+00
951(1) 26592699437.944 -> 1.112e-02 6.804e-01
952(1) 137733732073.353 -> 2.878e-02 9.953e-01
953(1) 19727056833.466 -> 2.053e-02 8.869e-01
954(1) 69088377904.991 -> 2.697e-02 9.327e-01
955(1) 78820924742.397 -> 7.306e-03 5.820e-01
956(1) 63664326851.484 -> 3.756e-02 1.000e+00
957(1) 76886386276.271 -> 3.901e-02 1.000e+00
958(1) 12059174559.420 -> 1.352e-02 7.947e-01
959(1) 65545803057.618 -> 1.415e-02 8.052e-01
960(1) 20396641093.074 -> 1.326e-02 6.047e-01
961(1) 47988753719.523 -> 1.008e-02 5.965e-01
962(1) 87891110891.825 -> 1.271e-02 6.471e-01
963(1) 52074183534.808 -> 1.236e-02 7.069e-01
964(1) 39974009496.129 -> 3.172e-02 8.246e-01
965(1) 19824132355.675 -> 1.673e-02 8.167e-01
966(1) 49054093068.976 -> 5.256e-03 3.973e-01
967(1) 83640884607.849 -> 3.904e-02 9.841e-01
968(1) 44495222585.565 -> 1.134e-02 7.059e-01
969(1) 16511144497.662 -> 9.918e-03 5.868e-01
970(1) 93638012339.649 -> 1.365e-02 5.755e-01
971(1) 50561587876.956 -> 2.571e-02 1.000e+00
972(1) 35311909962.983 -> 8.124e-03 5.296e-01
973(1) 28232879418.686 -> 1.227e-02 6.724e-01
974(1) 11791962471.831 -> 1.192e-02 6.986e-01
975(1) 76605873052.661 -> 1.189e-02 6.003e-01
976(1) 71090249009.670 -> 1.227e-02 4.605e-01
977(1) 52609969998.294 -> 2.117e-02 1.000e+00
978(1) 43816704565.535 -> 2.353e-02 1.000e+00
979(1) 48248765297.292 -> 1.330e-02 7.309e-01
980(1) 39201826645.965 -> 8.838e-03 6.073e-01
981(1) 60424946337.113 -> 2.654e-02 8.731e-01
982(1) 6852088892.344 -> 1.225e-02 7.849e-01
983(1) 56175894599.090 -> 3.468e-02 1.000e+00
984(1) 66537841138.357 -> 3.093e-02 1.000e+00
985(1) 74371338636.366 -> 2.877e-02 9.999e-01
986(1) 10801998796.436 -> 1.266e-02 7.272e-01
987(1) 49794648499.263 -> 8.503e-03 5.868e-01
988(1) 44777801962.186 -> 1.725e-02 9.214e-01
989(1) 79670877145.767 -> 1.896e-02 8.988e-01
990(1) 62630471843.329 -> 2.175e-02 8.376e-01
991(1) 43474562219.895 -> 1.508e-02 8.454e-01
992(1) 54978847387.834 -> 9.141e-03 7.117e-01
993(1) 39071950792.858 -> 2.490e-02 9.705e-01
994(1) 95484047964.471 -> 1.457e-02 7.327e-01
995(1) 48072465379.054 -> 1.259e-02 6.815e-01
996(1) 69690476658.004 -> 2.461e-02 6.913e-01
997(1) 20153493676.447 -> 1.591e-02 7.591e-01
998(1) 50269556475.660 -> 8.235e-03 6.968e-01
999(1) 69570800793.487 -> 1.663e-02 9.000e-01
1000(1) 48059372477.953 -> 1.682e-02 8.137e-01

# Non-parametric (median = 500th, lower=25th, upper=975th)
median = [ 0.0144074 0.756758]
Lower  = [ 0.00596632 0.418012]
Upper  = [ 0.0390394 1]
Bootstrap trials: trial(converged?) ssr -> params
1(1) 83267126395.38 -> 1.4737e-02 7.2322e-01
2(1) 20789631202.79 -> 1.5661e-02 8.5154e-01
3(1) 19792412611.24 -> 1.5997e-02 7.4348e-01
4(1) 18109827716.46 -> 2.2261e-02 8.8295e-01
5(1) 51350616250.58 -> 2.3586e-02 9.9028e-01
6(1) 115455409429.21 -> 1.6281e-02 7.4346e-01
7(1) 62970427063.65 -> 5.0420e-03 3.7887e-01
8(1) 18826133844.06 -> 8.2402e-03 6.0918e-01
9(1) 49946410394.68 -> 1.0501e-02 7.4756e-01
10(1) 28572895008.51 -> 1.2345e-02 7.1722e-01
11(1) 78416176607.75 -> 2.1600e-02 1.0000e+00
12(1) 20783271236.16 -> 1.9849e-02 9.9935e-01
13(1) 48208262451.71 -> 1.3285e-02 7.8215e-01
14(1) 22193576733.82 -> 1.6485e-02 7.4538e-01
15(1) 36726528778.57 -> 1.5055e-02 7.6643e-01
16(1) 18924080747.54 -> 1.1985e-02 6.7920e-01
17(1) 44763652202.55 -> 5.2977e-02 9.9967e-01
18(1) 14610030590.87 -> 1.1145e-02 6.2283e-01
19(1) 53606184228.38 -> 7.4516e-03 4.9953e-01
20(1) 51356714968.31 -> 8.5165e-03 5.2069e-01
21(1) 46799011084.63 -> 1.0825e-02 6.9125e-01
22(1) 55275891782.72 -> 1.2001e-02 6.2836e-01
23(1) 54231600990.35 -> 4.3189e-03 3.7297e-01
24(1) 17223790072.53 -> 9.5347e-03 7.4850e-01
25(1) 33426546210.68 -> 1.3681e-02 7.2555e-01
26(1) 71865807827.98 -> 1.1429e-02 6.9764e-01
27(1) 46896278274.50 -> 1.3858e-02 7.7410e-01
28(1) 46377672288.27 -> 1.8339e-02 8.1418e-01
29(1) 83681750987.52 -> 1.3117e-02 6.7811e-01
30(1) 74587793282.90 -> 9.8966e-03 5.6127e-01
31(1) 66716470363.25 -> 1.1867e-02 6.7076e-01
32(1) 33324423523.40 -> 1.0563e-02 6.4095e-01
33(1) 43099922080.44 -> 3.4302e-02 9.9997e-01
34(1) 66500290791.51 -> 6.9054e-03 5.1491e-01
35(1) 68559555304.92 -> 1.9153e-02 9.9745e-01
36(1) 21756552947.56 -> 1.7924e-02 9.7064e-01
37(1) 30371699684.36 -> 2.2217e-02 8.0781e-01
38(1) 56118265417.30 -> 1.9265e-02 8.9425e-01
39(1) 25576963668.30 -> 3.2447e-02 1.0000e+00
40(1) 46128644157.64 -> 9.5341e-03 5.3492e-01
41(1) 27094909778.42 -> 2.4192e-02 9.9991e-01
42(1) 22824293090.15 -> 1.8908e-02 9.9976e-01
43(1) 26645530655.47 -> 1.4018e-02 7.4624e-01
44(1) 31533872903.07 -> 1.8291e-02 8.6270e-01
45(1) 44043099732.58 -> 1.3090e-02 7.6887e-01
46(1) 51790277470.40 -> 1.5228e-02 7.7761e-01
47(1) 35838119103.26 -> 1.4236e-02 7.9971e-01
48(1) 28414747986.43 -> 1.5585e-02 8.0323e-01
49(1) 48562228261.36 -> 8.2052e-03 5.0149e-01
50(1) 78588891649.86 -> 1.5324e-02 8.1835e-01
51(1) 80625725628.79 -> 5.6535e-03 4.7890e-01
52(1) 72116934277.76 -> 9.1975e-03 5.2809e-01
53(1) 102067820548.23 -> 1.1526e-02 6.6310e-01
54(1) 34167793783.55 -> 1.1079e-02 7.4021e-01
55(1) 51287618691.53 -> 1.8317e-02 8.0162e-01
56(1) 28957012616.74 -> 9.8717e-03 6.0421e-01
57(1) 18439530814.13 -> 1.1677e-02 7.1355e-01
58(1) 19815907381.70 -> 1.6974e-02 7.8146e-01
59(1) 84045144527.69 -> 2.1270e-02 9.9944e-01
60(1) 30297058120.52 -> 1.1463e-02 6.7781e-01
61(1) 22585727258.39 -> 7.2778e-03 4.2473e-01
62(1) 41289386806.01 -> 1.6407e-02 9.1139e-01
63(1) 89802465018.96 -> 1.3977e-02 7.3021e-01
64(1) 42773468344.10 -> 8.2507e-03 5.2289e-01
65(1) 34743205810.85 -> 1.0274e-02 6.8311e-01
66(1) 59894274571.55 -> 1.9881e-02 7.3383e-01
67(1) 32946336223.11 -> 1.3468e-02 8.0520e-01
68(1) 24487149240.08 -> 1.8512e-02 7.3472e-01
69(1) 112366473056.73 -> 1.1347e-02 6.4455e-01
70(1) 55807134022.42 -> 1.0693e-02 6.7351e-01
71(1) 53339762759.73 -> 2.1637e-02 8.4264e-01
72(1) 39644668016.10 -> 1.7425e-02 9.2783e-01
73(1) 36440617674.98 -> 1.8591e-02 8.8729e-01
74(1) 19343650783.08 -> 1.6632e-02 8.5026e-01
75(1) 34011347676.53 -> 1.6910e-02 8.2625e-01
76(1) 108711178042.00 -> 9.1050e-03 5.4649e-01
77(1) 41462591444.04 -> 1.2552e-02 5.4386e-01
78(1) 52115234624.79 -> 1.7792e-02 8.9310e-01
79(1) 41795333187.48 -> 2.4460e-02 9.4768e-01
80(1) 53275416144.63 -> 1.0068e-02 6.0583e-01
81(1) 63825729247.88 -> 1.1573e-02 6.3591e-01
82(1) 25788021612.16 -> 1.1620e-02 7.0820e-01
83(1) 58182779357.35 -> 7.4469e-03 4.4184e-01
84(1) 81277181064.58 -> 1.1705e-02 6.5602e-01
85(1) 83919736354.39 -> 2.1395e-02 9.3007e-01
86(1) 23164038553.57 -> 2.2843e-02 1.0000e+00
87(1) 21282249799.68 -> 2.2449e-02 6.8966e-01
88(1) 56588653425.86 -> 1.4798e-02 9.9851e-01
89(1) 71346324456.10 -> 7.1694e-03 5.8312e-01
90(1) 91037543576.93 -> 9.8634e-03 6.8612e-01
91(1) 40633493111.05 -> 1.6282e-02 7.6980e-01
92(1) 26658375449.56 -> 1.9721e-02 9.9978e-01
93(1) 46264232188.52 -> 2.5552e-02 9.9998e-01
94(1) 16811816062.18 -> 1.0199e-02 6.1520e-01
95(1) 23818491034.38 -> 1.6719e-02 7.8598e-01
96(1) 34641376268.58 -> 1.1604e-02 7.3891e-01
97(1) 51458592220.46 -> 1.9221e-02 9.9788e-01
98(1) 24907843937.19 -> 2.0680e-02 9.9946e-01
99(1) 64270891864.87 -> 1.5096e-02 7.8599e-01
100(1) 26299356241.14 -> 1.0752e-02 6.9749e-01
101(1) 45506850623.30 -> 1.8438e-02 8.3474e-01
102(1) 33611709779.53 -> 1.2509e-02 7.3698e-01
103(1) 9072415936.38 -> 1.4194e-02 8.2733e-01
104(1) 31344710306.93 -> 8.1754e-03 5.7918e-01
105(1) 49179617292.75 -> 1.9062e-02 9.5900e-01
106(1) 127974367764.72 -> 1.0253e-02 6.1310e-01
107(1) 53681295166.33 -> 1.8001e-02 8.4387e-01
108(1) 50555951108.28 -> 1.2734e-02 6.9777e-01
109(1) 89825401535.85 -> 1.9687e-02 9.9463e-01
110(1) 84078621139.64 -> 9.7294e-03 6.3034e-01
111(1) 83732140632.60 -> 1.8851e-02 8.7041e-01
112(1) 43604885373.94 -> 1.9731e-02 9.9951e-01
113(1) 45112833748.08 -> 1.6950e-02 8.2590e-01
114(1) 47272424021.45 -> 1.4304e-02 8.0437e-01
115(1) 118030591634.70 -> 1.6157e-02 5.5736e-01
116(1) 50429535694.34 -> 9.3208e-03 6.4749e-01
117(1) 24320696143.48 -> 6.8292e-03 5.2177e-01
118(1) 80842418765.64 -> 3.7875e-02 9.9947e-01
119(1) 44585964933.98 -> 1.4646e-02 6.9323e-01
120(1) 102215107593.43 -> 1.9743e-02 9.9839e-01
121(1) 20270047090.32 -> 1.9177e-02 9.9992e-01
122(1) 58560041547.39 -> 1.4335e-02 6.9876e-01
123(1) 46953608151.53 -> 1.4739e-02 7.6317e-01
124(1) 78360443816.35 -> 1.8499e-02 9.4128e-01
125(1) 28322884044.32 -> 1.1554e-02 5.7885e-01
126(1) 27824686150.65 -> 2.0597e-02 9.4951e-01
127(1) 21243083101.76 -> 2.0409e-02 9.9976e-01
128(1) 74475791471.23 -> 1.3007e-02 7.4878e-01
129(1) 32346142084.88 -> 2.7686e-02 9.9166e-01
130(1) 23025574056.46 -> 9.7415e-03 5.6909e-01
131(1) 37950502778.09 -> 3.0736e-02 8.7729e-01
132(1) 32837467784.09 -> 2.3065e-02 9.9931e-01
133(1) 55021436333.51 -> 1.5375e-02 6.2514e-01
134(1) 63172444486.46 -> 2.2837e-02 9.9924e-01
135(1) 20589968176.82 -> 1.6313e-02 8.4243e-01
136(1) 35420385753.61 -> 1.9577e-02 8.7800e-01
137(1) 48218341533.92 -> 1.0897e-02 5.4809e-01
138(1) 77122961593.35 -> 1.1156e-02 6.4214e-01
139(1) 99860329561.49 -> 1.6073e-02 6.6734e-01
140(1) 86691914596.21 -> 1.2958e-02 7.7320e-01
141(1) 67689527790.15 -> 1.4194e-02 7.0968e-01
142(1) 71709645985.53 -> 1.2925e-02 6.1149e-01
143(1) 38207346395.47 -> 4.2475e-02 1.0000e+00
144(1) 19273002283.94 -> 1.0640e-02 6.6643e-01
145(1) 27245433204.06 -> 1.6694e-02 8.5320e-01
146(1) 40282009529.39 -> 1.9110e-02 7.1910e-01
147(1) 26678277839.85 -> 1.4277e-02 7.9583e-01
148(1) 82929443876.28 -> 5.3353e-03 3.9595e-01
149(1) 32840051440.88 -> 1.4667e-02 7.3644e-01
150(1) 23207914731.31 -> 1.0112e-02 5.8588e-01
151(1) 14732792409.96 -> 1.5684e-02 7.8010e-01
152(1) 24857182741.05 -> 1.9706e-02 8.2845e-01
153(1) 24235712430.10 -> 2.4572e-02 9.8725e-01
154(1) 23333486475.78 -> 1.0281e-02 6.1033e-01
155(1) 19085456612.11 -> 1.3626e-02 7.9283e-01
156(1) 16364410603.63 -> 1.2441e-02 7.6515e-01
157(1) 25531276855.57 -> 1.4529e-02 8.5098e-01
158(1) 41007251073.97 -> 1.2808e-02 7.1176e-01
159(1) 56428800808.11 -> 1.0149e-02 6.7823e-01
160(1) 33262876730.88 -> 8.5037e-03 6.4246e-01
161(1) 100076716992.52 -> 2.0324e-02 9.1958e-01
162(1) 36523066801.29 -> 5.0952e-02 9.9913e-01
163(1) 81896982789.83 -> 1.3695e-02 8.1683e-01
164(1) 113681804790.24 -> 9.4124e-03 5.7103e-01
165(1) 32251916510.03 -> 1.1125e-02 6.9944e-01
166(1) 32020269691.55 -> 1.1088e-02 6.7336e-01
167(1) 83455869796.42 -> 2.5047e-02 9.9991e-01
168(1) 48296223701.51 -> 8.4795e-03 5.2122e-01
169(1) 29564440631.54 -> 1.4655e-02 6.6681e-01
170(1) 40458660115.05 -> 1.8372e-02 8.4110e-01
171(1) 42684630436.63 -> 1.3815e-02 7.5494e-01
172(1) 44803992708.64 -> 2.0892e-02 8.8547e-01
173(1) 66321166414.50 -> 1.5513e-02 8.7968e-01
174(1) 17986013181.42 -> 1.5176e-02 8.0797e-01
175(1) 38391057395.71 -> 2.6605e-02 9.2330e-01
176(1) 33237604140.45 -> 3.1839e-02 9.4417e-01
177(1) 55768299640.34 -> 2.2236e-02 9.4426e-01
178(1) 17010526949.77 -> 1.1568e-02 6.7872e-01
179(1) 37672397484.76 -> 2.5455e-02 8.1120e-01
180(1) 69879263651.56 -> 8.8882e-03 5.5756e-01
181(1) 95710171247.00 -> 1.0634e-02 6.4766e-01
182(1) 71414115197.22 -> 3.6368e-02 8.5532e-01
183(1) 48223279151.01 -> 2.7419e-02 8.8215e-01
184(1) 19981401601.26 -> 9.6283e-03 7.1150e-01
185(1) 57111871682.35 -> 8.6908e-03 5.4688e-01
186(1) 33103404462.76 -> 7.2283e-03 5.1834e-01
187(1) 63649860014.64 -> 3.0800e-02 7.3090e-01
188(1) 33132769965.70 -> 9.1597e-03 5.7221e-01
189(1) 17439698318.56 -> 1.5154e-02 8.1247e-01
190(1) 53041746108.08 -> 2.3596e-02 9.9976e-01
191(1) 25204751216.80 -> 1.1882e-02 6.2827e-01
192(1) 17195229927.10 -> 8.6441e-03 5.2005e-01
193(1) 41073683589.26 -> 2.1317e-02 7.3405e-01
194(1) 50654398244.21 -> 3.2505e-02 1.0000e+00
195(1) 31382672810.90 -> 1.4856e-02 7.9911e-01
196(1) 58548506098.91 -> 1.4052e-02 7.1731e-01
197(1) 15107230153.25 -> 1.3259e-02 7.2409e-01
198(1) 29941030483.05 -> 1.4190e-02 8.1638e-01
199(1) 115135096985.88 -> 1.4186e-02 7.1439e-01
200(1) 66351162810.27 -> 3.8068e-02 9.9706e-01
201(1) 93086724187.36 -> 1.0799e-02 6.4659e-01
202(1) 67696943721.37 -> 1.5521e-02 7.4713e-01
203(1) 63160572122.98 -> 6.5854e-03 5.5625e-01
204(1) 61353292933.42 -> 2.0447e-02 9.3323e-01
205(1) 16190185629.84 -> 1.1211e-02 6.2417e-01
206(1) 10518279766.25 -> 1.4949e-02 7.8126e-01
207(1) 87518037153.81 -> 1.0865e-02 6.1080e-01
208(1) 19495963947.58 -> 1.8324e-02 9.2990e-01
209(1) 72142180925.15 -> 1.2522e-02 6.3561e-01
210(1) 113528602525.03 -> 1.2965e-02 7.5994e-01
211(1) 59219923024.24 -> 5.6020e-03 4.5096e-01
212(1) 79285619391.04 -> 8.2895e-03 5.5647e-01
213(1) 72717077566.42 -> 1.4703e-02 7.6366e-01
214(1) 57019515578.76 -> 1.6545e-02 9.3053e-01
215(1) 45056280505.52 -> 9.7016e-03 6.5760e-01
216(1) 54348276224.82 -> 1.5353e-02 8.3601e-01
217(1) 49905601565.18 -> 1.8503e-02 9.9425e-01
218(1) 12627394111.44 -> 1.9357e-02 9.9990e-01
219(1) 33747407305.75 -> 2.9547e-02 9.3477e-01
220(1) 43900869418.97 -> 1.4897e-02 8.3737e-01
221(1) 29442867990.01 -> 8.3989e-03 6.6068e-01
222(1) 36143698077.64 -> 1.4093e-02 7.0479e-01
223(1) 40017455307.48 -> 4.1127e-02 9.9987e-01
224(1) 31276732770.58 -> 9.9846e-03 7.8615e-01
225(1) 79515074167.86 -> 1.0277e-02 6.1037e-01
226(1) 20135768245.89 -> 1.5615e-02 8.1926e-01
227(1) 53452006693.55 -> 1.5056e-02 7.4809e-01
228(1) 93117633231.41 -> 1.4966e-02 6.8084e-01
229(1) 15760657365.14 -> 9.4087e-03 5.9167e-01
230(1) 51042004490.35 -> 1.7531e-02 8.4625e-01
231(1) 52781633719.76 -> 6.0450e-03 4.0023e-01
232(1) 113848013747.62 -> 1.0822e-02 5.4316e-01
233(1) 101605019880.56 -> 1.3143e-02 8.6375e-01
234(1) 86330445343.57 -> 1.0478e-02 6.1206e-01
235(1) 27151524614.94 -> 1.7252e-02 9.1001e-01
236(1) 149971028839.64 -> 4.5826e-02 1.0000e+00
237(1) 20787022072.40 -> 2.0046e-02 1.0000e+00
238(1) 60953031490.92 -> 1.7382e-02 8.2950e-01
239(1) 17834118523.22 -> 1.4929e-02 7.8478e-01
240(1) 97041991429.78 -> 2.2775e-02 8.9992e-01
241(1) 24850270617.89 -> 2.0942e-02 9.9975e-01
242(1) 80384377400.97 -> 1.3200e-02 7.6830e-01
243(1) 21684366161.27 -> 1.6939e-02 7.1035e-01
244(1) 10912920748.00 -> 1.3833e-02 7.2036e-01
245(1) 67458455161.59 -> 1.1482e-02 7.0916e-01
246(1) 30574138221.14 -> 1.1653e-02 7.4791e-01
247(1) 111265667309.88 -> 1.1169e-02 6.5474e-01
248(1) 23323575331.32 -> 9.8722e-03 6.1223e-01
249(1) 29537710136.92 -> 1.0914e-02 6.8805e-01
250(1) 17753457850.50 -> 1.3153e-02 7.4665e-01
251(1) 46581744261.90 -> 1.6181e-02 7.6072e-01
252(1) 21179828835.56 -> 1.8113e-02 8.3696e-01
253(1) 74235293314.28 -> 1.3881e-02 6.0562e-01
254(1) 55599250964.12 -> 1.8291e-02 7.7127e-01
255(1) 68575599594.01 -> 1.2011e-02 6.5121e-01
256(1) 79610892203.18 -> 1.1411e-02 5.7192e-01
257(1) 26899786834.84 -> 1.1611e-02 7.6944e-01
258(1) 50411445615.98 -> 9.3530e-03 5.1004e-01
259(1) 19840087939.18 -> 1.2096e-02 6.6892e-01
260(1) 38253297187.39 -> 3.1673e-02 1.0000e+00
261(1) 47386779183.86 -> 1.1308e-02 5.6255e-01
262(1) 76737539360.20 -> 8.4530e-03 5.5423e-01
263(1) 40470641587.02 -> 1.4131e-02 6.4925e-01
264(1) 20817496987.34 -> 1.7877e-02 9.9931e-01
265(1) 18094327501.56 -> 1.1368e-02 7.1881e-01
266(1) 7585854621.62 -> 1.5474e-02 8.3418e-01
267(1) 10606749580.79 -> 1.9300e-02 8.4764e-01
268(1) 74774512732.52 -> 4.9431e-03 4.0845e-01
269(1) 64653580941.89 -> 2.0903e-02 9.9963e-01
270(1) 48459857425.65 -> 7.6022e-03 4.9117e-01
271(1) 24059388672.24 -> 2.3875e-02 9.9989e-01
272(1) 47601058832.14 -> 1.4815e-02 7.1072e-01
273(1) 27657342549.31 -> 6.6010e-03 4.9921e-01
274(1) 46372951515.15 -> 4.7273e-03 3.8528e-01
275(1) 53719188458.26 -> 7.7714e-03 5.3593e-01
276(1) 66327806676.13 -> 4.3321e-02 9.9972e-01
277(1) 70831825946.93 -> 3.2240e-02 9.9995e-01
278(1) 82463237700.85 -> 1.2300e-02 6.7016e-01
279(1) 61063674732.31 -> 2.9711e-02 9.9990e-01
280(1) 49729651751.45 -> 3.0481e-02 1.0000e+00
281(1) 52861735561.43 -> 2.4558e-02 9.3392e-01
282(1) 58628720457.06 -> 1.6023e-02 7.4780e-01
283(1) 58061353228.24 -> 1.7970e-02 9.9920e-01
284(1) 9903092927.44 -> 1.6953e-02 9.6437e-01
285(1) 62002352543.47 -> 4.0555e-02 1.0000e+00
286(1) 76616893079.32 -> 9.6486e-03 7.4318e-01
287(1) 62449725201.81 -> 1.5275e-02 8.0645e-01
288(1) 47477446655.94 -> 3.4793e-02 9.3814e-01
289(1) 82807513409.25 -> 5.9948e-03 4.2611e-01
290(1) 100537101869.25 -> 9.9686e-03 6.0494e-01
291(1) 25353021062.61 -> 1.2667e-02 7.4453e-01
292(1) 11816985785.20 -> 1.0385e-02 6.2134e-01
293(1) 48798957977.86 -> 2.6285e-02 9.9943e-01
294(1) 162830702531.26 -> 6.8038e-03 4.8640e-01
295(1) 29839859487.84 -> 1.4851e-02 8.4446e-01
296(1) 28107402823.52 -> 1.6216e-02 8.8999e-01
297(1) 47484796540.33 -> 9.2632e-03 5.4554e-01
298(1) 17594240376.00 -> 1.3971e-02 7.7801e-01
299(1) 89726171912.01 -> 2.2028e-02 8.8162e-01
300(1) 107416734880.06 -> 1.3994e-02 8.1284e-01
301(1) 27481147154.12 -> 1.1104e-02 7.9618e-01
302(1) 57877868842.85 -> 1.1967e-02 7.3302e-01
303(1) 48708764666.71 -> 1.0287e-02 5.9965e-01
304(1) 19064039364.68 -> 1.9413e-02 9.3547e-01
305(1) 31255288413.15 -> 1.3269e-02 7.5372e-01
306(1) 102725796594.64 -> 4.5651e-03 5.0415e-01
307(1) 99918154628.09 -> 2.0507e-02 9.9858e-01
308(1) 39205754320.72 -> 4.4446e-03 3.9182e-01
309(1) 26355322925.30 -> 2.5370e-02 1.0000e+00
310(1) 46179480344.95 -> 7.1863e-03 5.0101e-01
311(1) 91617464676.01 -> 1.2454e-02 5.9130e-01
312(1) 23780481922.34 -> 1.4867e-02 8.4151e-01
313(1) 32540585258.23 -> 1.7428e-02 8.9968e-01
314(1) 42704636199.03 -> 1.3031e-02 7.0866e-01
315(1) 23098214355.29 -> 1.4041e-02 7.2851e-01
316(1) 58649879495.76 -> 1.7621e-02 7.8949e-01
317(1) 31766535973.09 -> 1.5238e-02 6.6580e-01
318(1) 30867286300.28 -> 1.8589e-02 8.4591e-01
319(1) 40319977593.95 -> 8.5585e-03 3.5326e-01
320(1) 54838699573.34 -> 3.8697e-02 9.9999e-01
321(1) 64036922898.33 -> 8.6512e-03 5.8805e-01
322(1) 51344796064.37 -> 1.0538e-02 6.8117e-01
323(1) 46830134879.30 -> 7.4440e-03 6.1433e-01
324(1) 51152162273.54 -> 1.1703e-02 6.6608e-01
325(1) 52731546751.39 -> 2.2973e-02 9.4252e-01
326(1) 4109804144.00 -> 1.4315e-02 7.9888e-01
327(1) 20706578518.80 -> 1.0020e-02 6.6024e-01
328(1) 97089855809.80 -> 3.0617e-02 9.7581e-01
329(1) 46580270210.81 -> 1.2089e-02 5.6106e-01
330(1) 45189197777.17 -> 1.7939e-02 7.8572e-01
331(1) 55453944957.98 -> 1.6373e-02 8.8048e-01
332(1) 56602814741.74 -> 9.4281e-03 6.2765e-01
333(1) 12636715139.40 -> 1.2474e-02 6.8825e-01
334(1) 41079412600.01 -> 2.2072e-02 1.0000e+00
335(1) 60995627174.19 -> 6.2089e-03 5.2634e-01
336(1) 67584799063.02 -> 1.5293e-02 7.7006e-01
337(1) 52447502530.33 -> 8.2059e-03 5.1372e-01
338(1) 80998546557.12 -> 1.2079e-02 7.5131e-01
339(1) 61705352087.54 -> 9.4395e-03 6.1985e-01
340(1) 21808256980.33 -> 1.8799e-02 9.1685e-01
341(1) 45783861598.95 -> 1.5683e-02 8.4132e-01
342(1) 34693997259.43 -> 1.8258e-02 7.7629e-01
343(1) 7769490144.35 -> 9.8081e-03 6.1493e-01
344(1) 71234688477.27 -> 7.9377e-03 5.8609e-01
345(1) 92252324499.70 -> 1.2844e-02 7.8778e-01
346(1) 11929855630.80 -> 9.8296e-03 6.1719e-01
347(1) 49994008692.50 -> 1.4111e-02 7.3704e-01
348(1) 46803286557.43 -> 1.4118e-02 7.1947e-01
349(1) 40767007964.75 -> 3.0207e-02 1.0000e+00
350(1) 50603126970.63 -> 1.3127e-02 6.8512e-01
351(1) 18079903859.84 -> 1.8455e-02 8.9377e-01
352(1) 106158016871.56 -> 1.2646e-02 6.9999e-01
353(1) 27717533506.95 -> 1.4663e-02 8.4674e-01
354(1) 37193082930.79 -> 9.6555e-03 6.3678e-01
355(1) 32430171673.72 -> 3.4478e-02 1.0000e+00
356(1) 36887673747.53 -> 1.0824e-02 6.5382e-01
357(1) 25845494275.44 -> 1.0544e-02 6.4218e-01
358(1) 18217455158.28 -> 1.4265e-02 7.5536e-01
359(1) 26157413799.37 -> 2.1148e-02 9.9975e-01
360(1) 58309780708.26 -> 6.7737e-03 4.9722e-01
361(1) 21410937064.78 -> 1.3693e-02 7.3213e-01
362(1) 16857395273.34 -> 1.0316e-02 6.2162e-01
363(1) 25438808932.25 -> 1.6181e-02 7.5130e-01
364(1) 86408080233.52 -> 1.2524e-02 6.7640e-01
365(1) 42422753741.38 -> 4.0033e-03 4.8160e-01
366(1) 70675524224.89 -> 1.3248e-02 6.6222e-01
367(1) 59599529599.05 -> 1.1957e-02 6.4810e-01
368(1) 53551159850.04 -> 1.3805e-02 7.6817e-01
369(1) 84335230323.38 -> 2.5873e-02 8.7863e-01
370(1) 51976034057.88 -> 1.1731e-02 7.6036e-01
371(1) 80145561535.66 -> 5.1852e-02 9.9967e-01
372(1) 56368684447.98 -> 1.5725e-02 8.2235e-01
373(1) 20875775039.17 -> 1.7263e-02 7.3456e-01
374(1) 69677113665.20 -> 1.3729e-02 7.3104e-01
375(1) 18490572974.55 -> 1.3359e-02 6.8895e-01
376(1) 100535590951.74 -> 2.7947e-02 8.3373e-01
377(1) 42535692298.16 -> 9.3664e-03 5.3792e-01
378(1) 84446651737.56 -> 1.4010e-02 6.9391e-01
379(1) 30869297669.61 -> 1.0331e-02 5.6053e-01
380(1) 32982303723.43 -> 1.0444e-02 6.2204e-01
381(1) 77495830115.58 -> 1.2082e-02 7.2345e-01
382(1) 23104429602.70 -> 4.1779e-02 1.0000e+00
383(1) 16891121558.63 -> 1.0958e-02 7.3173e-01
384(1) 41052124338.29 -> 8.8369e-03 5.9698e-01
385(1) 88443966783.24 -> 1.0670e-02 6.4880e-01
386(1) 8471003906.78 -> 1.3354e-02 7.8724e-01
387(1) 50674550975.07 -> 1.9977e-02 8.6947e-01
388(1) 62355748810.84 -> 6.8899e-03 4.8902e-01
389(1) 33337382992.12 -> 1.5504e-02 7.7228e-01
390(1) 12228713262.75 -> 1.4923e-02 8.2442e-01
391(1) 48367903118.87 -> 1.9094e-02 9.9854e-01
392(1) 26565481256.51 -> 1.9113e-02 8.1794e-01
393(1) 41823391462.53 -> 1.5984e-02 7.8895e-01
394(1) 43334720288.99 -> 1.3675e-02 6.6514e-01
395(1) 11986937739.44 -> 1.5648e-02 7.1636e-01
396(1) 79786147669.20 -> 1.2146e-02 7.0658e-01
397(1) 129058721446.91 -> 3.6920e-02 9.9950e-01
398(1) 19597169589.80 -> 1.9602e-02 9.9421e-01
399(1) 12944558336.73 -> 2.0350e-02 9.9987e-01
400(1) 14705803487.07 -> 1.5530e-02 8.1560e-01
401(1) 41846849765.87 -> 1.9927e-02 8.5962e-01
402(1) 51144627706.77 -> 1.1749e-02 7.2095e-01
403(1) 83147769502.40 -> 3.2310e-02 8.2203e-01
404(1) 71231515096.76 -> 8.4046e-03 5.9349e-01
405(1) 76362866914.44 -> 2.1641e-02 9.1454e-01
406(1) 80790999096.32 -> 1.8076e-02 6.5805e-01
407(1) 22714693331.01 -> 9.8278e-03 5.4464e-01
408(1) 26507073333.16 -> 1.4872e-02 8.6873e-01
409(1) 149841312242.04 -> 2.5727e-02 5.5564e-01
410(1) 14027718057.34 -> 1.6292e-02 8.0011e-01
411(1) 15223487087.04 -> 2.0867e-02 7.0793e-01
412(1) 67315930438.37 -> 1.2567e-02 7.3401e-01
413(1) 80308515009.25 -> 1.4381e-02 7.0105e-01
414(1) 69006337016.82 -> 1.5852e-02 8.5660e-01
415(1) 32971814640.68 -> 1.2803e-02 7.5935e-01
416(1) 145311434078.31 -> 6.8963e-03 4.1801e-01
417(1) 47733638821.22 -> 1.4396e-02 6.8091e-01
418(1) 56428105480.17 -> 1.2175e-02 7.2442e-01
419(1) 16854914320.71 -> 7.4814e-03 4.9115e-01
420(1) 48633756867.99 -> 1.9209e-02 9.9917e-01
421(1) 15040879509.82 -> 1.4983e-02 8.3088e-01
422(1) 16088568037.52 -> 7.0900e-03 5.1143e-01
423(1) 25771728506.84 -> 1.7651e-02 8.3185e-01
424(1) 21674688422.62 -> 1.4808e-02 8.2955e-01
425(1) 72759471729.82 -> 1.5568e-02 7.9214e-01
426(1) 48903535514.58 -> 8.8575e-03 5.7033e-01
427(1) 70533876614.65 -> 1.5181e-02 8.3846e-01
428(1) 37972627755.02 -> 1.8391e-02 9.5591e-01
429(1) 59388846211.28 -> 1.4993e-02 8.4201e-01
430(1) 44704761338.53 -> 1.7531e-02 8.8629e-01
431(1) 51048824348.38 -> 1.7125e-02 7.9076e-01
432(1) 35628942693.14 -> 4.4080e-02 9.9992e-01
433(1) 52486499061.59 -> 1.6950e-02 7.1636e-01
434(1) 14856904330.15 -> 2.1577e-02 9.3511e-01
435(1) 29945347258.94 -> 8.0259e-03 6.7040e-01
436(1) 81306350295.92 -> 1.6604e-02 8.1869e-01
437(1) 51606030538.97 -> 4.0093e-02 9.3745e-01
438(1) 14917724078.80 -> 1.5247e-02 8.1430e-01
439(1) 35580806030.74 -> 6.4629e-03 4.6504e-01
440(1) 83878197604.84 -> 1.4407e-02 7.5499e-01
441(1) 25517077717.69 -> 1.0578e-02 5.9988e-01
442(1) 18978141776.33 -> 1.6281e-02 7.2306e-01
443(1) 62204014096.54 -> 1.6031e-02 8.0865e-01
444(1) 52902200662.25 -> 1.4034e-02 6.6443e-01
445(1) 82339571022.15 -> 6.5534e-03 5.3177e-01
446(1) 15316588529.76 -> 1.5202e-02 8.6540e-01
447(1) 58310387320.47 -> 1.2348e-02 6.4716e-01
448(1) 60626953269.65 -> 9.8791e-03 5.1159e-01
449(1) 35425525899.64 -> 2.5029e-02 9.9959e-01
450(1) 24949920799.43 -> 1.8143e-02 6.5577e-01
451(1) 14292270215.34 -> 1.1293e-02 6.8535e-01
452(1) 46022493327.06 -> 1.3618e-02 6.7797e-01
453(1) 12142829933.37 -> 1.8113e-02 1.0000e+00
454(1) 7207328974.68 -> 1.8030e-02 8.3950e-01
455(1) 31345864216.27 -> 1.8188e-02 9.9991e-01
456(1) 45072770141.83 -> 1.7796e-02 8.1939e-01
457(1) 75637028765.98 -> 8.5184e-03 6.3231e-01
458(1) 12084946657.70 -> 1.8540e-02 8.1951e-01
459(1) 96704031697.66 -> 1.3517e-02 8.4165e-01
460(1) 32312165201.63 -> 1.4639e-02 8.2344e-01
461(1) 102662875998.25 -> 2.6565e-02 9.9958e-01
462(1) 23410316574.97 -> 1.1926e-02 7.5163e-01
463(1) 31752275613.70 -> 9.6566e-03 7.0915e-01
464(1) 57829664531.07 -> 1.0477e-02 6.1611e-01
465(1) 61579953670.64 -> 8.5468e-03 5.6848e-01
466(1) 18407942731.61 -> 9.5580e-03 5.9747e-01
467(1) 17297081088.70 -> 1.5433e-02 8.3602e-01
468(1) 9319321158.28 -> 1.4795e-02 8.0034e-01
469(1) 56051475404.77 -> 1.2098e-02 8.0331e-01
470(1) 60985701020.91 -> 2.1108e-02 5.7352e-01
471(1) 29351931851.38 -> 7.4788e-03 5.0502e-01
472(1) 36630451875.97 -> 1.4965e-02 8.2198e-01
473(1) 61771660646.69 -> 4.2001e-02 9.9995e-01
474(1) 46486718799.09 -> 6.7001e-03 5.2104e-01
475(1) 29110679242.83 -> 1.6109e-02 8.1492e-01
476(1) 48820687130.68 -> 2.0627e-02 6.5620e-01
477(1) 58629830506.38 -> 2.3196e-02 8.6316e-01
478(1) 40309959365.58 -> 2.8349e-02 9.9991e-01
479(1) 26986111575.59 -> 1.8434e-02 7.3140e-01
480(1) 40185818978.65 -> 1.4011e-02 7.5942e-01
481(1) 40196116826.21 -> 3.1938e-02 9.9906e-01
482(1) 24179379954.60 -> 1.7114e-02 7.6702e-01
483(1) 68184378011.85 -> 1.3232e-02 7.2957e-01
484(1) 79041564475.84 -> 1.8031e-02 9.7781e-01
485(1) 49684743638.43 -> 1.4607e-02 7.7576e-01
486(1) 87967836907.62 -> 2.7732e-02 1.0000e+00
487(1) 57108221127.86 -> 1.3216e-02 7.2699e-01
488(1) 75516656926.57 -> 2.4898e-02 6.7640e-01
489(1) 17039375431.63 -> 2.0769e-02 9.9993e-01
490(1) 41120245364.13 -> 1.4329e-02 7.3580e-01
491(1) 75664827015.66 -> 9.0811e-03 5.5042e-01
492(1) 58526294976.50 -> 1.6044e-02 5.3558e-01
493(1) 39617368462.33 -> 1.5805e-02 8.5262e-01
494(1) 71749990340.85 -> 1.0770e-02 5.8199e-01
495(1) 78973581567.16 -> 2.8158e-02 1.0000e+00
496(1) 34161125133.31 -> 1.5221e-02 7.5899e-01
497(1) 6875795296.11 -> 1.3305e-02 7.3989e-01
498(1) 50784355186.06 -> 1.8500e-02 8.6033e-01
499(1) 63156343224.82 -> 1.6246e-02 7.9097e-01
500(1) 49370736247.97 -> 1.5900e-02 7.9133e-01
501(1) 24214847832.94 -> 2.2304e-02 8.6334e-01
502(1) 44187976231.88 -> 9.1645e-03 5.9597e-01
503(1) 47726217754.27 -> 1.5119e-02 8.4205e-01
504(1) 25955466441.97 -> 1.2109e-02 7.2674e-01
505(1) 81189233969.83 -> 1.2612e-02 7.4754e-01
506(1) 35509298588.19 -> 1.4422e-02 8.1028e-01
507(1) 56651978298.98 -> 9.1040e-03 6.1370e-01
508(1) 57267260401.15 -> 1.1591e-02 8.1082e-01
509(1) 57614296790.92 -> 6.6060e-03 5.0680e-01
510(1) 77084991658.36 -> 1.2581e-02 7.5497e-01
511(1) 56656925908.48 -> 1.6423e-02 9.9512e-01
512(1) 81911957146.78 -> 6.5043e-03 4.8468e-01
513(1) 84649578841.18 -> 1.2561e-02 7.1403e-01
514(1) 16857272006.93 -> 9.5485e-03 6.1390e-01
515(1) 78089763983.84 -> 1.3143e-02 8.0036e-01
516(1) 50791203910.29 -> 1.4966e-02 6.6416e-01
517(1) 14998519763.53 -> 1.5312e-02 7.8968e-01
518(1) 14520894599.39 -> 1.1078e-02 6.1365e-01
519(1) 30314976684.45 -> 2.8075e-02 9.9988e-01
520(1) 29950244057.41 -> 1.4612e-02 7.6914e-01
521(1) 11367565657.20 -> 8.7045e-03 6.0489e-01
522(1) 14397071537.21 -> 1.0605e-02 7.7167e-01
523(1) 3887372578.92 -> 1.3394e-02 7.8000e-01
524(1) 53278360238.85 -> 1.3270e-02 7.9154e-01
525(1) 96557143024.95 -> 6.9195e-02 9.9941e-01
526(1) 53594938414.95 -> 1.3853e-02 7.8026e-01
527(1) 22023317955.85 -> 1.2254e-02 6.3953e-01
528(1) 28555203040.34 -> 1.8340e-02 8.0973e-01
529(1) 32045389713.61 -> 1.6045e-02 8.2053e-01
530(1) 80399105929.44 -> 4.1554e-02 9.9996e-01
531(1) 50323437927.88 -> 1.4411e-02 8.2461e-01
532(1) 32249522764.37 -> 2.3297e-02 9.5508e-01
533(1) 32556313089.66 -> 2.5458e-02 7.9110e-01
534(1) 43314824587.93 -> 1.2146e-02 6.8835e-01
535(1) 12830473621.36 -> 7.7337e-03 6.2944e-01
536(1) 59345660662.68 -> 1.7440e-02 9.9896e-01
537(1) 23472513459.97 -> 1.8864e-02 9.9856e-01
538(1) 47362207315.36 -> 6.2747e-03 4.1004e-01
539(1) 82632576334.37 -> 2.3843e-02 8.4453e-01
540(1) 96785403346.18 -> 1.3194e-02 7.4144e-01
541(1) 47546710467.88 -> 7.7103e-03 6.5155e-01
542(1) 11402371335.21 -> 1.1412e-02 6.5239e-01
543(1) 16990485981.86 -> 1.2496e-02 7.3902e-01
544(1) 51714437108.49 -> 7.8355e-03 5.5112e-01
545(1) 20825640837.03 -> 9.3897e-03 5.9158e-01
546(1) 65886764162.82 -> 8.6270e-03 6.5168e-01
547(1) 43687424179.24 -> 1.2425e-02 5.9282e-01
548(1) 46008000025.04 -> 9.8067e-03 7.1666e-01
549(1) 23857231529.35 -> 1.0977e-02 6.7282e-01
550(1) 94726983550.65 -> 2.1666e-02 6.6913e-01
551(1) 68536585368.87 -> 1.5380e-02 8.8754e-01
552(1) 45606295692.20 -> 7.4857e-03 5.1607e-01
553(1) 54633820858.15 -> 1.2736e-02 6.7737e-01
554(1) 29090644561.12 -> 1.0820e-02 7.6215e-01
555(1) 32235130377.68 -> 2.1591e-02 9.9914e-01
556(1) 53110393017.12 -> 6.5583e-03 5.3115e-01
557(1) 27575484125.29 -> 2.4041e-02 9.9999e-01
558(1) 30642747218.21 -> 1.2543e-02 6.6177e-01
559(1) 48285250477.11 -> 1.6239e-02 6.6208e-01
560(1) 39936028218.20 -> 1.4041e-02 8.0574e-01
561(1) 46727087380.46 -> 3.1089e-02 1.0000e+00
562(1) 29343412735.70 -> 6.3904e-03 4.1840e-01
563(1) 46384052396.91 -> 2.1009e-02 9.9960e-01
564(1) 57830700115.04 -> 1.5372e-02 7.9343e-01
565(1) 79336974159.31 -> 2.0769e-02 9.4282e-01
566(1) 64983524136.42 -> 1.7448e-02 8.8080e-01
567(1) 43636825779.00 -> 2.0488e-02 9.9899e-01
568(1) 72868261890.05 -> 1.0972e-02 6.9467e-01
569(1) 72652744810.58 -> 1.3713e-02 7.0943e-01
570(1) 116326989448.90 -> 2.6507e-02 9.8910e-01
571(1) 28812592771.32 -> 2.6535e-02 1.0000e+00
572(1) 37648577477.44 -> 1.8608e-02 9.8436e-01
573(1) 18996135509.25 -> 1.1107e-02 6.9159e-01
574(1) 33319013484.29 -> 1.5624e-02 8.1108e-01
575(1) 62200314330.98 -> 1.4436e-02 7.5676e-01
576(1) 110418464735.11 -> 1.5378e-02 7.8639e-01
577(1) 24946910819.91 -> 5.3969e-03 4.1369e-01
578(1) 10913501144.77 -> 1.7176e-02 9.2145e-01
579(1) 12791707483.87 -> 1.1929e-02 7.6843e-01
580(1) 70258445127.53 -> 1.2128e-02 6.3632e-01
581(1) 63456482106.90 -> 3.3348e-02 8.8860e-01
582(1) 17529335772.38 -> 5.5036e-03 4.1043e-01
583(1) 74833275062.93 -> 1.9198e-02 9.9872e-01
584(1) 47272204386.60 -> 1.5461e-02 6.6072e-01
585(1) 104554594816.51 -> 1.1498e-02 5.7055e-01
586(1) 9863882575.26 -> 9.0752e-03 5.6871e-01
587(1) 17602084339.11 -> 1.9921e-02 9.9958e-01
588(1) 89996116471.95 -> 2.1756e-02 7.5717e-01
589(1) 107423427172.38 -> 1.5663e-02 9.9918e-01
590(1) 87069644921.24 -> 1.5449e-02 9.0194e-01
591(1) 80325917775.79 -> 3.8449e-02 1.0000e+00
592(1) 20819965744.41 -> 1.5769e-02 8.6194e-01
593(1) 73997767473.08 -> 1.1348e-02 6.9813e-01
594(1) 50653020046.64 -> 8.4989e-03 6.6158e-01
595(1) 93040857541.88 -> 5.1434e-03 3.9208e-01
596(1) 53727589421.02 -> 1.8876e-02 9.7854e-01
597(1) 34350822156.17 -> 9.4294e-03 5.4265e-01
598(1) 94605126663.23 -> 1.2808e-02 7.4162e-01
599(1) 38662179675.22 -> 1.5362e-02 7.6858e-01
600(1) 41895234587.24 -> 1.3201e-02 7.0913e-01
601(1) 53624587639.13 -> 1.6549e-02 8.5502e-01
602(1) 20378789830.91 -> 6.0622e-03 5.5741e-01
603(1) 15421732910.37 -> 1.0304e-02 5.7390e-01
604(1) 41826919053.09 -> 1.7010e-02 8.9988e-01
605(1) 7769970067.09 -> 1.0141e-02 6.2325e-01
606(1) 60405150859.94 -> 1.0026e-02 6.4355e-01
607(1) 22541038813.34 -> 1.7729e-02 8.1748e-01
608(1) 114081779633.17 -> 1.7853e-02 9.9832e-01
609(1) 20468430562.63 -> 1.1225e-02 7.2702e-01
610(1) 75124605648.52 -> 1.0901e-02 6.4061e-01
611(1) 67798887618.47 -> 2.1149e-02 9.9971e-01
612(1) 17503467200.03 -> 2.0707e-02 8.2484e-01
613(1) 77009407888.98 -> 2.3929e-02 1.0000e+00
614(1) 8902008592.18 -> 1.4824e-02 7.6330e-01
615(1) 74070056822.32 -> 2.1367e-02 7.8705e-01
616(1) 71883039405.76 -> 1.5125e-02 7.6294e-01
617(1) 25424523735.94 -> 1.6939e-02 8.2653e-01
618(1) 124158082870.38 -> 2.2970e-02 9.4263e-01
619(1) 69259543258.53 -> 4.1338e-02 9.9981e-01
620(1) 166080374551.79 -> 2.4468e-02 9.9976e-01
621(1) 50343241914.35 -> 1.3401e-02 7.8702e-01
622(1) 51698585836.90 -> 1.7101e-02 8.3791e-01
623(1) 51266240307.02 -> 1.6885e-02 7.8531e-01
624(1) 29976135445.06 -> 9.2926e-03 5.3088e-01
625(1) 75239983186.95 -> 1.4708e-02 8.0116e-01
626(1) 84747564855.80 -> 1.9083e-02 8.1402e-01
627(1) 113504441285.24 -> 1.0788e-02 6.2184e-01
628(1) 73391750414.24 -> 1.8322e-02 8.5377e-01
629(1) 44075366580.19 -> 1.1540e-02 6.9424e-01
630(1) 54017435590.00 -> 1.5492e-02 8.3955e-01
631(1) 55442140670.91 -> 1.9066e-02 9.9536e-01
632(1) 7463767210.51 -> 1.0914e-02 6.3608e-01
633(1) 27833787016.77 -> 1.3091e-02 6.4651e-01
634(1) 64913731378.68 -> 3.2016e-02 9.9946e-01
635(1) 73133426698.19 -> 1.7752e-02 7.8202e-01
636(1) 37026048625.10 -> 1.7197e-02 7.9819e-01
637(1) 110064658969.31 -> 1.5329e-02 8.0505e-01
638(1) 90284063501.49 -> 3.8126e-02 9.9940e-01
639(1) 33521027659.78 -> 1.6321e-02 9.5880e-01
640(1) 70215245092.40 -> 1.4375e-02 7.6141e-01
641(1) 53392243469.01 -> 1.0512e-02 6.1768e-01
642(1) 34182715470.52 -> 1.3322e-02 7.4673e-01
643(1) 62794316002.58 -> 1.1611e-02 5.8196e-01
644(1) 36528131417.74 -> 1.9403e-02 9.1015e-01
645(1) 42745832584.24 -> 1.3777e-02 7.8056e-01
646(1) 31160655832.15 -> 2.1062e-02 9.0142e-01
647(1) 49592410590.46 -> 1.1316e-02 6.6830e-01
648(1) 38519568349.35 -> 1.8139e-02 7.8893e-01
649(1) 89289770653.57 -> 1.1715e-02 6.7719e-01
650(1) 114858519744.47 -> 1.9451e-02 9.9590e-01
651(1) 27270992661.82 -> 1.1793e-02 7.2832e-01
652(1) 33558534501.07 -> 1.5108e-02 6.3784e-01
653(1) 44704635181.09 -> 1.1897e-02 6.7225e-01
654(1) 58491249846.07 -> 1.5980e-02 7.9432e-01
655(1) 50559532733.32 -> 1.8340e-02 8.6694e-01
656(1) 38948083274.68 -> 7.6276e-03 5.2547e-01
657(1) 28538774981.56 -> 1.0438e-02 5.9864e-01
658(1) 110231804539.22 -> 1.9671e-02 7.5107e-01
659(1) 21014203895.31 -> 2.1928e-02 8.6310e-01
660(1) 78172467677.97 -> 2.0400e-02 9.9800e-01
661(1) 52693206578.25 -> 1.2400e-02 7.0391e-01
662(1) 22314256060.50 -> 9.4424e-03 6.0080e-01
663(1) 81253519025.98 -> 1.4254e-02 7.3696e-01
664(1) 26226218951.00 -> 2.0003e-02 9.9942e-01
665(1) 11187039860.90 -> 1.5035e-02 8.0212e-01
666(1) 115054925867.15 -> 1.2443e-02 6.3409e-01
667(1) 33794481917.93 -> 9.8179e-03 6.9074e-01
668(1) 16554496551.46 -> 1.8235e-02 8.8511e-01
669(1) 56156690497.11 -> 1.8143e-02 8.2016e-01
670(1) 79065528683.77 -> 1.2004e-02 6.4690e-01
671(1) 36747236589.93 -> 1.1174e-02 5.5576e-01
672(1) 75836076035.82 -> 1.0288e-02 6.5701e-01
673(1) 88703122659.52 -> 1.3226e-02 7.6046e-01
674(1) 81433265574.14 -> 2.1826e-02 7.4893e-01
675(1) 76985846761.73 -> 9.0128e-03 6.1655e-01
676(1) 23362501276.36 -> 1.9958e-02 9.9984e-01
677(1) 42510908149.58 -> 1.7225e-02 8.1188e-01
678(1) 46376201769.13 -> 1.4356e-02 7.5217e-01
679(1) 65890456354.12 -> 5.2935e-03 4.1347e-01
680(1) 54868900527.01 -> 1.2979e-02 9.2433e-01
681(1) 72149185225.68 -> 1.1066e-02 6.8322e-01
682(1) 85522935860.17 -> 2.1916e-02 6.8477e-01
683(1) 35403836824.10 -> 2.1651e-02 9.9986e-01
684(1) 79300921450.31 -> 1.2177e-02 7.3056e-01
685(1) 72996908719.06 -> 5.0698e-03 3.8395e-01
686(1) 24221996813.82 -> 2.5604e-02 9.9997e-01
687(1) 40022997146.40 -> 1.6257e-02 7.7109e-01
688(1) 54475876688.40 -> 1.4930e-02 7.0766e-01
689(1) 20706548379.71 -> 8.0855e-03 5.5372e-01
690(1) 40381947835.62 -> 9.9134e-03 5.6784e-01
691(1) 56508923183.12 -> 1.0652e-02 6.5859e-01
692(1) 79624749557.72 -> 1.1344e-02 6.3893e-01
693(1) 57706872861.65 -> 1.1549e-02 7.2665e-01
694(1) 39690523242.71 -> 5.6548e-02 9.9736e-01
695(1) 27483375158.40 -> 4.5504e-02 9.9991e-01
696(1) 80392439695.27 -> 1.0148e-02 5.8332e-01
697(1) 53607967681.73 -> 1.7166e-02 8.1044e-01
698(1) 48916980608.13 -> 1.5405e-02 8.4427e-01
699(1) 41523703418.36 -> 4.4143e-02 1.0000e+00
700(1) 63811228047.81 -> 1.4773e-02 6.9293e-01
701(1) 65863408324.49 -> 1.1146e-02 7.3115e-01
702(1) 12896212738.09 -> 9.5040e-03 6.5988e-01
703(1) 29002051729.76 -> 8.2195e-03 4.1615e-01
704(1) 13741722277.77 -> 1.2668e-02 7.0032e-01
705(1) 88123796136.09 -> 3.4648e-02 1.0000e+00
706(1) 109849909408.84 -> 1.9134e-02 8.2234e-01
707(1) 44226199824.17 -> 3.4535e-02 9.0839e-01
708(1) 29869860180.09 -> 1.5897e-02 9.9845e-01
709(1) 52781196426.22 -> 1.2811e-02 7.7540e-01
710(1) 29702106139.06 -> 1.5307e-02 7.6596e-01
711(1) 51594274145.03 -> 1.4827e-02 7.4430e-01
712(1) 19918745344.12 -> 9.1520e-03 4.2589e-01
713(1) 18747251411.33 -> 6.9546e-03 5.9327e-01
714(1) 60950475636.78 -> 3.9470e-02 9.9984e-01
715(1) 67271748443.11 -> 8.5908e-03 6.8023e-01
716(1) 51511867831.42 -> 2.2376e-02 9.9946e-01
717(1) 63921928272.75 -> 2.4640e-02 8.0340e-01
718(1) 20591192917.06 -> 9.4379e-03 6.5548e-01
719(1) 90896833681.17 -> 9.2518e-03 5.6061e-01
720(1) 63004397703.57 -> 7.5937e-03 5.8156e-01
721(1) 46145739920.47 -> 1.2970e-02 7.4413e-01
722(1) 77788821198.74 -> 2.0562e-02 7.8613e-01
723(1) 42337649318.27 -> 3.0849e-02 9.7792e-01
724(1) 103204969976.94 -> 1.4036e-02 7.9084e-01
725(1) 22954625759.67 -> 1.5809e-02 8.9878e-01
726(1) 43846752270.88 -> 1.5998e-02 8.0846e-01
727(1) 15167953454.93 -> 1.8030e-02 8.9421e-01
728(1) 48938203275.68 -> 6.2964e-03 5.3726e-01
729(1) 99211582661.94 -> 5.5420e-02 9.9943e-01
730(1) 70884667697.54 -> 2.0048e-02 9.9937e-01
731(1) 82104237640.72 -> 1.2049e-02 7.0646e-01
732(1) 27252647599.23 -> 6.2212e-03 4.2553e-01
733(1) 15828986249.68 -> 1.1488e-02 7.1176e-01
734(1) 53930077630.98 -> 1.7876e-02 7.8621e-01
735(1) 39458860477.45 -> 1.5858e-02 7.4286e-01
736(1) 118981359423.85 -> 2.4452e-02 7.5606e-01
737(1) 25234621927.62 -> 1.6120e-02 9.9980e-01
738(1) 53705731622.16 -> 1.1891e-02 6.5289e-01
739(1) 21459407678.00 -> 4.2851e-03 3.9917e-01
740(1) 33180665665.58 -> 1.5790e-02 8.8526e-01
741(1) 17984329838.89 -> 1.3123e-02 7.5575e-01
742(1) 19465098346.27 -> 6.0738e-03 4.2621e-01
743(1) 21381514211.54 -> 1.9304e-02 9.9983e-01
744(1) 116083687093.96 -> 1.3945e-02 7.6298e-01
745(1) 73128562664.58 -> 1.3497e-02 7.7697e-01
746(1) 123624412169.95 -> 1.8726e-02 7.1419e-01
747(1) 69993674911.40 -> 1.1794e-02 7.0570e-01
748(1) 29736403898.29 -> 2.4151e-02 9.9984e-01
749(1) 118570341055.74 -> 7.7006e-03 6.1567e-01
750(1) 12239304186.69 -> 1.4380e-02 8.1671e-01
751(1) 21651718471.65 -> 1.2813e-02 7.3611e-01
752(1) 23278695571.59 -> 6.8925e-03 4.1919e-01
753(1) 58335197144.92 -> 1.6912e-02 8.6829e-01
754(1) 74501824041.93 -> 1.7537e-02 8.9679e-01
755(1) 23627107964.40 -> 1.5581e-02 9.8062e-01
756(1) 91454169602.72 -> 6.0555e-03 4.1941e-01
757(1) 16570255912.50 -> 1.2037e-02 7.4500e-01
758(1) 51697673636.06 -> 1.3252e-02 6.3513e-01
759(1) 172176362437.82 -> 1.4093e-02 5.8603e-01
760(1) 18056297340.21 -> 1.9869e-02 9.9998e-01
761(1) 170042955235.35 -> 8.7336e-03 5.3845e-01
762(1) 98632878282.94 -> 1.9518e-02 8.6946e-01
763(1) 23384101700.69 -> 9.9625e-03 5.9481e-01
764(1) 92727424493.36 -> 7.9114e-03 5.5249e-01
765(1) 107937124326.61 -> 3.7171e-02 1.0000e+00
766(1) 27530592913.37 -> 1.0907e-02 7.8391e-01
767(1) 65045951313.87 -> 1.6706e-02 8.2190e-01
768(1) 46464038285.86 -> 1.5534e-02 8.0402e-01
769(1) 7585079910.21 -> 6.9572e-03 5.9411e-01
770(1) 43828208379.64 -> 5.9663e-03 4.1385e-01
771(1) 70570103444.65 -> 1.4211e-02 6.9390e-01
772(1) 64616020868.31 -> 1.4192e-02 7.9929e-01
773(1) 22875260729.14 -> 1.5940e-02 9.9967e-01
774(1) 92386140688.38 -> 1.2338e-02 7.1681e-01
775(1) 65182862487.08 -> 2.1643e-02 9.9982e-01
776(1) 69664649837.56 -> 1.0959e-02 6.8621e-01
777(1) 20944399121.77 -> 1.7258e-02 8.1397e-01
778(1) 51241815005.60 -> 1.6521e-02 9.4092e-01
779(1) 37628651332.64 -> 2.3128e-02 9.9923e-01
780(1) 59190240639.65 -> 3.2376e-02 1.0000e+00
781(1) 22109529204.14 -> 9.1688e-03 5.8532e-01
782(1) 47407815272.66 -> 1.9387e-02 7.8385e-01
783(1) 49714787478.43 -> 2.6938e-02 9.9881e-01
784(1) 51383956057.76 -> 1.7555e-02 8.6022e-01
785(1) 19279970073.36 -> 1.2682e-02 7.5093e-01
786(1) 50945066356.38 -> 1.5229e-02 8.0079e-01
787(1) 62092450517.82 -> 7.0874e-03 5.0177e-01
788(1) 34787957671.04 -> 1.6074e-02 9.2861e-01
789(1) 117881119834.78 -> 1.0590e-02 6.5518e-01
790(1) 23513725886.85 -> 1.6808e-02 8.5889e-01
791(1) 71669889421.03 -> 1.6324e-02 7.3730e-01
792(1) 44152010525.89 -> 1.3450e-02 7.4393e-01
793(1) 47296898948.46 -> 1.4850e-02 7.4608e-01
794(1) 64618776213.58 -> 1.5451e-02 7.2872e-01
795(1) 53037616912.89 -> 1.5658e-02 8.8258e-01
796(1) 52774596138.57 -> 2.0603e-02 9.7283e-01
797(1) 9785654783.12 -> 1.6590e-02 8.0885e-01
798(1) 82744984505.93 -> 1.6727e-02 8.6668e-01
799(1) 41621522832.22 -> 5.7330e-03 5.4614e-01
800(1) 32569303763.94 -> 1.3950e-02 8.2266e-01
801(1) 85133593615.03 -> 2.4306e-02 9.9937e-01
802(1) 17266506216.64 -> 1.2722e-02 6.3887e-01
803(1) 54039684149.74 -> 5.6993e-02 9.9927e-01
804(1) 21859099307.36 -> 8.3455e-03 5.2786e-01
805(1) 67416077399.87 -> 1.6306e-02 8.5133e-01
806(1) 31143974295.67 -> 5.8679e-03 4.1433e-01
807(1) 60813861626.74 -> 2.7873e-02 9.5946e-01
808(1) 47857673735.86 -> 1.3920e-02 7.1717e-01
809(1) 33935670790.73 -> 1.9069e-02 9.9846e-01
810(1) 66058803263.51 -> 2.2090e-02 9.9936e-01
811(1) 48129756019.19 -> 3.7230e-02 9.9867e-01
812(1) 52882857221.88 -> 9.6589e-03 6.4828e-01
813(1) 59252034965.21 -> 1.2184e-02 6.9770e-01
814(1) 13266744540.27 -> 1.6020e-02 7.8900e-01
815(1) 94807967560.23 -> 2.6718e-02 9.4665e-01
816(1) 67727646110.07 -> 1.2030e-02 7.4863e-01
817(1) 40499948650.37 -> 1.7502e-02 7.0378e-01
818(1) 47951402408.24 -> 1.5418e-02 8.1812e-01
819(1) 52746083208.77 -> 3.8044e-03 3.2821e-01
820(1) 18479668081.27 -> 1.4364e-02 7.7872e-01
821(1) 18438165682.71 -> 8.8097e-03 5.3614e-01
822(1) 70447523368.03 -> 2.3331e-02 9.9957e-01
823(1) 25936157876.72 -> 1.5815e-02 7.6879e-01
824(1) 48420182708.25 -> 1.2936e-02 7.3248e-01
825(1) 73504376510.62 -> 1.8534e-02 7.8121e-01
826(1) 45291544873.12 -> 1.5470e-02 7.7391e-01
827(1) 18333928137.82 -> 6.5503e-03 3.8999e-01
828(1) 48990303561.34 -> 1.6565e-02 8.0633e-01
829(1) 35769427099.32 -> 3.4059e-02 1.0000e+00
830(1) 80448388506.43 -> 5.0083e-02 1.0000e+00
831(1) 34159790676.49 -> 2.7992e-02 8.4947e-01
832(1) 51749075852.39 -> 1.1518e-02 7.1830e-01
833(1) 37582418754.43 -> 1.7771e-02 8.2666e-01
834(1) 35471878835.67 -> 3.6440e-02 1.0000e+00
835(1) 117107388834.89 -> 1.2485e-02 7.5895e-01
836(1) 44184157983.92 -> 1.4869e-02 7.6347e-01
837(1) 112692604221.88 -> 1.3646e-02 7.1717e-01
838(1) 51245317154.87 -> 1.4357e-02 7.1624e-01
839(1) 102058844704.23 -> 1.0457e-02 5.3934e-01
840(1) 72832721445.75 -> 1.8696e-02 9.9757e-01
841(1) 18987939872.27 -> 1.5773e-02 7.3309e-01
842(1) 97379263257.54 -> 5.1000e-02 1.0000e+00
843(1) 100502455082.00 -> 1.3879e-02 9.1748e-01
844(1) 75546285116.15 -> 1.6642e-02 7.8299e-01
845(1) 47910866662.56 -> 9.7001e-03 6.0076e-01
846(1) 101012475756.66 -> 3.5906e-02 9.1206e-01
847(1) 22514907346.12 -> 1.3569e-02 8.1207e-01
848(1) 28920404519.03 -> 2.8906e-02 9.2559e-01
849(1) 91850630225.68 -> 1.3216e-02 7.3007e-01
850(1) 41026787089.99 -> 8.1103e-03 5.1957e-01
851(1) 25315954196.63 -> 1.2647e-02 6.4394e-01
852(1) 48726519701.66 -> 1.8061e-02 8.4168e-01
853(1) 82408861673.98 -> 1.1776e-02 6.5114e-01
854(1) 26852389411.82 -> 1.3686e-02 7.3695e-01
855(1) 68347215857.52 -> 5.7121e-03 4.2388e-01
856(1) 86201785042.32 -> 2.3678e-02 8.8675e-01
857(1) 154345765649.88 -> 3.1313e-02 1.0000e+00
858(1) 38083267524.27 -> 1.3575e-02 7.9484e-01
859(1) 40396012875.43 -> 1.1330e-02 7.0803e-01
860(1) 23201300198.29 -> 1.0882e-02 6.9543e-01
861(1) 54553237348.32 -> 5.5907e-02 9.9918e-01
862(1) 22347301327.38 -> 1.2356e-02 6.6063e-01
863(1) 20144373376.17 -> 1.3109e-02 7.5047e-01
864(1) 77962190212.59 -> 7.8600e-03 5.4975e-01
865(1) 20427879085.57 -> 9.8737e-03 6.4011e-01
866(1) 86831317612.73 -> 3.2116e-02 9.4222e-01
867(1) 29329565532.91 -> 1.5300e-02 7.2485e-01
868(1) 86660322752.32 -> 1.0567e-02 7.1699e-01
869(1) 50259248209.43 -> 6.8023e-03 4.2594e-01
870(1) 28354388177.39 -> 1.9071e-02 9.9877e-01
871(1) 60440228796.14 -> 1.1343e-02 5.5511e-01
872(1) 22497732861.67 -> 1.8942e-02 9.4371e-01
873(1) 80361458113.35 -> 1.7685e-02 7.1431e-01
874(1) 112348659031.82 -> 9.2458e-03 5.8655e-01
875(1) 57433215259.76 -> 1.7881e-02 7.6707e-01
876(1) 39339893134.35 -> 1.1523e-02 7.2164e-01
877(1) 17906521290.30 -> 2.1059e-02 8.1649e-01
878(1) 50020508888.08 -> 1.3740e-02 7.5619e-01
879(1) 157850351657.92 -> 1.2786e-02 6.3312e-01
880(1) 55452727088.38 -> 1.7577e-02 8.2328e-01
881(1) 146353799484.11 -> 2.9291e-02 7.5535e-01
882(1) 34559990297.52 -> 3.5551e-02 9.9961e-01
883(1) 51642362391.35 -> 1.7063e-02 9.3724e-01
884(1) 44427126482.06 -> 1.6265e-02 8.4922e-01
885(1) 51793263819.53 -> 7.3749e-03 4.9481e-01
886(1) 69059530072.03 -> 1.2505e-02 6.6276e-01
887(1) 44595966608.99 -> 1.1926e-02 6.8799e-01
888(1) 32738049911.14 -> 2.0370e-02 1.0000e+00
889(1) 84864551631.17 -> 1.3058e-02 7.6921e-01
890(1) 54362501429.54 -> 2.1365e-02 8.6783e-01
891(1) 53931058501.24 -> 1.3458e-02 7.7434e-01
892(1) 23427894949.70 -> 1.6690e-02 7.7797e-01
893(1) 23811685104.62 -> 5.0075e-03 4.1121e-01
894(1) 58489040643.44 -> 1.1376e-02 6.6069e-01
895(1) 68209467315.03 -> 1.3099e-02 7.4216e-01
896(1) 55717672441.82 -> 2.0551e-02 9.9940e-01
897(1) 12019634097.94 -> 1.2490e-02 7.1537e-01
898(1) 35184994140.55 -> 9.4336e-03 5.9631e-01
899(1) 30706905794.11 -> 1.2710e-02 7.5812e-01
900(1) 50196938047.14 -> 1.3521e-02 6.9636e-01
901(1) 47172068514.24 -> 1.0620e-02 6.8361e-01
902(1) 14294218672.44 -> 1.4812e-02 7.4887e-01
903(1) 103455708331.80 -> 1.2184e-02 6.3089e-01
904(1) 50080946663.20 -> 8.8485e-03 6.1168e-01
905(1) 73408657783.21 -> 5.6472e-03 4.0947e-01
906(1) 57842389705.31 -> 8.2081e-03 5.1068e-01
907(1) 121264739702.68 -> 3.8882e-02 1.0000e+00
908(1) 34199264266.93 -> 1.9288e-02 8.0904e-01
909(1) 71723613411.06 -> 1.2509e-02 6.0790e-01
910(1) 39559404012.29 -> 1.6200e-02 9.9984e-01
911(1) 8667074348.70 -> 1.0971e-02 6.8386e-01
912(1) 29698566725.20 -> 1.2600e-02 6.0555e-01
913(1) 30681403542.78 -> 1.9184e-02 1.0000e+00
914(1) 37336754674.97 -> 1.5804e-02 7.9522e-01
915(1) 42261224919.83 -> 9.9414e-03 6.3100e-01
916(1) 60350009672.99 -> 1.2165e-02 7.0310e-01
917(1) 45757353405.24 -> 1.7146e-02 9.5613e-01
918(1) 56585008207.68 -> 1.4902e-02 7.8337e-01
919(1) 23625042090.45 -> 9.9578e-03 7.4376e-01
920(1) 16150381118.93 -> 5.4550e-03 4.1780e-01
921(1) 15066681375.13 -> 1.5761e-02 8.0493e-01
922(1) 65337386236.57 -> 1.5993e-02 8.6176e-01
923(1) 11137258235.16 -> 1.3530e-02 7.4522e-01
924(1) 26612769947.61 -> 1.2426e-02 6.5336e-01
925(1) 57628926215.55 -> 1.1765e-02 7.2979e-01
926(1) 53232781662.91 -> 1.5953e-02 8.3582e-01
927(1) 60949164485.06 -> 1.3317e-02 7.6716e-01
928(1) 55690524663.87 -> 1.2594e-02 6.8620e-01
929(1) 41221058274.80 -> 2.5241e-02 9.6254e-01
930(1) 49998628832.92 -> 1.2699e-02 7.2275e-01
931(1) 93239110936.49 -> 1.4278e-02 7.7742e-01
932(1) 7016757278.68 -> 1.2128e-02 7.5507e-01
933(1) 57753120118.11 -> 9.1506e-03 6.4539e-01
934(1) 64684592113.23 -> 1.7930e-02 8.8348e-01
935(1) 108987721368.16 -> 3.8763e-02 1.0000e+00
936(1) 60870589831.75 -> 1.7749e-02 7.3319e-01
937(1) 77318696310.58 -> 1.3755e-02 8.0963e-01
938(1) 51907810548.48 -> 1.4660e-02 6.6025e-01
939(1) 39393768136.81 -> 2.7329e-02 5.7393e-01
940(1) 48715348361.47 -> 1.1602e-02 6.7351e-01
941(1) 35040970548.63 -> 1.3087e-02 7.3884e-01
942(1) 23604617884.27 -> 1.2838e-02 6.3551e-01
943(1) 125464477679.33 -> 1.2814e-02 5.5759e-01
944(1) 65725101707.44 -> 2.9427e-02 9.2445e-01
945(1) 16122352037.76 -> 1.3439e-02 7.0003e-01
946(1) 13372165207.42 -> 2.2359e-02 8.4762e-01
947(1) 37511489824.14 -> 2.6644e-02 9.9960e-01
948(1) 39808797123.21 -> 1.1451e-02 6.7999e-01
949(1) 32295979790.46 -> 4.4524e-02 1.0000e+00
950(1) 26134482351.58 -> 2.9157e-02 1.0000e+00
951(1) 26592699437.94 -> 1.1120e-02 6.8042e-01
952(1) 137733732073.35 -> 2.8780e-02 9.9529e-01
953(1) 19727056833.47 -> 2.0529e-02 8.8690e-01
954(1) 69088377904.99 -> 2.6974e-02 9.3270e-01
955(1) 78820924742.40 -> 7.3062e-03 5.8201e-01
956(1) 63664326851.48 -> 3.7565e-02 1.0000e+00
957(1) 76886386276.27 -> 3.9005e-02 1.0000e+00
958(1) 12059174559.42 -> 1.3518e-02 7.9473e-01
959(1) 65545803057.62 -> 1.4151e-02 8.0518e-01
960(1) 20396641093.07 -> 1.3259e-02 6.0466e-01
961(1) 47988753719.52 -> 1.0078e-02 5.9654e-01
962(1) 87891110891.82 -> 1.2713e-02 6.4712e-01
963(1) 52074183534.81 -> 1.2362e-02 7.0693e-01
964(1) 39974009496.13 -> 3.1716e-02 8.2458e-01
965(1) 19824132355.67 -> 1.6731e-02 8.1665e-01
966(1) 49054093068.98 -> 5.2556e-03 3.9727e-01
967(1) 83640884607.85 -> 3.9039e-02 9.8415e-01
968(1) 44495222585.56 -> 1.1340e-02 7.0594e-01
969(1) 16511144497.66 -> 9.9181e-03 5.8676e-01
970(1) 93638012339.65 -> 1.3650e-02 5.7553e-01
971(1) 50561587876.96 -> 2.5710e-02 1.0000e+00
972(1) 35311909962.98 -> 8.1242e-03 5.2958e-01
973(1) 28232879418.69 -> 1.2266e-02 6.7238e-01
974(1) 11791962471.83 -> 1.1918e-02 6.9861e-01
975(1) 76605873052.66 -> 1.1887e-02 6.0027e-01
976(1) 71090249009.67 -> 1.2271e-02 4.6048e-01
977(1) 52609969998.29 -> 2.1170e-02 1.0000e+00
978(1) 43816704565.54 -> 2.3533e-02 1.0000e+00
979(1) 48248765297.29 -> 1.3303e-02 7.3092e-01
980(1) 39201826645.96 -> 8.8376e-03 6.0735e-01
981(1) 60424946337.11 -> 2.6541e-02 8.7313e-01
982(1) 6852088892.34 -> 1.2252e-02 7.8486e-01
983(1) 56175894599.09 -> 3.4675e-02 1.0000e+00
984(1) 66537841138.36 -> 3.0935e-02 1.0000e+00
985(1) 74371338636.37 -> 2.8770e-02 9.9993e-01
986(1) 10801998796.44 -> 1.2663e-02 7.2720e-01
987(1) 49794648499.26 -> 8.5025e-03 5.8676e-01
988(1) 44777801962.19 -> 1.7253e-02 9.2140e-01
989(1) 79670877145.77 -> 1.8958e-02 8.9879e-01
990(1) 62630471843.33 -> 2.1747e-02 8.3760e-01
991(1) 43474562219.90 -> 1.5083e-02 8.4541e-01
992(1) 54978847387.83 -> 9.1409e-03 7.1174e-01
993(1) 39071950792.86 -> 2.4904e-02 9.7047e-01
994(1) 95484047964.47 -> 1.4573e-02 7.3269e-01
995(1) 48072465379.05 -> 1.2594e-02 6.8147e-01
996(1) 69690476658.00 -> 2.4609e-02 6.9135e-01
997(1) 20153493676.45 -> 1.5908e-02 7.5913e-01
998(1) 50269556475.66 -> 8.2354e-03 6.9681e-01
999(1) 69570800793.49 -> 1.6625e-02 8.9998e-01
1000(1) 48059372477.95 -> 1.6817e-02 8.1372e-01
